1.478336
1.517491
1.517262
1.517727
1.555750
1.607393
1.647151
1.702805
1.734397
1.753055
1.760097
1.552415
1.550615
1.575481
1.556611
1.571476
1.583413
1.574062
1.595003
1.629260
1.622529
1.497181
1.518058
1.537927
1.524155
1.517227
1.525752
1.537392
1.528773
1.544262
1.555039
1.481578
1.491009
1.518473
1.507853
1.510422
1.509544
1.523370
1.529112
1.542971
1.545234
1.484347
1.492248
1.509638
1.518067
1.498525
1.514140
1.505893
1.495339
1.518946
1.524305
1.484979
1.489396
1.493126
1.487479
1.485320
1.484608
1.508948
1.483097
1.489999
1.489922
1.489285
1.513696
1.520624
1.509090
1.530853
1.517362
1.515672
1.501029
1.513046
1.518693
1.484197
1.497848
1.487712
1.484261
1.486495
1.480433
1.485267
1.504074
1.494137
1.499878
1.496758
1.488584
1.513724
1.506333
1.499131
1.505787
1.502901
1.511955
1.505479
1.500189
1.494703
1.505274
1.512106
1.503924
1.493803
1.497007
1.502445
1.498968
1.491547
1.505037
1.494138
1.490559
1.483708
1.493986
1.488394
1.484861
1.486153
1.490622
1.488760
1.484504
1.509474
1.504990
1.501617
1.503326
1.519272
1.520713
1.529462
1.509423
1.509814
1.521817
1.501721
1.494509
1.501763
1.500405
1.507456
1.480962
1.486039
1.513254
1.517291
1.501806
1.504829
1.495353
1.493783
1.497715
1.505143
1.500228
1.505775
1.503981
1.502478
1.500963
1.507940
1.523807
1.515633
1.517288
1.514474
1.509909
1.511395
1.513735
1.518864
1.506815
1.500123
1.489705
1.490665
1.501183
1.495869
1.510228
1.505746
1.498356
1.507889
1.499692
1.505998
1.510521
1.509027
1.505355
1.494614
1.521940
1.512140
1.508056
1.510117
1.527898
1.498860
1.503182
1.487269
1.498018
1.485418
1.502590
1.487069
1.478015
1.485702
1.491329
1.501066
1.498093
1.488652
1.497828
1.512834
1.517581
1.504636
1.498852
1.528363
1.524595
1.516060
1.505431
1.494318
1.503705
1.509080
1.522981
1.525899
1.505292
1.501510
1.503844
1.498025
1.499895
1.497137
1.493287
1.493997
1.488552
1.496229
1.498259
1.508861
1.499682
1.505014
1.501658
1.509412
1.503085
1.495203
1.497344
1.498858
1.485737
1.481761
1.471385
1.501187
1.515895
1.516488
1.496059
1.504197
1.487761
1.502254
1.507569
1.493793
1.493318
1.501354
1.506231
1.503036
1.504548
1.504676
1.511090
1.504278
1.500531
1.511722
1.508452
1.514561
1.503936
1.501308
1.522241
1.524834
1.512769
1.530407
1.524794
1.514955
1.512760
1.509970
1.518138
1.499327
1.503653
1.517851
1.499448
1.492566
1.508944
1.503492
1.514063
1.500465
1.489681
1.485325
1.490406
1.498447
1.503729
1.498713
1.490769
1.480661
1.503566
1.488819
1.502843
1.519805
1.497075
1.498131
1.506090
1.507619
1.500741
1.499500
1.495836
1.497363
1.511343
1.504590
1.482675
1.499106
1.489499
1.496396
1.480018
1.485641
1.487330
1.497727
1.496211
1.497683
1.489615
1.487387
1.505120
1.491310
1.498371
1.511516
1.505050
1.499528
1.508227
1.508286
1.513761
1.511656
1.509510
1.496294
1.511216
1.514521
1.502535
1.523776
1.530467
1.499244
1.487255
1.509504
1.525721
1.514475
1.522686
1.500146
1.492738
1.524923
1.514502
1.507350
1.510532
1.505343
1.515356
1.526715
1.502789
1.528334
1.519458
1.491166
1.496811
1.520715
1.504589
1.501969
1.503215
1.498036
1.512497
1.515634
1.510759
1.505450
1.512743
1.514608
1.510633
1.501368
1.499778
1.484544
1.494806
1.497578
1.504084
1.490554
1.482321
1.486354
1.498338
1.493025
1.499234
1.491728
1.491601
1.497493
1.484325
1.498682
1.495299
1.504861
1.483460
1.504913
1.510668
1.501734
1.506954
1.515313
1.502462
1.505982
1.511570
1.513449
1.508301
1.510582
1.502157
1.488775
1.500436
1.495753
1.508267
1.498445
1.478497
1.493076
1.485388
1.464484
1.479534
1.489201
1.496627
1.492491
1.491473
1.509893
1.500197
1.501760
1.506975
1.496122
1.481686
1.507457
1.502833
1.507604
1.502977
1.476371
1.495079
1.498755
1.490093
1.487542
1.507550
1.488338
1.488261
1.482257
1.482163
1.497164
1.508901
1.502029
1.481898
1.506153
1.510217
1.518644
1.500807
1.515210
1.509148
1.498922
1.507386
1.510298
1.500599
1.505964
1.494867
1.505812
1.498482
1.512892
1.517942
1.492351
1.502727
1.515285
1.503534
1.489094
1.500614
1.490596
1.476920
1.476039
1.491644
1.492150
1.495588
1.496870
1.492034
1.494811
1.488629
1.480831
1.482259
1.469007
1.504427
1.476779
1.464582
1.472673
1.474685
1.473081
1.479334
1.475499
1.470118
1.459098
1.463103
1.511988
1.508653
1.509356
1.500902
1.508724
1.513096
1.498181
1.516628
1.516957
1.500286
1.507944
1.501591
1.508495
1.501178
1.513492
1.501457
1.496010
1.500520
1.493414
1.494083
1.516316
1.503313
1.501328
1.500407
1.511786
1.514908
1.523222
1.531450
1.531404
1.522899
1.495014
1.502108
1.512520
1.511937
1.516257
1.504318
1.502239
1.510615
1.527218
1.514301
1.473941
1.477615
1.495836
1.508368
1.488715
1.492214
1.485240
1.498477
1.488299
1.493326
1.497017
1.495661
1.484779
1.497336
1.493336
1.480837
1.498322
1.488237
1.474576
1.476427
1.495136
1.505791
1.517781
1.501309
1.507889
1.515180
1.486492
1.494029
1.490781
1.505147
1.501436
1.485115
1.488602
1.496085
1.490886
1.513919
1.502277
1.499405
1.512573
1.520057
1.499120
1.496415
1.484988
1.487435
1.493850
1.494387
1.498890
1.489397
1.491073
1.477664
1.506548
1.522627
1.511801
1.536265
1.523400
1.523889
1.516785
1.517313
1.524657
1.517528
1.501410
1.503842
1.511131
1.506339
1.496805
1.492704
1.490426
1.486098
1.483780
1.478751
1.499405
1.501299
1.494081
1.493663
1.490865
1.501398
1.495171
1.484931
1.481293
1.496213
1.511288
1.512058
1.509203
1.504344
1.509304
1.514675
1.523808
1.526401
1.528591
1.526599
1.501343
1.512468
1.522765
1.501254
1.508533
1.522948
1.519909
1.506651
1.528635
1.512517
1.499491
1.510549
1.498222
1.491617
1.491134
1.491531
1.497911
1.486586
1.488620
1.497417
1.493430
1.476959
1.488246
1.488902
1.483534
1.467871
1.480667
1.478751
1.483037
1.480006
1.497527
1.505648
1.492698
1.501077
1.508333
1.499166
1.486207
1.493036
1.487220
1.496009
1.486546
1.493414
1.467870
1.469005
1.494496
1.498631
1.490205
1.499100
1.495312
1.496010
1.514576
1.519740
1.520854
1.508989
1.513411
1.517940
1.518602
1.517580
1.509308
1.497846
1.502288
1.528039
1.508557
1.511138
1.521506
1.530660
1.503272
1.515494
1.507403
1.523039
1.489730
1.496499
1.478188
1.495137
1.485898
1.493438
1.478819
1.475205
1.491602
1.494361
1.487096
1.496114
1.501215
1.491021
1.492493
1.487119
1.495710
1.502055
1.494249
1.498268
1.503071
1.504347
1.499224
1.499730
1.511162
1.489432
1.491337
1.504088
1.502181
1.511777
1.492019
1.502992
1.504972
1.504164
1.499714
1.494761
1.490598
1.483731
1.487043
1.482407
1.519781
1.488898
1.502146
1.495549
1.497250
1.509034
1.506915
1.501249
1.514292
1.501316
1.509103
1.528259
1.513289
1.508561
1.509877
1.519004
1.505826
1.517737
1.520880
1.510762
1.511962
1.504237
1.485063
1.474754
1.503861
1.489898
1.490819
1.499021
1.491129
1.489418
1.474349
1.484788
1.505407
1.497711
1.490244
1.484898
1.485488
1.491763
1.490625
1.496203
1.500288
1.476547
1.486875
1.488804
1.495788
1.497596
1.510870
1.497227
1.483515
1.478306
1.518463
1.519660
1.507178
1.509453
1.518310
1.525428
1.514686
1.525353
1.500927
1.517675
1.495965
1.499401
1.499473
1.495539
1.490043
1.496072
1.494071
1.508325
1.497821
1.500325
1.506772
1.513485
1.510959
1.513437
1.509848
1.495941
1.501688
1.501455
1.475710
1.493308
1.498499
1.504622
1.508769
1.499816
1.484042
1.507860
1.490407
1.496024
1.512152
1.500568
1.517436
1.507872
1.504457
1.496896
1.508014
1.501345
1.505546
1.507143
1.492460
1.492857
1.492724
1.505997
1.509004
1.503638
1.493582
1.504698
1.499487
1.511396
1.510548
1.510892
1.495693
1.499295
1.488839
1.485800
1.500868
1.510040
1.507207
1.505010
1.502701
1.517566
1.493455
1.502923
1.498464
1.491958
1.497215
1.496912
1.515743
1.486201
1.495946
1.503076
1.480172
1.468329
1.478118
1.490568
1.502485
1.485018
1.484342
1.473102
1.470416
1.472947
1.508356
1.510245
1.505905
1.510896
1.508183
1.497952
1.511562
1.528781
1.543101
1.501386
1.501099
1.507153
1.521464
1.514984
1.505534
1.505966
1.527313
1.525065
1.524169
1.509929
1.488025
1.497276
1.496573
1.501948
1.496341
1.493210
1.479897
1.484353
1.501318
1.496114
1.493342
1.482686
1.478536
1.499527
1.477182
1.492719
1.487139
1.495617
1.506641
1.498189
1.501972
1.492662
1.508635
1.508375
1.506487
1.494387
1.491437
1.490469
1.503770
1.486310
1.497867
1.495552
1.490957
1.503846
1.497925
1.494629
1.498603
1.498126
1.488476
1.485935
1.513965
1.528572
1.524018
1.505841
1.511432
1.522682
1.525730
1.531019
1.519792
1.521140
1.506898
1.497561
1.497932
1.506237
1.506531
1.504935
1.516017
1.513230
1.490080
1.528060
1.508371
1.485534
1.493065
1.502378
1.484616
1.497885
1.503932
1.486359
1.492043
1.505678
1.497169
1.505381
1.501744
1.504569
1.484368
1.510653
1.498620
1.491881
1.507411
1.501487
1.506410
1.492629
1.485136
1.506399
1.494122
1.498060
1.484901
1.492054
1.502763
1.492989
1.497895
1.507970
1.497790
1.494290
1.515380
1.516428
1.505955
1.502079
1.494654
1.486198
1.512266
1.528534
1.521081
1.503606
1.496002
1.506433
1.502124
1.505285
1.501840
1.505863
1.490471
1.480252
1.478778
1.491208
1.494933
1.502108
1.491149
1.484134
1.500176
1.496913
1.503944
1.505920
1.503174
1.500037
1.495992
1.507580
1.518671
1.506780
1.509449
1.509432
1.499560
1.519737
1.520612
1.502120
1.499739
1.500493
1.527933
1.511607
1.487239
1.483440
1.508905
1.510621
1.513569
1.514153
1.516983
1.513529
1.507652
1.486324
1.491616
1.497663
1.514682
1.508525
1.512583
1.496413
1.519782
1.528376
1.514670
1.519546
1.516461
1.517102
1.489582
1.493937
1.489557
1.493449
1.484050
1.500767
1.495834
1.492070
1.483916
1.478823
1.499995
1.502551
1.500719
1.484968
1.504334
1.488677
1.476753
1.478333
1.505048
1.491302
1.488427
1.484338
1.494656
1.509743
1.497823
1.482921
1.484551
1.497539
1.519013
1.512653
1.497398
1.498654
1.503983
1.501383
1.511894
1.507675
1.514066
1.504058
1.520766
1.522008
1.503426
1.502846
1.501327
1.489750
1.501272
1.512225
1.500650
1.477131
1.487384
1.507185
1.496615
1.489116
1.499492
1.496460
1.502388
1.487827
1.494897
1.491148
1.514157
1.494938
1.491437
1.497848
1.503139
1.524798
1.503967
1.498943
1.508325
1.506560
1.506996
1.492778
1.483447
1.477985
1.506550
1.508162
1.485622
1.482450
1.510543
1.512144
1.494589
1.496752
1.502629
1.499419
1.509279
1.512242
1.492613
1.494094
1.491869
1.501803
1.496574
1.505708
1.513384
1.512644
1.504718
1.509081
1.512271
1.497014
1.509053
1.521274
1.529985
1.519244
1.489230
1.502758
1.500679
1.482283
1.498257
1.504404
1.501824
1.504752
1.493193
1.480845
1.511711
1.518260
1.509958
1.519332
1.526749
1.519634
1.515560
1.536226
1.540675
1.526364
1.484292
1.483992
1.502881
1.497518
1.483603
1.479942
1.483776
1.481476
1.473541
1.478901
1.506602
1.492237
1.502033
1.502561
1.504320
1.495331
1.493204
1.483166
1.477418
1.495709
1.486288
1.499371
1.509388
1.502746
1.499815
1.507821
1.514894
1.517199
1.510091
1.506339
1.503450
1.498707
1.506582
1.501423
1.485918
1.484168
1.509812
1.512238
1.503273
1.500380
1.497045
1.500939
1.496727
1.504737
1.491729
1.496358
1.508525
1.492033
1.484549
1.496670
1.485152
1.480646
1.473566
1.498253
1.491598
1.478636
1.458719
1.479158
1.489557
1.484556
1.487491
1.489279
1.494675
1.516429
1.502174
1.492236
1.521737
1.508489
1.503440
1.500226
1.510132
1.513978
1.484541
1.483923
1.473905
1.482263
1.489428
1.482590
1.485817
1.489119
1.504318
1.502300
1.502128
1.494477
1.495103
1.511458
1.510137
1.498850
1.505488
1.511803
1.483778
1.496052
1.491280
1.514282
1.511002
1.514811
1.533301
1.530380
1.528087
1.544895
1.479340
1.498081
1.500058
1.496873
1.507666
1.499261
1.509255
1.501469
1.498895
1.492153
1.507383
1.495325
1.514030
1.515506
1.516127
1.518279
1.502474
1.506978
1.519159
1.510238
1.490910
1.490646
1.487623
1.473903
1.471769
1.480147
1.477783
1.467371
1.476618
1.475155
1.502621
1.496464
1.495894
1.508505
1.505553
1.509621
1.499892
1.501642
1.506564
1.508161
1.500109
1.512059
1.481501
1.484436
1.479600
1.483296
1.487246
1.492811
1.490222
1.467268
1.510662
1.505144
1.508036
1.516790
1.514578
1.494367
1.507103
1.511352
1.517590
1.515157
1.496006
1.512237
1.505280
1.505014
1.512020
1.522412
1.516067
1.513623
1.518553
1.505901
1.500033
1.500189
1.480567
1.498377
1.513077
1.495393
1.491400
1.493024
1.499272
1.483746
1.501054
1.512429
1.510521
1.519939
1.502909
1.511245
1.512453
1.486219
1.500021
1.497439
1.495761
1.490955
1.479736
1.478396
1.495213
1.502518
1.500061
1.505497
1.499945
1.489611
1.515881
1.499532
1.498394
1.493733
1.509776
1.493946
1.492368
1.500906
1.517267
1.489856
1.506600
1.505433
1.508580
1.495383
1.516710
1.511202
1.500217
1.506133
1.512142
1.514947
1.499085
1.510077
1.496804
1.502039
1.499012
1.498350
1.508710
1.500569
1.491754
1.495511
1.506496
1.519225
1.522255
1.515627
1.517123
1.512683
1.519170
1.515721
1.536578
1.532846
1.496996
1.505183
1.488457
1.495942
1.494813
1.507430
1.503570
1.502053
1.497242
1.494608
1.500794
1.516315
1.497040
1.516197
1.512143
1.513084
1.521422
1.508261
1.512749
1.521008
1.488429
1.498532
1.502216
1.501992
1.513442
1.488924
1.494734
1.503376
1.503817
1.496145
1.503365
1.493867
1.479842
1.487139
1.492911
1.496329
1.506392
1.490633
1.491696
1.476033
1.501361
1.501794
1.505237
1.502957
1.508737
1.514253
1.497798
1.488498
1.496575
1.498332
1.486905
1.501068
1.510385
1.515607
1.508003
1.519595
1.528935
1.522601
1.510663
1.518962
1.501239
1.489035
1.487203
1.503497
1.492151
1.475739
1.491957
1.497236
1.494898
1.489715
1.497519
1.497566
1.492650
1.505621
1.519420
1.501655
1.500361
1.495480
1.503276
1.509451
1.484579
1.493342
1.476864
1.486205
1.498251
1.490391
1.484933
1.475533
1.481843
1.483600
1.527431
1.491887
1.527322
1.519349
1.533618
1.513001
1.503453
1.500932
1.513656
1.524384
1.494945
1.489991
1.484931
1.489322
1.500850
1.501789
1.489442
1.488872
1.514573
1.507755
1.501699
1.498584
1.503912
1.498025
1.492604
1.492582
1.500998
1.514448
1.517138
1.511003
1.481099
1.494582
1.488067
1.485755
1.478083
1.477530
1.475451
1.474547
1.481040
1.488362
1.474094
1.462290
1.477341
1.478542
1.472255
1.498390
1.490797
1.485630
1.490409
1.484579
1.496639
1.499285
1.510085
1.503245
1.496432
1.503453
1.486949
1.492519
1.504795
1.506090
1.506873
1.508444
1.484797
1.507424
1.505376
1.510215
1.496928
1.499125
1.489048
1.488020
1.503291
1.514881
1.504558
1.493881
1.496058
1.497779
1.509423
1.508426
1.493384
1.497037
1.513119
1.498942
1.505038
1.497234
1.506687
1.524050
1.513058
1.518336
1.513043
1.529396
1.498662
1.518438
1.494356
1.501957
1.505080
1.495941
1.484308
1.503306
1.501290
1.494750
1.509188
1.506911
1.493111
1.498998
1.523823
1.508430
1.519050
1.514835
1.506296
1.512809
1.493868
1.493928
1.482839
1.486155
1.506377
1.498948
1.483839
1.496808
1.485433
1.477612
1.522456
1.503739
1.518064
1.519138
1.504942
1.514797
1.507987
1.511163
1.514892
1.509963
1.489841
1.505678
1.501791
1.508863
1.494787
1.505259
1.477989
1.495859
1.501254
1.495241
1.518683
1.524573
1.498693
1.504592
1.501858
1.507908
1.515563
1.524155
1.496901
1.501425
1.511389
1.504907
1.489157
1.482037
1.491020
1.489013
1.490343
1.477680
1.482145
1.490702
1.509790
1.500658
1.492337
1.493353
1.496847
1.508475
1.511015
1.502233
1.500586
1.513075
1.505028
1.490455
1.495633
1.490849
1.497300
1.509404
1.519486
1.514045
1.496026
1.500474
1.522556
1.500186
1.493599
1.500432
1.500193
1.512357
1.500255
1.501737
1.497822
1.494026
1.500390
1.493757
1.486511
1.492166
1.503467
1.486751
1.499992
1.495597
1.498740
1.493305
1.508435
1.515044
1.505893
1.493039
1.488423
1.487839
1.496465
1.501178
1.488976
1.498637
1.505977
1.494593
1.504419
1.503456
1.491298
1.486467
1.509935
1.506184
1.496208
1.477395
1.522155
1.511822
1.501992
1.507002
1.517413
1.503061
1.509252
1.508841
1.527167
1.512772
1.500414
1.516448
1.514256
1.497460
1.492930
1.488725
1.492877
1.508299
1.502865
1.495696
1.494941
1.504803
1.507944
1.512096
1.517192
1.518747
1.504470
1.509545
1.513303
1.497504
1.510642
1.504185
1.498212
1.492918
1.495115
1.505941
1.491963
1.503988
1.496519
1.507961
1.496720
1.500169
1.483749
1.497238
1.499063
1.495644
1.487325
1.486573
1.471425
1.489614
1.489923
1.489697
1.511578
1.506060
1.506994
1.516148
1.505799
1.507261
1.506268
1.517209
1.500589
1.487695
1.490080
1.519998
1.514602
1.501538
1.507526
1.514897
1.527462
1.515916
1.511370
1.492469
1.491044
1.505606
1.512682
1.491624
1.487285
1.477875
1.505731
1.505650
1.488338
1.498011
1.482655
1.495185
1.496699
1.493465
1.481293
1.488175
1.479184
1.485111
1.502230
1.500500
1.506683
1.484098
1.501915
1.488143
1.489574
1.477976
1.479722
1.473885
1.503019
1.499412
1.516839
1.513080
1.494975
1.497065
1.512020
1.502104
1.499201
1.509256
1.493143
1.490156
1.506765
1.507178
1.497999
1.484206
1.495762
1.502869
1.500241
1.503119
1.517987
1.504043
1.504313
1.506788
1.499825
1.509434
1.509508
1.500461
1.516896
1.498811
1.507928
1.484437
1.499957
1.499632
1.497806
1.501870
1.497281
1.468703
1.492445
1.490889
1.505366
1.516843
1.507621
1.488817
1.504953
1.506764
1.521494
1.497681
1.485802
1.499618
1.509046
1.513954
1.495267
1.505409
1.487136
1.498610
1.494669
1.502947
1.494543
1.507644
1.505329
1.508106
1.503128
1.503657
1.486075
1.495861
1.502243
1.485727
1.497015
1.502398
1.487910
1.480619
1.484899
1.490970
1.507725
1.504571
1.500576
1.493377
1.493726
1.496730
1.493270
1.503274
1.513603
1.518839
1.495686
1.505396
1.495372
1.514772
1.491173
1.497359
1.507901
1.506162
1.496108
1.512055
1.514118
1.490389
1.498912
1.491766
1.492676
1.502563
1.488186
1.492892
1.503431
1.497869
1.483896
1.493156
1.495587
1.487716
1.501558
1.503444
1.496584
1.495321
1.514286
1.508566
1.510099
1.507609
1.517901
1.518628
1.520292
1.522195
1.495766
1.489583
1.494001
1.497561
1.493346
1.484965
1.490692
1.487135
1.475348
1.485501
1.501864
1.503015
1.499836
1.482216
1.499056
1.498914
1.503752
1.508680
1.498335
1.485878
1.507288
1.504065
1.506442
1.507985
1.506692
1.506543
1.500370
1.503678
1.493904
1.515416
1.515478
1.501432
1.496812
1.500382
1.485325
1.513670
1.493148
1.490469
1.499437
1.505955
1.489817
1.494805
1.486150
1.484519
1.492336
1.490155
1.474972
1.469223
1.472467
1.476334
1.493675
1.490982
1.487950
1.489770
1.485346
1.503615
1.495299
1.490018
1.494203
1.505240
1.483319
1.476367
1.504087
1.496837
1.505230
1.487994
1.499956
1.502336
1.504575
1.485924
1.519717
1.500711
1.496440
1.499833
1.506861
1.495564
1.509370
1.488536
1.500610
1.492206
1.489689
1.503314
1.512611
1.511485
1.517529
1.512394
1.520156
1.515066
1.503892
