-1.039928
-1.054842
-1.063067
-1.063836
-1.089386
-1.145692
-1.204777
-1.235006
-1.262100
-1.301869
-1.308401
-1.357669
-1.367285
-1.366769
-1.369806
-1.389468
-1.400221
-1.406417
-1.405808
-1.414561
-1.418661
-1.445329
-1.436746
-1.432184
-1.437699
-1.468215
-1.460905
-1.457397
-1.462993
-1.468326
-1.462799
-1.475607
-1.490655
-1.478992
-1.485217
-1.482650
-1.486931
-1.489925
-1.506824
-1.520358
-1.511362
-1.502061
-1.501900
-1.503088
-1.508885
-1.503451
-1.512721
-1.524245
-1.527772
-1.517414
-1.508194
-1.515779
-1.522747
-1.547641
-1.541636
-1.522831
-1.527190
-1.529205
-1.537084
-1.557169
-1.566135
-1.551096
-1.564659
-1.567598
-1.569435
-1.572651
-1.563856
-1.573809
-1.581492
-1.592532
-1.589515
-1.588709
-1.599712
-1.600727
-1.595807
-1.593567
-1.599227
-1.606138
-1.603462
-1.597710
-1.599853
-1.599830
-1.607984
-1.605227
-1.596734
-1.593455
-1.611639
-1.601691
-1.613172
-1.596459
-1.598963
-1.607563
-1.618715
-1.612075
-1.599873
-1.609365
-1.617056
-1.624391
-1.627477
-1.628521
-1.617071
-1.628431
-1.618179
-1.615175
-1.614987
-1.618323
-1.602734
-1.602501
-1.615017
-1.609119
-1.625113
-1.616227
-1.606656
-1.613989
-1.633089
-1.620756
-1.627127
-1.610299
-1.630233
-1.639390
-1.636844
-1.625882
-1.638839
-1.630254
-1.618106
-1.633196
-1.653033
-1.644370
-1.624303
-1.626772
-1.621360
-1.625944
-1.613523
-1.616154
-1.612084
-1.624243
-1.639693
-1.626019
-1.625495
-1.622534
-1.628930
-1.618268
-1.619273
-1.633709
-1.639676
-1.643473
-1.651054
-1.636549
-1.649454
-1.640416
-1.648649
-1.646444
-1.645636
-1.637884
-1.639895
-1.640085
-1.648782
-1.637379
-1.652170
-1.645947
-1.650275
-1.639791
-1.646454
-1.657145
-1.645947
-1.649266
-1.648351
-1.644483
-1.648059
-1.657289
-1.640033
-1.625459
-1.641784
-1.638650
-1.665080
-1.640856
-1.637732
-1.648668
-1.642360
-1.639809
-1.647254
-1.640366
-1.654621
-1.647233
-1.639202
-1.641969
-1.651060
-1.656823
-1.637830
-1.635247
-1.636712
-1.638515
-1.653665
-1.628815
-1.649695
-1.641331
-1.621378
-1.638145
-1.640157
-1.651006
-1.638963
-1.640086
-1.655454
-1.634727
-1.646949
-1.645860
-1.646313
-1.633058
-1.645824
-1.658961
-1.652186
-1.636326
-1.636335
-1.653249
-1.631927
-1.627460
-1.645410
-1.656148
-1.637138
-1.642146
-1.647171
-1.630766
-1.644163
-1.640922
-1.654137
-1.651084
-1.629182
-1.641808
-1.652339
-1.639307
-1.625648
-1.620607
-1.625286
-1.630387
-1.636386
-1.627374
-1.629319
-1.631372
-1.647032
-1.626788
-1.629978
-1.626340
-1.638972
-1.632488
-1.628763
-1.621999
-1.606356
-1.624524
-1.626796
-1.633243
-1.630533
-1.634295
-1.635888
-1.626279
-1.628448
-1.624513
-1.631524
-1.619202
-1.620031
-1.631687
-1.640720
-1.635778
-1.629350
-1.649977
-1.646713
-1.647222
-1.664360
-1.638854
-1.641835
-1.646448
-1.638976
-1.627660
-1.636703
-1.629283
-1.616339
-1.604854
-1.598685
-1.608825
-1.608218
-1.611875
-1.613534
-1.606395
-1.622933
-1.621133
-1.631228
-1.611663
-1.613461
-1.614762
-1.632871
-1.623610
-1.611336
-1.626633
-1.616514
-1.610636
-1.631213
-1.614853
-1.631505
-1.626308
-1.628970
-1.634525
-1.629303
-1.635939
-1.633676
-1.628994
-1.637629
-1.637379
-1.621727
-1.625946
-1.628999
-1.634628
-1.633195
-1.608429
-1.618933
-1.618258
-1.618192
-1.627234
-1.613259
-1.612627
-1.629839
-1.612456
-1.604853
-1.608905
-1.623769
-1.603244
-1.595205
-1.599370
-1.599114
-1.603355
-1.611678
-1.591992
-1.579240
-1.590479
-1.566800
-1.569359
-1.569904
-1.567816
-1.550725
-1.574765
-1.570682
-1.572823
-1.567070
-1.579989
-1.578894
-1.577421
-1.584684
-1.566076
-1.588386
-1.582565
-1.614717
-1.601399
-1.590111
-1.595441
-1.601402
-1.595039
-1.597993
-1.588746
-1.592050
-1.583686
-1.591933
-1.579217
-1.594089
-1.578691
-1.594694
-1.622766
-1.608533
-1.613971
-1.606421
-1.607830
-1.620876
-1.630205
-1.632816
-1.640859
-1.622404
-1.629522
-1.626257
-1.611497
-1.622370
-1.605744
-1.623716
-1.607874
-1.602347
-1.601486
-1.586354
-1.583288
-1.603822
-1.585767
-1.599696
-1.595291
-1.596674
-1.598646
-1.615099
-1.597668
-1.586500
-1.593284
-1.598767
-1.578187
-1.593827
-1.605011
-1.603849
-1.590668
-1.584557
-1.587340
-1.590448
-1.584731
-1.581417
-1.594766
-1.602556
-1.583831
-1.583381
-1.594726
-1.607399
-1.590985
-1.594524
-1.588399
-1.604332
-1.606523
-1.585691
-1.594116
-1.588636
-1.601043
-1.614342
-1.606782
-1.602379
-1.599843
-1.621415
-1.615657
-1.619248
-1.612290
-1.625604
-1.635557
-1.648176
-1.634142
-1.644106
-1.628478
-1.630027
-1.641231
-1.644486
-1.616139
-1.633947
-1.643243
-1.635231
-1.636117
-1.626749
-1.604908
-1.605208
-1.617678
-1.628974
-1.630106
-1.616935
-1.606029
-1.622316
-1.620297
-1.628571
-1.646894
-1.635410
-1.629528
-1.610919
-1.612607
-1.625106
-1.613588
-1.599369
-1.609294
-1.610614
-1.620824
-1.614296
-1.616825
-1.622657
-1.614367
-1.611978
-1.613048
-1.624994
-1.617988
-1.616925
-1.634240
-1.634860
-1.638498
-1.638920
-1.643057
-1.645932
-1.631618
-1.655927
-1.652637
-1.660569
-1.658532
-1.670719
-1.641018
-1.634781
-1.650978
-1.643575
-1.647658
-1.640093
-1.644470
-1.626330
-1.640906
-1.641894
-1.634574
-1.626091
-1.628836
-1.634682
-1.634912
-1.627958
-1.615496
-1.626075
-1.630932
-1.618056
-1.628138
-1.613828
-1.626206
-1.628529
-1.620056
-1.620467
-1.616636
-1.605402
-1.616888
-1.599838
-1.595032
-1.608616
-1.593467
-1.590943
-1.598143
-1.596386
-1.582990
-1.601773
-1.610794
-1.614737
-1.599805
-1.616886
-1.629427
-1.618009
-1.625683
-1.632583
-1.640943
-1.646804
-1.647483
-1.640620
-1.654397
-1.642843
-1.638121
-1.629187
-1.629434
-1.616819
-1.626677
-1.634009
-1.635068
-1.623393
-1.626044
-1.618917
-1.620035
-1.610121
-1.605087
-1.615927
-1.607375
-1.594366
-1.594815
-1.615232
-1.593369
-1.595805
-1.585984
-1.598137
-1.597637
-1.606294
-1.594127
-1.595207
-1.619747
-1.600565
-1.607572
-1.623539
-1.612443
-1.626509
-1.632944
-1.630729
-1.637808
-1.634674
-1.638092
-1.646634
-1.626115
-1.635002
-1.609924
-1.625893
-1.647277
-1.626507
-1.639316
-1.644710
-1.639085
-1.636320
-1.630237
-1.644620
-1.632804
-1.649126
-1.651179
-1.642879
-1.644680
-1.624666
-1.626117
-1.630865
-1.635054
-1.645096
-1.638183
-1.617571
-1.628632
-1.630982
-1.618645
-1.611437
-1.619584
-1.628862
-1.632724
-1.624335
-1.628944
-1.616339
-1.630396
-1.624667
-1.619402
-1.618480
-1.620438
-1.634603
-1.611284
-1.613267
-1.630148
-1.621773
-1.611546
-1.620459
-1.626823
-1.613168
-1.585723
-1.607158
-1.623189
-1.618072
-1.605207
-1.603583
-1.598019
-1.592495
-1.587636
-1.588846
-1.597807
-1.613235
-1.585046
-1.575809
-1.574514
-1.573216
-1.584970
-1.587303
-1.573326
-1.595047
-1.582389
-1.571388
-1.571535
-1.572038
-1.569243
-1.577353
-1.577988
-1.572757
-1.573975
-1.574606
-1.594399
-1.576915
-1.571966
-1.561017
-1.571282
-1.572353
-1.559262
-1.571005
-1.575301
-1.566270
-1.575056
-1.577363
-1.583753
-1.578581
-1.563921
-1.587148
-1.595429
-1.606931
-1.598021
-1.590405
-1.602329
-1.586009
-1.584502
-1.595391
-1.581556
-1.591280
-1.596811
-1.580541
-1.578470
-1.587342
-1.594401
-1.604943
-1.589768
-1.604896
-1.613866
-1.612495
-1.607736
-1.612120
-1.619271
-1.622922
-1.621791
-1.614426
-1.604192
-1.622930
-1.632562
-1.615643
-1.626798
-1.622427
-1.618791
-1.646200
-1.650015
-1.631219
-1.648937
-1.645734
-1.636206
-1.640257
-1.645475
-1.624343
-1.635536
-1.634493
-1.632347
-1.639134
-1.618858
-1.622442
-1.637705
-1.621232
-1.627973
-1.630235
-1.612034
-1.631451
-1.630909
-1.625228
-1.624003
-1.638302
-1.638274
-1.632652
-1.604254
-1.611293
-1.600843
-1.615398
-1.607621
-1.604283
-1.604542
-1.607480
-1.606773
-1.608748
-1.606729
-1.603364
-1.612709
-1.609280
-1.614258
-1.622321
-1.622498
-1.609801
-1.618723
-1.605102
-1.609182
-1.604175
-1.598471
-1.598165
-1.624507
-1.614000
-1.607164
-1.618760
-1.611992
-1.612445
-1.612265
-1.604859
-1.617879
-1.614244
-1.613083
-1.613964
-1.615126
-1.611676
-1.602687
-1.606811
-1.604045
-1.603209
-1.609628
-1.615092
-1.608881
-1.614393
-1.620190
-1.615890
-1.607688
-1.602475
-1.596943
-1.608231
-1.602927
-1.607840
-1.635397
-1.623164
-1.623831
-1.617665
-1.627439
-1.645854
-1.637756
-1.621780
-1.638552
-1.644758
-1.630801
-1.628128
-1.631936
-1.634753
-1.631282
-1.623749
-1.625665
-1.619084
-1.612661
-1.624553
-1.619638
-1.613080
-1.636139
-1.614412
-1.622122
-1.618571
-1.623810
-1.623833
-1.636553
-1.626868
-1.625267
-1.610176
-1.629512
-1.632145
-1.632864
-1.622202
-1.616017
-1.630315
-1.632445
-1.600512
-1.613188
-1.617647
-1.628712
-1.623143
-1.622959
-1.598992
-1.611275
-1.591084
-1.616586
-1.621268
-1.609365
-1.605409
-1.616416
-1.625913
-1.603488
-1.602099
-1.624496
-1.602971
-1.614030
-1.618715
-1.613695
-1.616410
-1.614122
-1.620606
-1.618500
-1.615923
-1.610386
-1.626611
-1.622662
-1.618885
-1.619915
-1.635119
-1.620459
-1.606194
-1.604945
-1.605452
-1.623425
-1.617823
-1.614830
-1.589149
-1.603288
-1.613755
-1.613885
-1.620408
-1.625070
-1.613072
-1.629039
-1.639001
-1.633207
-1.634827
-1.645225
-1.633308
-1.629874
-1.633017
-1.633677
-1.634086
-1.634718
-1.633556
-1.634991
-1.617621
-1.618537
-1.623038
-1.627634
-1.620513
-1.638549
-1.626277
-1.618338
-1.639034
-1.650598
-1.628571
-1.625906
-1.612345
-1.617669
-1.612445
-1.613558
-1.616586
-1.603510
-1.616489
-1.604484
-1.611616
-1.612826
-1.595824
-1.614249
-1.616829
-1.622003
-1.625968
-1.624205
-1.638634
-1.631518
-1.635651
-1.644133
-1.653622
-1.654742
-1.641709
-1.641633
-1.642043
-1.621789
-1.625407
-1.623206
-1.622293
-1.616356
-1.625812
-1.610669
-1.617402
-1.612506
-1.613099
-1.612083
-1.609305
-1.609965
-1.612142
-1.607442
-1.614461
-1.599087
-1.598930
-1.592846
-1.585442
-1.599049
-1.601794
-1.613632
-1.597238
-1.609394
-1.602876
-1.612486
-1.596989
-1.596561
-1.597093
-1.605918
-1.592912
-1.588952
-1.587492
-1.609901
-1.609302
-1.621801
-1.622269
-1.606384
-1.608012
-1.608416
-1.603696
-1.614459
-1.624890
-1.591012
-1.607668
-1.618215
-1.601605
-1.604933
-1.606809
-1.613077
-1.606114
-1.598818
-1.610534
-1.600499
-1.619205
-1.621465
-1.614309
-1.614685
-1.601728
-1.602817
-1.598568
-1.603637
-1.627029
-1.616452
-1.612413
-1.600583
-1.624675
-1.628125
-1.604810
-1.601898
-1.619649
-1.615636
-1.614328
-1.620658
-1.631635
-1.620776
-1.624716
-1.633851
-1.631434
-1.628498
-1.645399
-1.651462
-1.646068
-1.643531
-1.644847
-1.655517
-1.661381
-1.662931
-1.671575
-1.668904
-1.661207
-1.683108
-1.681208
-1.662835
-1.663241
-1.664550
-1.675726
-1.655615
-1.660145
-1.673781
-1.670017
-1.658835
-1.664779
-1.667247
-1.654767
-1.659363
-1.660934
-1.666796
-1.660858
-1.652571
-1.667046
-1.669432
-1.671849
-1.678482
-1.660831
-1.660445
-1.681954
-1.685781
-1.681098
-1.681994
-1.677926
-1.675309
-1.659700
-1.655366
-1.675332
-1.674600
-1.678608
-1.668666
-1.682796
-1.660335
-1.658210
-1.667413
-1.679937
-1.658283
-1.645717
-1.659577
-1.652520
-1.628337
-1.648211
-1.640487
-1.658669
-1.636694
-1.644351
-1.650863
-1.641779
-1.637759
-1.649160
-1.636993
-1.628313
-1.637809
-1.642995
-1.645101
-1.629645
-1.636513
-1.626886
-1.623228
-1.623157
-1.637566
-1.641082
-1.641408
-1.627645
-1.620709
-1.638391
-1.628146
-1.617550
-1.648724
-1.638971
-1.623827
-1.626572
-1.633364
-1.637952
-1.644411
-1.648337
-1.626044
-1.643283
-1.641866
-1.645889
-1.632878
-1.637761
-1.645366
-1.631850
-1.649190
-1.639698
-1.628918
-1.642955
-1.651845
-1.647137
-1.639222
-1.647865
-1.639171
-1.640095
-1.630309
-1.637849
-1.648908
-1.636464
-1.659108
-1.651261
-1.661999
-1.653042
-1.649447
-1.642590
-1.649210
-1.658711
-1.655362
-1.645081
-1.649336
-1.646098
-1.648027
-1.653803
-1.663510
-1.647367
-1.644506
-1.642321
-1.636897
-1.663234
-1.662071
-1.653264
-1.660152
-1.636903
-1.647417
-1.651761
-1.629835
-1.641866
-1.645914
-1.654281
-1.656359
-1.649531
-1.659121
-1.649618
-1.644770
-1.644736
-1.648691
-1.660560
-1.637766
-1.646808
-1.622321
-1.650597
-1.661428
-1.640616
-1.620432
-1.646665
-1.648412
-1.656739
-1.644637
-1.641785
-1.639503
-1.641718
-1.640545
-1.627193
-1.627421
-1.630611
-1.637216
-1.619242
-1.635903
-1.619036
-1.627070
-1.626892
-1.626075
-1.623921
-1.626750
-1.629773
-1.639556
-1.633838
-1.632505
-1.644001
-1.633132
-1.631031
-1.646448
-1.652797
-1.632456
-1.627656
-1.648524
-1.635249
-1.660020
-1.639529
-1.623406
-1.644968
-1.642836
-1.633545
-1.633449
-1.656825
-1.653261
-1.633966
-1.639546
-1.635440
-1.646566
-1.633077
-1.637167
-1.642953
-1.646484
-1.637196
-1.628819
-1.635799
-1.650305
-1.635095
-1.632188
-1.628740
-1.645387
-1.637941
-1.639333
-1.636882
-1.620717
-1.650599
-1.647062
-1.644731
-1.650895
-1.643867
-1.642654
-1.651629
-1.656365
-1.649718
-1.651911
-1.643070
-1.657758
-1.639056
-1.636274
-1.657096
-1.657317
-1.647913
-1.651050
-1.654839
-1.648982
-1.655969
-1.648576
-1.641619
-1.644060
-1.640358
-1.643559
-1.630832
-1.649794
-1.639301
-1.630074
-1.620722
-1.625977
-1.626815
-1.633231
-1.634691
-1.635812
-1.617551
-1.611777
-1.644100
-1.637821
-1.638480
-1.627345
-1.630291
-1.652234
-1.634445
-1.644427
-1.636157
-1.637341
-1.656930
-1.637738
-1.643690
-1.640131
-1.641349
-1.653176
-1.653450
-1.652418
-1.645042
-1.658963
-1.651782
-1.648796
-1.643592
-1.656670
-1.642251
-1.657313
-1.651391
-1.647108
-1.650200
-1.657241
-1.640520
-1.642665
-1.647945
-1.638128
-1.634073
-1.635796
-1.646750
-1.653848
-1.654044
-1.644831
-1.633356
-1.644023
-1.656077
-1.642276
-1.627691
-1.627463
-1.625534
-1.630367
-1.631203
-1.619229
-1.623363
-1.612684
-1.630971
-1.640307
-1.627713
-1.638692
-1.643059
-1.652344
-1.641178
-1.625802
-1.642764
-1.630452
-1.660149
-1.665824
-1.666821
-1.652786
-1.631267
-1.665918
-1.669207
-1.653678
-1.667337
-1.674085
-1.661715
-1.647537
-1.669070
-1.649793
-1.635899
-1.659869
-1.659943
-1.652134
-1.662099
-1.654313
-1.654727
-1.655751
-1.647655
-1.650383
-1.647229
-1.634189
-1.654239
-1.661286
-1.650009
-1.657829
-1.625788
-1.651130
-1.652629
-1.644696
-1.638718
-1.632357
-1.632904
-1.636166
-1.615122
-1.611753
-1.631235
-1.627475
-1.639407
-1.628202
-1.628181
-1.631235
-1.631281
-1.649099
-1.635964
-1.637233
-1.635037
-1.646805
-1.644630
-1.633292
-1.625991
-1.629959
-1.636461
-1.646369
-1.623603
-1.634430
-1.634575
-1.640302
-1.647932
-1.644384
-1.642696
-1.649620
-1.649849
-1.648179
-1.653008
-1.642106
-1.634593
-1.630248
-1.640035
-1.632097
-1.637994
-1.639800
-1.634671
-1.640411
-1.645411
-1.637647
-1.630316
-1.637811
-1.624906
-1.636731
-1.638367
-1.636187
-1.608008
-1.622248
-1.643278
-1.650777
-1.654846
-1.630639
-1.623718
-1.644193
-1.651044
-1.652157
-1.653326
-1.640306
-1.646966
-1.648574
-1.640783
-1.639388
-1.645608
-1.640512
-1.630811
-1.626585
-1.629111
-1.624742
-1.616186
-1.631125
-1.605820
-1.626007
-1.626998
-1.621743
-1.614607
-1.611831
-1.622254
-1.629027
-1.614633
-1.618391
-1.617293
-1.605957
-1.615321
-1.635006
-1.632315
-1.630483
-1.646220
-1.638108
-1.633604
-1.622786
-1.623516
-1.634351
-1.621900
-1.623937
-1.630273
-1.644050
-1.641540
-1.626144
-1.631726
-1.643233
-1.618790
-1.617417
-1.620328
-1.625303
-1.633549
-1.615335
-1.621362
-1.620959
-1.625175
-1.626124
-1.609341
-1.627007
-1.630872
-1.630212
-1.637681
-1.620265
-1.627353
-1.621043
-1.618473
-1.613662
-1.625767
-1.626561
-1.629183
-1.626681
-1.617170
-1.630118
-1.616788
-1.621984
-1.625724
-1.632358
-1.627415
-1.630004
-1.627637
-1.624834
-1.641662
-1.637772
-1.645264
-1.636025
-1.622994
-1.633954
-1.625910
-1.633364
-1.634405
-1.639378
-1.627726
-1.631412
-1.618959
-1.636325
-1.648684
-1.636580
-1.644221
-1.618023
-1.647265
-1.645713
-1.644329
-1.651826
-1.631351
-1.625665
-1.639699
-1.656054
-1.633163
-1.640583
-1.649803
-1.629286
-1.623849
-1.628990
-1.624013
-1.633344
-1.630377
-1.630340
-1.618331
-1.621572
-1.633932
-1.623470
-1.612617
-1.608490
-1.603799
-1.621169
-1.606406
-1.600009
-1.601739
-1.621544
-1.617642
-1.605657
-1.625919
-1.619430
-1.608788
-1.608468
-1.629283
-1.629868
-1.644246
-1.636739
-1.631822
-1.635407
-1.634170
-1.622338
-1.632314
-1.643791
-1.655115
-1.657092
-1.653171
-1.648481
-1.653667
-1.664116
-1.643344
-1.663931
-1.660377
-1.660224
-1.673749
-1.664231
-1.668185
-1.663089
-1.662046
-1.670157
-1.669876
-1.662069
-1.661717
-1.665256
-1.677743
-1.676370
-1.659067
-1.664300
-1.660766
-1.670578
-1.660214
-1.662874
-1.666524
-1.657441
-1.664017
-1.659034
-1.656519
-1.651531
-1.665530
-1.679766
-1.677026
-1.657458
-1.667986
-1.690689
-1.683388
-1.674558
-1.691611
-1.673209
-1.679050
-1.680722
-1.663176
-1.673462
-1.686760
-1.674061
-1.686639
-1.676462
-1.660741
-1.679994
-1.669570
-1.678913
-1.682375
-1.691777
-1.698996
-1.694596
-1.699585
-1.696688
-1.703147
-1.690790
-1.690919
-1.699797
-1.716299
-1.703397
-1.697799
-1.690942
-1.702255
-1.712546
-1.716754
-1.715292
-1.712987
-1.699754
-1.691589
-1.692972
-1.708733
-1.704954
-1.684527
-1.698270
-1.694258
-1.687800
-1.674589
-1.685073
-1.677626
-1.690810
-1.673400
-1.677634
-1.696238
-1.683451
-1.673707
-1.669981
-1.676193
-1.678074
-1.679465
-1.666224
-1.664440
-1.670673
-1.659505
-1.667375
-1.660457
-1.663318
-1.668293
-1.665156
-1.665535
-1.661202
-1.653887
-1.654579
-1.661939
-1.653705
-1.675154
-1.670292
-1.653353
-1.672882
-1.668960
-1.670716
-1.662860
-1.672605
-1.663757
-1.665209
-1.665516
-1.663299
-1.657515
-1.641233
-1.646095
-1.659495
-1.658418
-1.651716
-1.644963
-1.662188
-1.656637
-1.659010
-1.669811
-1.660423
-1.658179
-1.640633
-1.663486
-1.663476
-1.655614
-1.653511
-1.644164
-1.623556
-1.650576
-1.660813
-1.645553
-1.630566
-1.647657
-1.649352
-1.659251
-1.664460
-1.648957
-1.655524
-1.658749
-1.654755
-1.658853
-1.665151
-1.659099
-1.678574
-1.682013
-1.664305
-1.678022
-1.682722
-1.681579
-1.668312
-1.666565
-1.674184
-1.662744
-1.662742
-1.668908
-1.682286
-1.674771
-1.660415
-1.675326
-1.670293
-1.651600
-1.668432
-1.658014
-1.644551
-1.666289
-1.656265
-1.650431
-1.663718
-1.658849
-1.667864
-1.644768
-1.667161
-1.660894
-1.665310
-1.671125
-1.664673
-1.666367
-1.681945
-1.685131
-1.680154
-1.687087
-1.674186
-1.661618
-1.678605
-1.689229
-1.669980
-1.675808
-1.695860
-1.683172
-1.681285
-1.692985
-1.679717
-1.684451
-1.664824
-1.667365
-1.665659
-1.657173
-1.657110
-1.663449
-1.649162
-1.664895
-1.669563
-1.674410
-1.671637
-1.653618
-1.663879
-1.673865
-1.668691
-1.657277
-1.676543
-1.677231
-1.672644
-1.661967
-1.654952
-1.654143
-1.669776
-1.671949
-1.650777
-1.662348
-1.652039
-1.649898
-1.650077
-1.648803
-1.644863
-1.654020
-1.651966
-1.640919
-1.635823
-1.652839
-1.652421
-1.627218
-1.644258
-1.653215
-1.634536
-1.642329
-1.639275
-1.630917
-1.634986
-1.636960
-1.655428
-1.640038
-1.648607
-1.630536
-1.642847
-1.652630
-1.649283
-1.655071
-1.646662
-1.646696
-1.657463
-1.662357
-1.660230
-1.654088
-1.660220
-1.655165
-1.632405
-1.651243
-1.653833
-1.652586
-1.647031
-1.645286
-1.652015
-1.635948
-1.637236
-1.650403
-1.658106
-1.652624
-1.643222
-1.657129
-1.661340
-1.639791
-1.649747
-1.648050
-1.654676
-1.647110
-1.633756
-1.645608
-1.652887
-1.661559
-1.635650
-1.629386
-1.655333
-1.651970
-1.654094
-1.634246
-1.649313
-1.673503
-1.662182
-1.638321
-1.664104
-1.643798
-1.641518
-1.637525
-1.651777
-1.640324
-1.632084
-1.629341
-1.636951
-1.636272
-1.619678
-1.630646
-1.632419
-1.621289
-1.604049
-1.618135
-1.634009
-1.633966
-1.619947
-1.631885
-1.650757
-1.609356
-1.638317
-1.648007
-1.614472
-1.628143
-1.644468
-1.625933
-1.637828
-1.636656
-1.623150
-1.617766
-1.622227
-1.643842
-1.631414
-1.629599
-1.616606
-1.638940
-1.632089
-1.627482
-1.613613
-1.622365
-1.630086
-1.636922
-1.634069
-1.642160
-1.647657
-1.643890
-1.640023
-1.651636
-1.634375
-1.649833
-1.646685
-1.633590
-1.643722
-1.650438
-1.649481
-1.646794
-1.657107
-1.636475
-1.639286
-1.642971
-1.643761
-1.642406
-1.618057
-1.667028
-1.645305
-1.636307
-1.646245
-1.663172
-1.673536
-1.672153
-1.665436
-1.658866
-1.649640
-1.660413
-1.647562
-1.659393
-1.650335
-1.642363
-1.646962
-1.650907
-1.659446
-1.648750
-1.638437
-1.636779
-1.639427
-1.646426
-1.635940
-1.649460
-1.643843
-1.643539
-1.631534
-1.632610
-1.644073
-1.627157
-1.629455
-1.621158
-1.627994
-1.629216
-1.627797
-1.627161
-1.610864
-1.637196
-1.633810
-1.624053
-1.644069
-1.646979
-1.624383
-1.641098
-1.652795
-1.647687
-1.657603
-1.659021
-1.646019
-1.651860
-1.646141
-1.651005
-1.646033
-1.653192
-1.657710
-1.667827
-1.660627
-1.655134
-1.653870
-1.645257
-1.650511
-1.659104
-1.661141
-1.635443
-1.646112
-1.637580
-1.660418
-1.656235
-1.648268
