2.671186    0.170576    2.671186    
0.004621    0.453948    0.004621    
-0.999634    -0.954169    -0.999634    
-0.256831    -1.401563    -0.256831    
0.257880    -0.675535    0.257880    
-0.178733    0.087298    -0.178733    
-0.194848    -1.115644    -0.194848    
0.445674    1.945743    0.445674    
-0.860383    -0.583635    -0.860383    
1.464160    -1.560908    1.464160    
0.359558    -0.464702    0.359558    
-0.694069    -2.585322    -0.694069    
-0.249694    2.180964    -0.249694    
-0.827684    0.480509    -0.827684    
0.107770    -0.346993    0.107770    
-1.004898    -0.457181    -1.004898    
-2.035195    0.037605    -2.035195    
-0.220248    1.484778    -0.220248    
-0.959960    0.534532    -0.959960    
0.692178    0.852671    0.692178    
0.576978    1.225341    0.576978    
0.252972    -0.669396    0.252972    
-1.485778    -0.414740    -1.485778    
-0.885006    -0.476237    -0.885006    
-0.246079    -0.533884    -0.246079    
-1.407330    0.924820    -1.407330    
0.478819    -1.317183    0.478819    
0.661981    1.494885    0.661981    
-1.192517    1.618891    -1.192517    
-0.221382    0.364910    -0.221382    
-0.834132    1.482894    -0.834132    
1.368791    -0.010652    1.368791    
-1.309364    0.220658    -1.309364    
1.380582    0.451310    1.380582    
0.747999    1.142040    0.747999    
-0.356878    1.623242    -0.356878    
1.261637    -1.331386    1.261637    
-1.975455    1.099965    -1.975455    
0.344828    -0.874525    0.344828    
0.530118    0.287807    0.530118    
-0.421232    -2.018932    -0.421232    
0.017105    -0.177358    0.017105    
-0.613213    0.783273    -0.613213    
0.301450    1.527043    0.301450    
-0.104660    -1.251713    -0.104660    
0.832129    0.695977    0.832129    
-0.229231    -0.038285    -0.229231    
0.771551    -1.648256    0.771551    
0.728435    -0.961196    0.728435    
-1.123542    0.298343    -1.123542    
-0.511952    0.131715    -0.511952    
0.192895    0.908962    0.192895    
-1.191223    0.222848    -1.191223    
1.531093    0.839679    1.531093    
-0.810684    -0.921519    -0.810684    
0.960236    0.563213    0.960236    
-0.399183    -1.707511    -0.399183    
0.015541    -0.854567    0.015541    
-0.241183    0.079254    -0.241183    
-0.040242    -1.593687    -0.040242    
-1.270443    2.060181    -1.270443    
1.571335    -0.063229    1.571335    
-0.125228    -1.078110    -0.125228    
0.338815    0.747921    0.338815    
-1.497628    1.265627    -1.497628    
1.862528    -0.351306    1.862528    
-0.399116    2.366496    -0.399116    
1.736211    -1.481415    1.736211    
1.487695    0.931742    1.487695    
1.133066    -0.241050    1.133066    
0.797853    -1.510567    0.797853    
1.130185    -1.407147    1.130185    
1.950236    -1.064101    1.950236    
1.217195    0.629609    1.217195    
0.256400    -0.444401    0.256400    
-0.391354    0.542522    -0.391354    
1.188660    -0.529383    1.188660    
0.457102    -1.279377    0.457102    
1.375364    0.572164    1.375364    
-1.170419    0.998162    -1.170419    
0.683756    -0.299153    0.683756    
-0.055682    -0.118758    -0.055682    
-0.493558    -0.134124    -0.493558    
-0.690638    -1.678414    -0.690638    
0.508398    1.727301    0.508398    
-1.223831    -0.119352    -1.223831    
-0.782552    0.210622    -0.782552    
1.143298    1.596367    1.143298    
-0.599426    -0.684053    -0.599426    
1.016956    0.392962    1.016956    
1.289709    0.569500    1.289709    
-1.163896    -0.613217    -1.163896    
-0.739283    -0.218854    -0.739283    
-0.088909    0.532591    -0.088909    
0.097337    -0.701900    0.097337    
-0.059349    2.742192    -0.059349    
0.869028    -0.121953    0.869028    
0.160527    0.679035    0.160527    
-0.029749    1.421896    -0.029749    
0.203582    -0.278182    0.203582    
0.575796    -0.964826    0.575796    
0.166407    1.036716    0.166407    
0.447022    -0.516407    0.447022    
-0.606402    0.571670    -0.606402    
-2.100468    1.347471    -2.100468    
1.490141    1.189604    1.490141    
-0.730254    1.309890    -0.730254    
2.030047    2.353657    2.030047    
1.455638    1.965184    1.455638    
-0.870182    -1.625519    -0.870182    
0.034737    0.000474    0.034737    
0.480666    -0.247607    0.480666    
-0.495816    -0.144343    -0.495816    
-0.518633    -1.007037    -0.518633    
-1.101535    -3.067195    -1.101535    
-1.237458    0.014996    -1.237458    
-0.023115    0.315683    -0.023115    
-0.034659    -0.293229    -0.034659    
-0.700975    0.361870    -0.700975    
1.253271    -0.850810    1.253271    
0.105379    1.200620    0.105379    
1.804094    1.656933    1.804094    
0.849081    0.244658    0.849081    
-0.462603    -1.720043    -0.462603    
1.253818    -1.350344    1.253818    
2.102959    -0.745308    2.102959    
-0.545602    1.939181    -0.545602    
0.048948    1.464393    0.048948    
0.787005    1.781200    0.787005    
0.458904    3.431114    0.458904    
-1.060405    1.171126    -1.060405    
-0.283047    -0.198373    -0.283047    
1.822459    -1.686852    1.822459    
-0.429184    -0.841144    -0.429184    
0.573956    -1.194633    0.573956    
0.107806    2.140518    0.107806    
0.496159    -1.040666    0.496159    
1.845788    -1.692952    1.845788    
-1.497857    0.865659    -1.497857    
1.374696    -0.030797    1.374696    
0.127104    -3.317280    0.127104    
0.211115    0.356286    0.211115    
-0.785023    -0.175837    -0.785023    
-0.231747    -0.733878    -0.231747    
0.616297    0.705420    0.616297    
1.317413    -1.006451    1.317413    
-0.743689    1.944555    -0.743689    
1.227984    -0.429603    1.227984    
-1.458358    -0.317637    -1.458358    
-1.321053    0.720870    -1.321053    
0.224298    0.745860    0.224298    
0.632722    -0.135515    0.632722    
-2.297240    2.101981    -2.297240    
-0.220775    0.200719    -0.220775    
-0.824913    0.292664    -0.824913    
-0.710331    -0.946573    -0.710331    
-1.215868    0.773938    -1.215868    
-1.851747    -0.799597    -1.851747    
1.943431    -0.187778    1.943431    
-1.099311    0.893718    -1.099311    
0.140331    -2.558822    0.140331    
-0.044969    2.302125    -0.044969    
1.835399    -1.865464    1.835399    
1.071697    -1.069425    1.071697    
-0.294686    -0.645288    -0.294686    
-0.045184    -1.079733    -0.045184    
-1.303599    -0.292157    -1.303599    
0.614395    -0.430964    0.614395    
0.570543    -0.170911    0.570543    
1.181738    -0.613066    1.181738    
1.485945    -0.669250    1.485945    
2.305161    0.838535    2.305161    
2.050189    1.970433    2.050189    
1.363797    -0.236434    1.363797    
-1.060872    0.024966    -1.060872    
0.402551    0.302409    0.402551    
0.765448    0.812781    0.765448    
-0.716384    -2.177890    -0.716384    
0.204799    2.229955    0.204799    
-1.212887    0.229352    -1.212887    
1.309205    0.123500    1.309205    
-0.226801    1.228709    -0.226801    
-0.981524    0.187997    -0.981524    
1.979607    -0.019377    1.979607    
1.174189    0.154904    1.174189    
1.139793    -0.671439    1.139793    
-0.595708    -1.802231    -0.595708    
-1.647724    -0.739452    -1.647724    
1.878061    -0.808145    1.878061    
0.263144    -0.445870    0.263144    
-0.768821    0.079226    -0.768821    
1.581833    0.583922    1.581833    
1.429564    0.333752    1.429564    
1.459290    -1.357565    1.459290    
-0.257798    -0.543674    -0.257798    
-0.180300    0.076319    -0.180300    
1.137056    -0.830819    1.137056    
0.066569    -2.597365    0.066569    
-0.089453    1.045411    -0.089453    
1.222295    -1.972926    1.222295    
-1.733886    -0.488800    -1.733886    
-1.088490    1.699798    -1.088490    
-1.630631    -0.111928    -1.630631    
0.936989    -0.190053    0.936989    
-1.651074    0.510013    -1.651074    
0.379382    1.619645    0.379382    
1.033820    0.307433    1.033820    
0.486857    -0.644633    0.486857    
0.047620    1.499331    0.047620    
1.437050    -0.730945    1.437050    
-1.415676    0.004803    -1.415676    
1.127196    -0.298537    1.127196    
-0.461583    0.025378    -0.461583    
1.416919    -0.314200    1.416919    
0.406300    1.618521    0.406300    
-1.435656    1.925111    -1.435656    
0.222401    0.112617    0.222401    
0.788453    -0.569930    0.788453    
0.182569    -0.087618    0.182569    
-0.179461    -1.665703    -0.179461    
1.639670    1.429163    1.639670    
-0.227918    -1.081735    -0.227918    
-2.635855    -0.847844    -2.635855    
-0.947417    0.924782    -0.947417    
-0.811496    -0.560400    -0.811496    
0.387165    1.464613    0.387165    
-0.745583    -1.632523    -0.745583    
0.042302    -1.492816    0.042302    
-0.447620    0.719814    -0.447620    
0.696542    0.038778    0.696542    
-1.451759    0.516171    -1.451759    
-0.804502    -1.584465    -0.804502    
0.233887    1.493169    0.233887    
-0.916415    0.558097    -0.916415    
0.119065    0.879109    0.119065    
-0.723174    1.265317    -0.723174    
0.503163    0.693041    0.503163    
0.153457    -2.405747    0.153457    
-1.465373    0.101727    -1.465373    
0.297842    0.903061    0.297842    
1.204071    1.034137    1.204071    
0.480965    -0.738091    0.480965    
-0.691773    0.940228    -0.691773    
-0.392301    -0.427516    -0.392301    
-0.662878    0.980065    -0.662878    
-2.134970    0.007911    -2.134970    
1.852817    -0.378359    1.852817    
0.275758    0.600629    0.275758    
1.810130    -0.301263    1.810130    
-0.635764    -0.701380    -0.635764    
1.063492    0.202820    1.063492    
-0.823198    0.813173    -0.823198    
0.481504    -0.080458    0.481504    
-1.061289    -1.293780    -1.061289    
0.793233    -1.914668    0.793233    
1.780348    0.577898    1.780348    
1.347790    0.882947    1.347790    
2.434309    0.791419    2.434309    
1.174486    -0.255159    1.174486    
-0.642543    1.202565    -0.642543    
-0.027986    0.930587    -0.027986    
0.217810    -0.791101    0.217810    
0.288751    -2.095109    0.288751    
0.185511    -0.570450    0.185511    
1.010259    0.168012    1.010259    
0.085530    2.947674    0.085530    
-0.585563    -0.304877    -0.585563    
-0.737757    0.595182    -0.737757    
1.082191    -2.258952    1.082191    
-0.134272    0.213306    -0.134272    
-0.404507    0.675244    -0.404507    
-0.892178    0.750997    -0.892178    
-0.091717    -1.275303    -0.091717    
-0.803498    0.869100    -0.803498    
0.026829    0.119729    0.026829    
1.404151    0.113282    1.404151    
-0.136321    1.576271    -0.136321    
0.630905    0.210242    0.630905    
2.456737    -0.410879    2.456737    
-0.196316    -1.204096    -0.196316    
2.250747    -0.267640    2.250747    
-0.162401    -1.748912    -0.162401    
-0.473571    -0.537795    -0.473571    
-1.635599    -0.367508    -1.635599    
-0.650208    -1.216581    -0.650208    
0.227148    0.439218    0.227148    
0.932893    0.357728    0.932893    
0.386593    -0.081704    0.386593    
0.937446    -0.818751    0.937446    
0.448841    1.999778    0.448841    
1.998428    0.081577    1.998428    
0.080223    -0.240028    0.080223    
1.784972    -0.451572    1.784972    
0.520454    0.161848    0.520454    
-0.574456    -2.238731    -0.574456    
-0.162306    1.058893    -0.162306    
1.649077    0.156785    1.649077    
-1.845344    1.469252    -1.845344    
1.070271    0.173504    1.070271    
-1.256427    -0.179507    -1.256427    
1.098224    -1.208170    1.098224    
-1.718091    -0.799051    -1.718091    
-0.717534    -0.708066    -0.717534    
0.008714    0.404593    0.008714    
0.832265    -0.254537    0.832265    
-0.691411    -0.916413    -0.691411    
-0.162180    0.457159    -0.162180    
-0.925524    0.145191    -0.925524    
0.339513    1.157016    0.339513    
-1.219391    -2.066595    -1.219391    
-0.325976    0.309447    -0.325976    
1.155493    0.401300    1.155493    
-0.502740    -0.024072    -0.502740    
-0.046608    -0.093406    -0.046608    
0.221110    0.537627    0.221110    
-0.977463    0.594547    -0.977463    
0.489961    -0.086322    0.489961    
-1.880310    -1.544284    -1.880310    
-0.322529    0.709503    -0.322529    
-1.482032    -1.605295    -1.482032    
-0.920680    0.713963    -0.920680    
1.467944    -0.101651    1.467944    
-0.567332    0.612218    -0.567332    
-1.066987    0.437354    -1.066987    
1.023808    0.115541    1.023808    
-1.708538    -1.042406    -1.708538    
-1.514664    -1.676851    -1.514664    
2.069104    -0.994381    2.069104    
0.006048    0.011134    0.006048    
-0.637816    -0.674474    -0.637816    
0.467867    1.184388    0.467867    
-0.281187    1.398647    -0.281187    
-0.968864    1.482583    -0.968864    
0.857639    -0.501739    0.857639    
-0.169332    0.831201    -0.169332    
-2.123625    1.187011    -2.123625    
0.546423    0.621868    0.546423    
-0.071892    -0.760749    -0.071892    
0.266655    -0.006840    0.266655    
-0.067478    0.937234    -0.067478    
0.066005    1.788782    0.066005    
-1.665485    -0.456188    -1.665485    
-0.953090    1.162814    -0.953090    
0.716083    0.186604    0.716083    
-1.740066    0.173538    -1.740066    
1.099323    -1.735072    1.099323    
-1.274036    -1.846755    -1.274036    
-0.232697    -0.540184    -0.232697    
1.711363    0.022343    1.711363    
0.629105    1.142354    0.629105    
0.785825    -0.806475    0.785825    
0.335655    -1.266861    0.335655    
-2.920667    -0.023554    -2.920667    
1.046565    -0.047225    1.046565    
1.681541    2.536265    1.681541    
-0.044091    0.393957    -0.044091    
0.198873    1.174763    0.198873    
-0.005492    -1.007957    -0.005492    
-1.133615    2.199261    -1.133615    
0.288866    0.530628    0.288866    
2.543098    -0.246397    2.543098    
2.814200    -1.260996    2.814200    
1.206494    0.456028    1.206494    
1.877872    0.573857    1.877872    
0.282504    1.075727    0.282504    
0.378517    1.061714    0.378517    
1.073306    -0.446348    1.073306    
0.743359    0.800474    0.743359    
-0.289790    -1.341828    -0.289790    
0.872918    -0.105994    0.872918    
-1.126342    0.478551    -1.126342    
-0.006753    -0.434895    -0.006753    
-1.082515    -0.057593    -1.082515    
-0.755795    1.759394    -0.755795    
-0.791491    2.836597    -0.791491    
-0.797108    0.942848    -0.797108    
-1.704141    -1.396490    -1.704141    
0.137351    -1.334715    0.137351    
-0.374126    -0.081034    -0.374126    
-1.157237    -0.450054    -1.157237    
-0.229957    -1.793544    -0.229957    
1.301493    0.382415    1.301493    
-0.454141    0.274716    -0.454141    
0.665573    1.060765    0.665573    
-0.126158    -0.471019    -0.126158    
1.548018    0.899528    1.548018    
-0.013894    1.129122    -0.013894    
-0.183923    -0.563685    -0.183923    
1.823640    0.644170    1.823640    
-0.109502    -0.745607    -0.109502    
0.122288    0.805459    0.122288    
-1.164861    -0.560284    -1.164861    
-0.314534    -0.054020    -0.314534    
-1.368504    1.108695    -1.368504    
-1.159471    -1.321008    -1.159471    
1.647916    -0.047373    1.647916    
1.368981    -2.021139    1.368981    
-0.384846    -0.199275    -0.384846    
1.474550    -2.158170    1.474550    
-1.768166    -0.645421    -1.768166    
0.902458    0.321287    0.902458    
-0.273150    -0.233234    -0.273150    
-1.296311    -1.292574    -1.296311    
1.027147    -0.345038    1.027147    
0.930042    -0.146761    0.930042    
-1.197527    2.688227    -1.197527    
-0.419044    0.025810    -0.419044    
2.092108    -0.478983    2.092108    
-1.654935    0.786864    -1.654935    
1.565504    -0.197024    1.565504    
1.246985    1.291736    1.246985    
1.066604    1.514179    1.066604    
-0.700610    -1.830001    -0.700610    
-0.442062    -0.904864    -0.442062    
-0.322942    -0.665120    -0.322942    
0.587665    -1.251745    0.587665    
0.946485    -0.572393    0.946485    
-0.270145    0.505147    -0.270145    
-0.326898    0.716287    -0.326898    
-1.164952    -2.046860    -1.164952    
-1.835906    0.422504    -1.835906    
0.844665    1.150734    0.844665    
-0.657425    -0.683947    -0.657425    
-0.625197    1.441285    -0.625197    
-0.682838    -1.459187    -0.682838    
1.887534    0.150970    1.887534    
-0.554397    1.040163    -0.554397    
0.696810    0.447109    0.696810    
0.126535    -0.230615    0.126535    
-0.761744    0.572340    -0.761744    
-0.396139    0.829952    -0.396139    
0.324042    -0.131485    0.324042    
0.118321    0.459109    0.118321    
-0.665353    -0.413205    -0.665353    
0.008026    -1.685155    0.008026    
-0.292729    0.753106    -0.292729    
-0.145143    -0.690123    -0.145143    
1.703797    1.158266    1.703797    
-0.590464    -0.607154    -0.590464    
0.685270    -0.565343    0.685270    
0.300954    -1.023827    0.300954    
0.025163    2.607693    0.025163    
1.807769    -0.419986    1.807769    
-0.723681    0.087677    -0.723681    
0.212912    -2.155306    0.212912    
-1.897133    1.563871    -1.897133    
-0.625452    -0.861610    -0.625452    
-0.277594    0.402979    -0.277594    
-0.898172    1.117255    -0.898172    
0.729143    0.115890    0.729143    
-0.697601    -0.805351    -0.697601    
-0.077303    -1.773964    -0.077303    
2.094280    -0.661093    2.094280    
-0.277054    -1.413539    -0.277054    
0.221709    0.739304    0.221709    
0.096799    -0.655645    0.096799    
-0.546594    0.137266    -0.546594    
-0.820650    0.644294    -0.820650    
-1.092299    -1.277584    -1.092299    
1.817001    -0.177819    1.817001    
0.921336    0.558443    0.921336    
-2.883924    0.934217    -2.883924    
-0.530730    -0.143201    -0.530730    
1.950778    -0.980706    1.950778    
0.618794    -0.619241    0.618794    
0.274922    0.329113    0.274922    
-1.388378    0.793103    -1.388378    
-0.159541    1.750552    -0.159541    
-0.279764    0.039949    -0.279764    
1.165417    0.407163    1.165417    
0.172831    3.609920    0.172831    
-0.163486    1.797533    -0.163486    
1.185777    -0.158349    1.185777    
0.553547    -0.995192    0.553547    
0.906190    1.113853    0.906190    
0.874716    0.291097    0.874716    
-0.100690    0.293910    -0.100690    
-0.353097    0.387824    -0.353097    
0.199214    0.339980    0.199214    
1.258437    -0.599398    1.258437    
-1.494948    0.241950    -1.494948    
-0.274111    -0.396799    -0.274111    
-0.534081    0.764483    -0.534081    
-0.281018    -0.513873    -0.281018    
-1.976857    1.417579    -1.976857    
0.605121    -0.609969    0.605121    
-0.840182    -1.406363    -0.840182    
-1.215627    -0.110286    -1.215627    
-0.729357    -0.673160    -0.729357    
-1.496629    0.385457    -1.496629    
-1.070044    1.377947    -1.070044    
-0.822530    0.301781    -0.822530    
-0.089933    0.866094    -0.089933    
0.493772    0.298980    0.493772    
-0.573829    1.143353    -0.573829    
-0.227533    1.425674    -0.227533    
-0.672877    -1.701091    -0.672877    
-0.366249    1.104165    -0.366249    
0.012331    -0.429729    0.012331    
-0.006537    -2.061272    -0.006537    
0.560682    -0.896186    0.560682    
-0.343329    1.376358    -0.343329    
1.156817    -1.116233    1.156817    
0.800689    0.366799    0.800689    
-0.935317    -0.742112    -0.935317    
1.398829    -0.248830    1.398829    
0.225835    -1.079976    0.225835    
-0.075815    -0.876971    -0.075815    
0.765173    0.753954    0.765173    
-1.607641    -0.670732    -1.607641    
0.579108    -2.111256    0.579108    
-1.204553    -1.009555    -1.204553    
-0.211926    0.378294    -0.211926    
1.069285    1.032516    1.069285    
-0.356212    -0.639625    -0.356212    
-0.326231    0.561042    -0.326231    
-0.674610    1.067588    -0.674610    
0.902873    -1.802348    0.902873    
-0.198646    -0.183635    -0.198646    
-1.063468    0.469905    -1.063468    
-0.827107    -0.109602    -0.827107    
0.808317    0.855806    0.808317    
1.572374    0.253076    1.572374    
-1.151494    0.968042    -1.151494    
1.309865    0.683463    1.309865    
-1.693896    0.696006    -1.693896    
-2.044946    -1.133702    -2.044946    
-0.500126    -0.306402    -0.500126    
-1.588222    -0.883782    -1.588222    
-0.081048    -0.979424    -0.081048    
-0.243839    -0.375797    -0.243839    
-0.810726    0.460637    -0.810726    
-0.006950    -1.315515    -0.006950    
0.442145    -0.679833    0.442145    
-0.112298    0.263779    -0.112298    
0.525284    -0.594824    0.525284    
-0.606435    0.225599    -0.606435    
0.950456    0.860295    0.950456    
-2.073458    2.016732    -2.073458    
-0.718138    0.054534    -0.718138    
0.352502    0.239679    0.352502    
0.346483    -0.094846    0.346483    
0.867150    0.613153    0.867150    
0.520629    -0.541847    0.520629    
0.183087    0.419140    0.183087    
-0.851702    0.452922    -0.851702    
1.791746    -0.130571    1.791746    
-0.618567    -0.067702    -0.618567    
1.115093    1.504711    1.115093    
-1.389458    -0.065785    -1.389458    
-0.795353    -0.388981    -0.795353    
-0.566098    -0.807552    -0.566098    
1.087822    1.334502    1.087822    
0.539485    -0.663952    0.539485    
0.845714    -2.757352    0.845714    
0.027186    -0.064744    0.027186    
-1.095566    -0.289343    -1.095566    
-1.168679    -0.389251    -1.168679    
-0.883748    -1.809876    -0.883748    
-0.549825    -0.340222    -0.549825    
-0.822380    0.939818    -0.822380    
0.348444    -1.784891    0.348444    
-0.643666    -0.309661    -0.643666    
0.449545    -0.360673    0.449545    
1.663270    -1.184843    1.663270    
0.488909    -2.324134    0.488909    
-0.381064    1.399532    -0.381064    
0.925106    1.310438    0.925106    
-0.978969    1.300510    -0.978969    
0.499268    0.108534    0.499268    
0.728960    1.686006    0.728960    
-1.232788    2.812834    -1.232788    
0.303026    0.958492    0.303026    
0.629036    -0.203759    0.629036    
0.810586    0.379279    0.810586    
-0.103532    0.018190    -0.103532    
-1.232995    -0.661306    -1.232995    
-0.230692    0.945818    -0.230692    
0.652175    0.659604    0.652175    
-0.905907    -0.429566    -0.905907    
-0.679584    -0.590406    -0.679584    
0.840032    -0.461369    0.840032    
0.129133    1.515723    0.129133    
-1.329331    -0.427564    -1.329331    
1.918142    -0.554302    1.918142    
-0.367013    0.653500    -0.367013    
0.621153    -0.710181    0.621153    
-0.199070    -1.171924    -0.199070    
-0.910086    0.464004    -0.910086    
-0.093528    0.845716    -0.093528    
1.080807    0.276531    1.080807    
0.088822    0.005958    0.088822    
0.233780    0.266165    0.233780    
-0.206318    0.231502    -0.206318    
0.149551    0.236272    0.149551    
1.615957    1.220609    1.615957    
1.612397    0.334977    1.612397    
0.405316    1.253098    0.405316    
-1.151966    1.042900    -1.151966    
-0.450759    -0.704355    -0.450759    
2.000550    1.040765    2.000550    
-1.241281    -1.901735    -1.241281    
0.392294    -0.163502    0.392294    
0.264436    -0.915389    0.264436    
-0.489724    -0.216786    -0.489724    
-0.593662    -0.737921    -0.593662    
0.944135    1.588146    0.944135    
-1.177159    0.197202    -1.177159    
-1.289373    -0.452055    -1.289373    
0.467388    -1.189230    0.467388    
-0.976848    1.472327    -0.976848    
0.833616    0.943589    0.833616    
-0.576612    -0.066576    -0.576612    
-0.641709    0.185362    -0.641709    
-0.245732    1.335944    -0.245732    
0.185006    0.937154    0.185006    
-1.643884    1.162196    -1.643884    
-0.348714    0.149627    -0.348714    
-1.238903    0.320932    -1.238903    
-1.528123    0.386472    -1.528123    
1.994610    -0.463667    1.994610    
0.199339    0.136669    0.199339    
-0.084357    -0.488400    -0.084357    
-0.440611    0.611123    -0.440611    
-0.945910    1.155791    -0.945910    
-0.585453    -1.955101    -0.585453    
-1.622527    -0.909433    -1.622527    
0.150812    1.116576    0.150812    
0.422491    1.084972    0.422491    
-1.720040    -0.452248    -1.720040    
0.550311    -1.800735    0.550311    
1.142487    -0.277208    1.142487    
0.228354    0.777030    0.228354    
0.828105    -0.286896    0.828105    
0.911086    0.002004    0.911086    
0.524056    -0.357067    0.524056    
1.071887    -0.085449    1.071887    
-0.804807    -0.693741    -0.804807    
0.437557    -1.655311    0.437557    
-0.162578    -1.038004    -0.162578    
-0.730259    1.669528    -0.730259    
-2.833316    0.475947    -2.833316    
1.580889    -1.071791    1.580889    
1.322591    -1.460767    1.322591    
0.027193    -0.387751    0.027193    
-0.920580    -0.337346    -0.920580    
0.432796    -0.887343    0.432796    
-0.066630    -0.430177    -0.066630    
-1.045260    -2.931467    -1.045260    
0.762437    0.690311    0.762437    
0.482653    -0.118549    0.482653    
-0.685359    0.835821    -0.685359    
-0.135896    -1.263950    -0.135896    
0.117393    -0.193585    0.117393    
1.359659    1.407626    1.359659    
-0.290920    1.122829    -0.290920    
-0.139658    0.162966    -0.139658    
2.492781    -0.002931    2.492781    
0.432604    -0.594432    0.432604    
0.528354    0.608073    0.528354    
0.423396    -0.892910    0.423396    
-0.790874    0.698616    -0.790874    
-2.295647    -0.046762    -2.295647    
2.246038    0.868588    2.246038    
-0.937383    2.963335    -0.937383    
-0.648121    -0.201682    -0.648121    
1.054048    -0.687125    1.054048    
-1.147732    -2.810984    -1.147732    
-0.592858    0.145842    -0.592858    
-2.362436    -1.104219    -2.362436    
0.556439    1.977093    0.556439    
0.295857    -0.679442    0.295857    
1.420212    0.779123    1.420212    
1.278503    1.790967    1.278503    
-0.410888    0.414968    -0.410888    
0.257523    0.910251    0.257523    
0.828606    -0.188579    0.828606    
0.890366    0.414002    0.890366    
0.497141    1.512257    0.497141    
0.646271    -0.652232    0.646271    
0.806436    -0.272526    0.806436    
-0.605439    -0.507807    -0.605439    
1.044706    -1.062057    1.044706    
0.277294    -0.333528    0.277294    
1.140509    -1.261456    1.140509    
0.467831    0.334547    0.467831    
-0.204912    -0.670023    -0.204912    
-0.375478    0.555073    -0.375478    
0.154905    0.076232    0.154905    
0.053391    -1.325350    0.053391    
0.746527    -0.658901    0.746527    
-0.394970    -1.240701    -0.394970    
-1.123839    -1.313263    -1.123839    
0.247794    0.198809    0.247794    
-0.405718    1.669090    -0.405718    
-1.063501    -0.114079    -1.063501    
1.048896    0.994946    1.048896    
-0.660190    1.878300    -0.660190    
-0.676689    1.287347    -0.676689    
1.900992    1.858441    1.900992    
-1.406480    0.463038    -1.406480    
-1.295446    1.187459    -1.295446    
-1.369556    0.138741    -1.369556    
0.094483    -0.826153    0.094483    
-1.016413    0.645197    -1.016413    
1.493131    -0.258102    1.493131    
0.326017    -0.549454    0.326017    
1.378308    -0.290328    1.378308    
0.282130    -1.559612    0.282130    
0.130119    0.302065    0.130119    
-2.240139    -1.959330    -2.240139    
-0.176626    -0.463759    -0.176626    
-0.809436    0.059922    -0.809436    
-0.448389    0.905481    -0.448389    
-0.912121    1.792130    -0.912121    
0.698608    1.140503    0.698608    
-0.934493    1.639480    -0.934493    
-0.195565    -0.784575    -0.195565    
0.465296    -0.098822    0.465296    
1.632071    -0.425274    1.632071    
1.395122    1.692582    1.395122    
2.238953    1.402293    2.238953    
0.929058    -0.437620    0.929058    
-1.089088    -0.692121    -1.089088    
-0.118109    0.424386    -0.118109    
1.890220    -1.044722    1.890220    
-0.880723    1.616884    -0.880723    
-0.185687    -0.812337    -0.185687    
-0.019198    -1.554699    -0.019198    
-0.312559    -0.878089    -0.312559    
-0.867474    -0.167587    -0.867474    
-2.197141    0.524585    -2.197141    
-0.719628    -2.087598    -0.719628    
0.083602    -0.525018    0.083602    
1.744086    -0.619120    1.744086    
-0.275270    1.502047    -0.275270    
0.975936    1.320847    0.975936    
1.054497    1.630703    1.054497    
-0.100719    -0.726238    -0.100719    
0.731433    -0.482720    0.731433    
1.248343    -0.750477    1.248343    
0.141152    -0.792058    0.141152    
1.302742    -1.317273    1.302742    
-0.150811    0.547819    -0.150811    
0.086238    -0.167474    0.086238    
-1.041463    -2.539635    -1.041463    
1.387321    1.251942    1.387321    
-2.767987    0.489130    -2.767987    
1.680551    -0.151587    1.680551    
-0.334640    -0.400522    -0.334640    
1.070037    -1.006828    1.070037    
1.273208    0.185558    1.273208    
-0.324948    -0.497753    -0.324948    
1.091401    0.248186    1.091401    
1.516601    -1.979917    1.516601    
0.988780    -0.278371    0.988780    
1.091642    1.702067    1.091642    
0.358554    -0.654347    0.358554    
0.176392    0.309505    0.176392    
-1.333721    1.431042    -1.333721    
-1.465541    0.226007    -1.465541    
-0.995202    0.337641    -0.995202    
0.730889    -2.014770    0.730889    
0.398557    -0.399623    0.398557    
-1.668194    -1.272783    -1.668194    
-1.009662    -1.884451    -1.009662    
0.725758    0.755103    0.725758    
-2.077344    0.702847    -2.077344    
1.301532    0.055623    1.301532    
-0.167542    0.507852    -0.167542    
0.541852    -0.608574    0.541852    
-3.381902    -0.384163    -3.381902    
-1.123391    0.652141    -1.123391    
0.959225    0.201134    0.959225    
-1.209742    0.556589    -1.209742    
0.028644    0.411924    0.028644    
-0.016581    0.151950    -0.016581    
0.294341    -0.594601    0.294341    
-1.074303    0.314455    -1.074303    
0.277762    -1.014232    0.277762    
-0.464867    0.798484    -0.464867    
1.818197    -1.041571    1.818197    
0.011928    1.145868    0.011928    
1.110631    -0.399447    1.110631    
-1.083262    0.431164    -1.083262    
-1.723693    -1.014041    -1.723693    
-0.428862    0.132963    -0.428862    
1.525493    -1.191479    1.525493    
-0.563872    -0.215662    -0.563872    
0.816602    -1.415385    0.816602    
-1.114239    -0.358924    -1.114239    
0.782674    -0.735239    0.782674    
0.131592    0.163733    0.131592    
-0.860803    -1.067625    -0.860803    
0.147978    1.637764    0.147978    
0.363961    -0.860624    0.363961    
-0.219700    0.924445    -0.219700    
1.756075    -0.721109    1.756075    
1.167203    1.131824    1.167203    
-1.008576    0.253447    -1.008576    
1.275953    -0.767700    1.275953    
0.599689    0.487034    0.599689    
1.279956    2.905917    1.279956    
-0.002844    1.350061    -0.002844    
1.016564    0.220544    1.016564    
1.812194    1.233118    1.812194    
0.314597    0.333408    0.314597    
1.827343    0.009465    1.827343    
0.654820    1.068023    0.654820    
-0.966567    -1.371462    -0.966567    
-0.484165    1.501072    -0.484165    
1.329003    2.076919    1.329003    
0.665537    0.885983    0.665537    
-0.317710    -1.084174    -0.317710    
-0.730038    0.749054    -0.730038    
-0.582735    0.616551    -0.582735    
0.697350    -0.668803    0.697350    
-0.262115    0.558992    -0.262115    
0.667793    -1.364924    0.667793    
-0.811018    -0.222246    -0.811018    
1.052482    -0.220599    1.052482    
-0.860438    -0.475808    -0.860438    
-0.638505    1.690363    -0.638505    
0.028419    -0.408179    0.028419    
-0.480182    -0.099882    -0.480182    
0.604023    0.566424    0.604023    
0.215315    -0.255160    0.215315    
-0.171474    0.100330    -0.171474    
-0.314245    0.820159    -0.314245    
0.128056    0.325686    0.128056    
-1.935768    -1.477698    -1.935768    
0.595748    0.777870    0.595748    
1.192714    0.658541    1.192714    
-0.865551    -0.241272    -0.865551    
0.095385    1.285890    0.095385    
-1.037006    -0.872389    -1.037006    
-0.106637    -0.922139    -0.106637    
0.061248    -0.823159    0.061248    
-1.788432    -0.047063    -1.788432    
0.721855    -1.666196    0.721855    
0.837459    0.713022    0.837459    
-0.007804    1.775152    -0.007804    
0.944128    -0.029309    0.944128    
0.875009    -0.836036    0.875009    
0.815274    1.074430    0.815274    
-0.013241    0.755802    -0.013241    
1.872239    0.111685    1.872239    
1.325744    -0.001718    1.325744    
1.227522    1.255881    1.227522    
1.021149    0.003916    1.021149    
0.086863    -1.985216    0.086863    
-0.284501    -1.481872    -0.284501    
0.647131    0.838338    0.647131    
-0.419277    -1.357828    -0.419277    
1.166455    -1.022251    1.166455    
0.725817    -0.363905    0.725817    
0.644424    0.411611    0.644424    
-0.358558    0.419551    -0.358558    
1.876577    -1.902874    1.876577    
-1.250687    0.667957    -1.250687    
-0.413523    -0.272720    -0.413523    
-2.545201    -1.572226    -2.545201    
-0.065475    -2.750797    -0.065475    
1.547398    -0.339742    1.547398    
0.884104    -0.026239    0.884104    
0.122146    -1.156840    0.122146    
0.103504    2.376506    0.103504    
-0.407447    -0.965277    -0.407447    
-0.602204    0.410768    -0.602204    
-0.917006    -0.258481    -0.917006    
-0.373989    -0.504475    -0.373989    
-0.345824    -0.040635    -0.345824    
0.893991    1.616578    0.893991    
-0.537609    0.619391    -0.537609    
0.327060    -0.235883    0.327060    
-0.077442    -1.144015    -0.077442    
1.835083    0.898648    1.835083    
-0.276289    -0.066406    -0.276289    
0.225724    -1.055408    0.225724    
-0.266837    1.270202    -0.266837    
-1.101373    -0.394817    -1.101373    
0.636628    -1.455776    0.636628    
0.391835    -1.433209    0.391835    
1.120327    -0.141373    1.120327    
-1.216040    0.151499    -1.216040    
1.263079    1.697026    1.263079    
-1.677105    0.634564    -1.677105    
-0.376140    -0.466007    -0.376140    
-0.213769    0.182186    -0.213769    
-0.269423    -0.936951    -0.269423    
0.054487    0.900812    0.054487    
1.008941    0.461438    1.008941    
-0.754989    0.967770    -0.754989    
-1.002604    2.545744    -1.002604    
-0.558307    -0.124196    -0.558307    
-0.781720    0.107454    -0.781720    
-0.632505    -0.033001    -0.632505    
-0.745673    -0.343899    -0.745673    
0.547646    -1.995693    0.547646    
0.534699    -1.023717    0.534699    
0.593194    1.604640    0.593194    
-0.901913    -1.155909    -0.901913    
2.590664    -1.162171    2.590664    
1.747157    0.111257    1.747157    
-0.162258    0.422710    -0.162258    
-0.372407    0.536313    -0.372407    
0.370474    0.994121    0.370474    
-1.118487    -0.642840    -1.118487    
0.630011    -0.362722    0.630011    
-1.208328    -0.374911    -1.208328    
0.144623    -0.661920    0.144623    
-0.366685    -0.139686    -0.366685    
0.416245    1.164909    0.416245    
0.256928    0.890834    0.256928    
0.562184    1.883507    0.562184    
1.045356    -1.695744    1.045356    
1.252252    -0.580610    1.252252    
-2.280149    -2.155038    -2.280149    
0.262888    1.456648    0.262888    
-1.608289    -0.185780    -1.608289    
-1.036825    -0.265524    -1.036825    
0.746705    0.702680    0.746705    
2.102567    0.391263    2.102567    
-0.100324    -0.677373    -0.100324    
-1.845319    0.034221    -1.845319    
-0.815555    -0.394215    -0.815555    
1.264457    -1.147087    1.264457    
1.209153    -0.129869    1.209153    
-0.963310    0.150948    -0.963310    
0.382571    0.450761    0.382571    
-0.940327    -0.644076    -0.940327    
0.008065    -0.632952    0.008065    
1.051454    -1.132871    1.051454    
0.242590    0.180512    0.242590    
-1.270940    -1.620936    -1.270940    
-0.633786    -0.065894    -0.633786    
1.144812    -0.467260    1.144812    
0.696387    1.426238    0.696387    
1.785611    -0.190478    1.785611    
-0.044706    0.009915    -0.044706    
-0.763465    -0.313110    -0.763465    
-0.155036    -1.946796    -0.155036    
-1.299772    0.695148    -1.299772    
-0.475901    -0.760573    -0.475901    
0.162128    0.048875    0.162128    
0.626620    0.749445    0.626620    
-0.052404    -0.721949    -0.052404    
-0.629673    0.591819    -0.629673    
-1.625743    1.889127    -1.625743    
0.632174    -0.309330    0.632174    
-0.625150    -0.810380    -0.625150    
-0.513029    0.132051    -0.513029    
-0.394592    0.353531    -0.394592    
1.413288    -0.371275    1.413288    
0.353265    0.903808    0.353265    
0.434085    1.110712    0.434085    
-0.685087    1.276203    -0.685087    
-1.135767    -0.675523    -1.135767    
0.054064    0.404603    0.054064    
-0.199874    1.747071    -0.199874    
-1.205059    -0.790642    -1.205059    
-0.462176    -0.021229    -0.462176    
-1.417574    -2.385263    -1.417574    
-0.521337    -0.033441    -0.521337    
0.602628    -1.737347    0.602628    
-0.490243    1.183818    -0.490243    
-1.816570    -0.194136    -1.816570    
1.215463    -1.769974    1.215463    
0.391182    -4.183050    0.391182    
-1.659795    1.140810    -1.659795    
0.191291    1.064243    0.191291    
-0.498973    0.086464    -0.498973    
0.362054    -1.009622    0.362054    
-0.405418    0.417994    -0.405418    
-0.461552    1.238231    -0.461552    
-1.507730    0.717380    -1.507730    
0.587444    0.668273    0.587444    
0.488896    1.367048    0.488896    
-1.067723    0.245797    -1.067723    
1.835553    0.369067    1.835553    
1.859317    -0.044491    1.859317    
-0.765220    0.515938    -0.765220    
-1.258649    -1.047507    -1.258649    
1.595683    -1.601406    1.595683    
-1.406104    0.380032    -1.406104    
-1.412360    -0.604102    -1.412360    
-0.429181    0.301899    -0.429181    
0.159213    -1.337157    0.159213    
-0.422428    0.290070    -0.422428    
0.150514    -0.803057    0.150514    
0.191394    0.433729    0.191394    
-1.249626    0.627817    -1.249626    
-1.509096    0.502798    -1.509096    
-1.989662    -1.291362    -1.989662    
-0.050018    0.049687    -0.050018    
0.625672    -0.038413    0.625672    
0.901791    -0.064281    0.901791    
-0.629233    -1.377301    -0.629233    
0.523438    0.389829    0.523438    
-1.308832    0.000513    -1.308832    
-0.154973    -0.142668    -0.154973    
0.175762    -0.424629    0.175762    
0.785151    1.166551    0.785151    
-0.723276    0.353775    -0.723276    
1.172268    0.306726    1.172268    
-1.146443    -1.663685    -1.146443    
1.519937    -0.027821    1.519937    
-0.009274    -0.412862    -0.009274    
1.163963    -2.020447    1.163963    
0.752359    -0.676391    0.752359    
0.312885    0.158986    0.312885    
-0.509215    -0.673978    -0.509215    
1.199611    -0.026360    1.199611    
-1.769397    0.671761    -1.769397    
-0.471311    0.427288    -0.471311    
-0.145045    1.258128    -0.145045    
2.077310    0.694346    2.077310    
-0.727751    -1.440221    -0.727751    
0.360463    0.659239    0.360463    
1.893552    -0.336293    1.893552    
1.646146    -2.275020    1.646146    
1.778551    1.143177    1.778551    
-1.500389    0.237699    -1.500389    
-1.524729    0.262515    -1.524729    
0.346176    0.001811    0.346176    
0.359212    0.771168    0.359212    
-0.433172    0.276226    -0.433172    
-0.114960    -0.453115    -0.114960    
0.333102    -0.303590    0.333102    
-1.000652    -0.346544    -1.000652    
0.029366    -1.677960    0.029366    
-0.750378    0.554502    -0.750378    
0.671993    0.148878    0.671993    
0.269807    -0.351764    0.269807    
0.938195    0.270911    0.938195    
1.041549    1.459791    1.041549    
1.682067    0.278661    1.682067    
0.619171    1.554105    0.619171    
0.124458    0.904320    0.124458    
0.224094    -0.113816    0.224094    
-0.390391    -0.745449    -0.390391    
0.080377    1.265902    0.080377    
-1.173283    -0.188081    -1.173283    
0.274730    1.930604    0.274730    
3.256654    0.110570    3.256654    
0.090175    1.769283    0.090175    
-0.391999    0.021967    -0.391999    
0.026280    -1.061641    0.026280    
-0.039874    -1.292674    -0.039874    
0.368753    -0.860217    0.368753    
0.474312    -0.036327    0.474312    
0.020358    1.311437    0.020358    
0.359143    0.462407    0.359143    
0.038610    -0.297202    0.038610    
1.057567    -0.208311    1.057567    
0.970341    -0.849762    0.970341    
0.462070    0.626818    0.462070    
0.586168    -0.001337    0.586168    
-0.347929    1.756403    -0.347929    
-0.888396    -0.229418    -0.888396    
2.070044    -1.889856    2.070044    
-1.259574    0.568201    -1.259574    
-0.009854    2.278939    -0.009854    
-1.077406    -0.685651    -1.077406    
-1.994492    0.734590    -1.994492    
0.016452    0.616330    0.016452    
-0.955710    -0.374064    -0.955710    
0.235261    -1.298617    0.235261    
0.051018    -1.878333    0.051018    
-2.033678    -0.953478    -2.033678    
1.260277    0.492806    1.260277    
-0.237160    -1.060941    -0.237160    
0.463510    -0.381225    0.463510    
-0.346925    0.263261    -0.346925    
-0.437229    0.357798    -0.437229    
1.537375    0.623759    1.537375    
1.525146    -0.389595    1.525146    
-0.236573    -0.173568    -0.236573    
-0.212251    -1.579069    -0.212251    
0.945993    0.985919    0.945993    
0.305371    0.201921    0.305371    
0.168263    -0.522393    0.168263    
0.173600    0.398588    0.173600    
0.651177    -0.636245    0.651177    
-0.046997    1.326541    -0.046997    
-0.896444    0.199721    -0.896444    
-0.275224    0.116920    -0.275224    
-0.026817    -0.795782    -0.026817    
-1.898191    -1.527360    -1.898191    
-0.139506    0.072807    -0.139506    
0.885190    0.044884    0.885190    
1.124852    1.041789    1.124852    
-1.098205    0.680621    -1.098205    
-0.064000    -0.296338    -0.064000    
1.656478    0.053756    1.656478    
0.847289    1.203667    0.847289    
1.709650    0.381207    1.709650    
-1.905182    0.391560    -1.905182    
-1.049884    -1.362408    -1.049884    
-0.273406    -0.017030    -0.273406    
0.520755    0.233074    0.520755    
0.408812    1.298104    0.408812    
-1.561174    1.669930    -1.561174    
-1.093179    0.904205    -1.093179    
-0.339832    1.459871    -0.339832    
0.134844    -0.350401    0.134844    
1.086534    0.150481    1.086534    
0.928537    -0.925129    0.928537    
-0.166795    1.361145    -0.166795    
0.415122    0.758169    0.415122    
0.665902    -0.078000    0.665902    
-0.394086    -2.170095    -0.394086    
-0.171791    -1.599335    -0.171791    
-0.798457    -0.953858    -0.798457    
2.113759    -0.586159    2.113759    
-0.361721    -0.037464    -0.361721    
-0.331930    0.891806    -0.331930    
-1.159182    -2.643534    -1.159182    
0.545263    0.491847    0.545263    
0.795081    0.375660    0.795081    
-0.591121    -0.794415    -0.591121    
-0.909527    -0.485642    -0.909527    
-1.651035    -1.980472    -1.651035    
0.599289    1.159575    0.599289    
0.848224    1.693350    0.848224    
-0.039030    0.030453    -0.039030    
-1.150354    -0.950824    -1.150354    
-2.384326    -2.166062    -2.384326    
-1.662768    -1.331279    -1.662768    
-0.164766    -0.711945    -0.164766    
-0.374988    -0.982661    -0.374988    
-0.812234    -0.296827    -0.812234    
1.475721    -1.836785    1.475721    
1.847910    -0.666499    1.847910    
-0.410673    -0.910888    -0.410673    
1.982227    -0.551261    1.982227    
-0.012937    -1.539975    -0.012937    
0.612181    0.067321    0.612181    
-0.321390    -0.505794    -0.321390    
0.392651    -1.591085    0.392651    
-0.771737    -0.016838    -0.771737    
0.185866    -0.493012    0.185866    
3.131864    -0.484630    3.131864    
0.382154    0.689256    0.382154    
-0.617234    -0.310501    -0.617234    
-0.150410    0.309158    -0.150410    
0.424759    0.503718    0.424759    
2.896745    0.977387    2.896745    
1.603427    1.097905    1.603427    
-1.222778    0.539065    -1.222778    
-0.724147    -0.138227    -0.724147    
0.252215    0.950910    0.252215    
-1.287116    1.032246    -1.287116    
-1.323683    1.421984    -1.323683    
-1.027218    -0.226662    -1.027218    
0.598995    1.355592    0.598995    
-1.423794    1.358227    -1.423794    
-0.552518    -1.389849    -0.552518    
-0.335977    0.517439    -0.335977    
-1.144428    -0.058780    -1.144428    
0.242865    0.314215    0.242865    
0.785237    1.645321    0.785237    
-0.674522    0.514682    -0.674522    
1.502302    0.079231    1.502302    
0.657724    -0.029948    0.657724    
-0.273979    -0.419481    -0.273979    
-1.086104    1.630583    -1.086104    
1.154268    -1.136953    1.154268    
1.340155    0.215835    1.340155    
1.189389    0.852882    1.189389    
0.424325    0.668539    0.424325    
-0.792954    -0.762761    -0.792954    
-0.809720    0.406604    -0.809720    
1.469935    -0.907070    1.469935    
-1.277650    -0.682456    -1.277650    
-0.044048    -0.252243    -0.044048    
0.942375    -0.068592    0.942375    
1.826864    -1.021714    1.826864    
0.326022    0.037445    0.326022    
0.213922    -0.192030    0.213922    
0.208375    0.751878    0.208375    
1.102760    0.317282    1.102760    
0.321603    1.272038    0.321603    
0.208847    0.626098    0.208847    
1.577860    -0.152108    1.577860    
0.414480    -0.372155    0.414480    
0.510464    0.519103    0.510464    
-1.310249    0.096317    -1.310249    
-0.731315    0.703301    -0.731315    
1.666062    -0.365344    1.666062    
0.071589    0.808859    0.071589    
0.800544    -1.403048    0.800544    
-0.472617    0.232478    -0.472617    
-1.003354    0.449179    -1.003354    
-0.336268    1.299459    -0.336268    
-1.261955    -0.410674    -1.261955    
0.056265    0.950074    0.056265    
0.845523    1.224251    0.845523    
1.266775    -0.772389    1.266775    
-0.813411    1.229402    -0.813411    
0.284986    -1.305081    0.284986    
-1.350796    -0.496462    -1.350796    
1.260613    0.327490    1.260613    
-0.140449    0.524418    -0.140449    
-0.531634    -1.586867    -0.531634    
-2.794054    -1.573423    -2.794054    
1.175230    1.154758    1.175230    
0.058613    -1.221332    0.058613    
-1.720382    2.214947    -1.720382    
-0.305915    -1.164884    -0.305915    
1.501757    -0.661308    1.501757    
-0.724740    -0.236978    -0.724740    
-0.896764    0.405313    -0.896764    
-0.238095    0.708309    -0.238095    
-1.506300    -0.007604    -1.506300    
-0.573019    -0.807234    -0.573019    
-0.322723    0.043802    -0.322723    
-0.666279    -1.099779    -0.666279    
-0.524260    -0.213886    -0.524260    
0.416962    -0.417272    0.416962    
0.507676    -0.186523    0.507676    
-1.715367    -0.048755    -1.715367    
0.338869    -0.293709    0.338869    
-0.229011    0.804631    -0.229011    
0.701265    -0.203558    0.701265    
-2.318074    -0.976831    -2.318074    
-0.707698    0.009487    -0.707698    
0.499946    -0.353320    0.499946    
1.590614    0.478724    1.590614    
-0.426419    1.100734    -0.426419    
-1.223025    0.719191    -1.223025    
1.346773    -1.478529    1.346773    
-0.061476    0.843300    -0.061476    
0.226899    0.235733    0.226899    
0.053546    -1.051132    0.053546    
0.296044    0.249151    0.296044    
-0.941637    1.524282    -0.941637    
0.330653    0.255591    0.330653    
0.203538    -0.675558    0.203538    
-0.261459    -2.005018    -0.261459    
-0.379060    2.962422    -0.379060    
-1.477452    -0.707615    -1.477452    
-0.821592    -2.618434    -0.821592    
0.298492    -0.729033    0.298492    
-0.581029    0.574149    -0.581029    
1.741927    0.494679    1.741927    
-0.689282    0.275700    -0.689282    
1.181072    0.903620    1.181072    
1.492971    0.121525    1.492971    
1.426552    2.057810    1.426552    
1.255873    -0.722283    1.255873    
0.200633    0.553923    0.200633    
-1.044323    -0.462941    -1.044323    
-0.473214    -0.643193    -0.473214    
-2.617977    0.659366    -2.617977    
2.329307    0.557232    2.329307    
-0.373860    -0.729844    -0.373860    
-0.706186    -0.606673    -0.706186    
-1.727613    1.915281    -1.727613    
0.303309    0.565734    0.303309    
-0.733109    0.885738    -0.733109    
0.554516    -0.296251    0.554516    
-2.153487    0.298310    -2.153487    
-0.707067    1.073923    -0.707067    
0.184012    0.378959    0.184012    
-0.656627    -0.561996    -0.656627    
-0.469572    1.228158    -0.469572    
-0.384758    -2.006286    -0.384758    
0.095261    -0.162629    0.095261    
-1.246764    -0.771240    -1.246764    
-0.293026    0.409919    -0.293026    
-0.519891    2.527485    -0.519891    
-0.044967    -1.277778    -0.044967    
0.782009    0.017172    0.782009    
-0.277242    1.218379    -0.277242    
1.133732    -0.817659    1.133732    
-1.974506    0.651055    -1.974506    
-0.278489    0.518780    -0.278489    
-0.003491    0.335346    -0.003491    
-1.219791    -1.541424    -1.219791    
-0.850867    -0.351402    -0.850867    
-1.382106    1.125948    -1.382106    
-1.692458    -2.020714    -1.692458    
-0.039559    0.142957    -0.039559    
1.093712    0.885720    1.093712    
-0.012177    0.243823    -0.012177    
0.892796    1.441380    0.892796    
-2.194016    -0.816525    -2.194016    
-0.492325    1.715835    -0.492325    
0.488898    -1.735440    0.488898    
0.493592    0.711227    0.493592    
0.681839    -0.686187    0.681839    
-0.204542    1.038217    -0.204542    
-0.562497    0.721704    -0.562497    
-0.841138    0.778608    -0.841138    
-1.833942    0.386164    -1.833942    
-0.919139    0.139315    -0.919139    
0.119729    -0.927924    0.119729    
-0.168123    0.724024    -0.168123    
0.461334    0.495184    0.461334    
0.540468    0.353823    0.540468    
0.727508    0.351620    0.727508    
-0.056211    -0.477197    -0.056211    
0.450842    0.640273    0.450842    
0.397185    0.387193    0.397185    
1.354831    1.891411    1.354831    
-0.521142    1.537346    -0.521142    
1.404275    -0.650028    1.404275    
0.739616    0.891191    0.739616    
1.726867    -0.084018    1.726867    
-0.226985    -0.025515    -0.226985    
-0.670264    -0.924751    -0.670264    
-1.174115    -0.150522    -1.174115    
-1.534065    2.766874    -1.534065    
-0.395818    0.020882    -0.395818    
0.631736    0.109975    0.631736    
0.426726    -1.111793    0.426726    
1.472576    -0.306785    1.472576    
-0.156191    -1.651688    -0.156191    
-0.057600    1.172275    -0.057600    
0.111877    -1.024670    0.111877    
-0.139277    -1.447770    -0.139277    
1.363879    0.684055    1.363879    
2.322806    -0.043703    2.322806    
0.975638    -1.390517    0.975638    
-1.748090    0.464160    -1.748090    
-0.392297    -0.574571    -0.392297    
-0.982264    0.524995    -0.982264    
-0.399505    -0.494844    -0.399505    
0.271992    -0.552957    0.271992    
-1.298993    2.356126    -1.298993    
1.789811    0.612679    1.789811    
0.063081    -1.112371    0.063081    
0.246944    1.014543    0.246944    
0.864311    -0.549815    0.864311    
-0.226987    -1.043096    -0.226987    
-0.994450    0.458905    -0.994450    
-1.067955    0.334085    -1.067955    
-0.350339    0.283078    -0.350339    
0.037112    1.070573    0.037112    
-0.375969    0.062223    -0.375969    
-1.334692    -2.556435    -1.334692    
1.686514    1.248688    1.686514    
-1.093547    -0.441626    -1.093547    
-0.902836    0.789444    -0.902836    
0.091786    0.009729    0.091786    
-0.415737    0.554962    -0.415737    
-1.195651    0.304830    -1.195651    
1.020083    1.623116    1.020083    
-0.006353    -1.096047    -0.006353    
0.950376    0.619170    0.950376    
-1.256983    1.153101    -1.256983    
-0.113140    -2.168746    -0.113140    
-0.314412    0.867755    -0.314412    
-0.706572    0.745512    -0.706572    
-1.624681    -1.435597    -1.624681    
-1.705177    0.621498    -1.705177    
-0.131583    -1.799978    -0.131583    
0.551460    -1.793149    0.551460    
-0.788897    0.286226    -0.788897    
3.361115    -1.191844    3.361115    
-0.121759    0.421656    -0.121759    
-1.393240    -0.463604    -1.393240    
-0.551155    1.611853    -0.551155    
-1.112129    0.938889    -1.112129    
-2.264898    -0.556137    -2.264898    
0.576847    0.826399    0.576847    
1.509007    -1.754085    1.509007    
-0.655856    0.604795    -0.655856    
-1.270729    0.529193    -1.270729    
0.243114    0.147332    0.243114    
-1.867835    -0.465189    -1.867835    
0.827066    0.022942    0.827066    
-0.194673    -1.242158    -0.194673    
-0.970223    -0.833849    -0.970223    
-0.702754    0.733080    -0.702754    
-1.836428    0.588915    -1.836428    
0.255347    -0.664635    0.255347    
-1.152398    0.375369    -1.152398    
-0.620394    0.089206    -0.620394    
-0.340683    0.769178    -0.340683    
-0.063456    0.132216    -0.063456    
1.144696    -2.599729    1.144696    
2.323081    -1.657802    2.323081    
-0.970660    2.000789    -0.970660    
-0.505342    -0.706118    -0.505342    
-0.095835    -1.026033    -0.095835    
-0.758383    1.609748    -0.758383    
-0.587439    -0.736480    -0.587439    
0.270727    0.189902    0.270727    
0.389766    -0.566372    0.389766    
0.731200    0.982189    0.731200    
0.104034    -0.900713    0.104034    
0.987809    -0.191244    0.987809    
-0.654266    0.472030    -0.654266    
0.279208    1.107954    0.279208    
-1.491988    1.038496    -1.491988    
0.425865    1.336093    0.425865    
1.039288    -0.437624    1.039288    
0.307689    -0.324981    0.307689    
-1.165051    -0.147929    -1.165051    
-0.501055    0.702378    -0.501055    
1.754644    -0.782117    1.754644    
1.266812    0.399100    1.266812    
-0.939790    -1.256871    -0.939790    
0.998531    -1.508009    0.998531    
1.158460    -0.755873    1.158460    
0.205810    -1.070074    0.205810    
-0.554867    0.819710    -0.554867    
-0.944370    -1.122326    -0.944370    
1.303100    0.296500    1.303100    
-1.450025    -0.390848    -1.450025    
0.216157    -0.471347    0.216157    
-0.235315    -0.748173    -0.235315    
-0.055380    0.476412    -0.055380    
-1.303292    1.081069    -1.303292    
1.583396    -0.566998    1.583396    
-1.547534    -1.000658    -1.547534    
-0.048038    0.300610    -0.048038    
-0.112865    1.163734    -0.112865    
0.385742    1.346804    0.385742    
0.856116    -1.650670    0.856116    
1.325633    -0.462386    1.325633    
-0.567769    -0.226374    -0.567769    
0.080916    -1.756904    0.080916    
0.688048    2.343690    0.688048    
-0.477481    -1.000569    -0.477481    
-1.527698    0.282501    -1.527698    
1.694006    1.846463    1.694006    
-0.043466    -0.111910    -0.043466    
0.078277    0.377645    0.078277    
-0.775695    -1.075801    -0.775695    
-0.253503    -0.050944    -0.253503    
0.624662    0.403390    0.624662    
-2.048356    0.086530    -2.048356    
-0.638059    0.672625    -0.638059    
-1.740720    0.652081    -1.740720    
-0.230400    0.771093    -0.230400    
1.282229    0.209487    1.282229    
-0.111743    -0.188404    -0.111743    
0.080973    0.888884    0.080973    
-0.526355    0.045649    -0.526355    
0.543454    0.961766    0.543454    
1.728275    0.862014    1.728275    
-0.989075    -0.275513    -0.989075    
-0.028836    0.168192    -0.028836    
0.845643    0.709536    0.845643    
0.841885    0.073162    0.841885    
0.368100    0.340034    0.368100    
0.164786    -0.264865    0.164786    
0.949674    -0.955549    0.949674    
1.206913    1.580729    1.206913    
-0.795847    -0.837878    -0.795847    
-0.034532    0.377008    -0.034532    
-0.463808    -1.235900    -0.463808    
-0.870534    0.048726    -0.870534    
0.391855    0.603420    0.391855    
-0.949281    -0.518230    -0.949281    
0.930036    -0.666615    0.930036    
0.526548    0.233620    0.526548    
-0.999359    -0.283599    -0.999359    
-0.668078    -0.175614    -0.668078    
2.034158    -0.540808    2.034158    
-0.266446    -0.457646    -0.266446    
-0.437521    -1.669242    -0.437521    
-0.981025    0.682941    -0.981025    
-0.978446    0.162979    -0.978446    
-0.227649    0.683793    -0.227649    
0.067624    0.322398    0.067624    
-0.608237    -0.843398    -0.608237    
-2.139204    -0.363478    -2.139204    
0.557443    1.419144    0.557443    
-0.727747    1.526109    -0.727747    
-1.203419    0.214366    -1.203419    
-1.163437    0.070543    -1.163437    
-0.716715    -0.231614    -0.716715    
0.389273    -0.578802    0.389273    
2.123957    -0.642028    2.123957    
-0.750123    0.292327    -0.750123    
0.043561    0.531652    0.043561    
0.466344    0.214910    0.466344    
1.162339    -1.487227    1.162339    
1.087197    0.249543    1.087197    
0.822763    0.937817    0.822763    
0.685630    1.600768    0.685630    
-0.082655    0.658178    -0.082655    
0.995089    -0.247291    0.995089    
0.780166    -0.927062    0.780166    
-0.291266    -1.053272    -0.291266    
1.080785    -0.570848    1.080785    
-0.749602    -0.613782    -0.749602    
1.484722    -0.220722    1.484722    
-0.119701    -1.159852    -0.119701    
-1.213662    -0.658077    -1.213662    
-1.599469    1.158312    -1.599469    
0.487364    -1.231024    0.487364    
1.864737    -0.905428    1.864737    
0.561698    0.286248    0.561698    
0.807820    0.173746    0.807820    
1.224637    0.046267    1.224637    
0.421767    -0.037375    0.421767    
-0.577416    -0.028375    -0.577416    
-1.128706    -1.437468    -1.128706    
0.076931    1.227335    0.076931    
0.025651    -0.129111    0.025651    
1.396586    1.096227    1.396586    
-0.074743    -0.861310    -0.074743    
-0.191063    2.359766    -0.191063    
-1.113258    -1.156277    -1.113258    
-0.628517    0.826799    -0.628517    
-0.017160    0.703045    -0.017160    
0.085508    -0.184588    0.085508    
1.045873    2.454923    1.045873    
-0.158015    -0.116936    -0.158015    
-0.778643    -0.750949    -0.778643    
-0.968144    -0.293204    -0.968144    
1.887209    -0.248317    1.887209    
-0.080023    -0.343793    -0.080023    
-0.398082    -0.873516    -0.398082    
-0.068833    0.513488    -0.068833    
-1.056713    -0.284646    -1.056713    
1.906118    -1.085547    1.906118    
-0.306002    1.494411    -0.306002    
0.758295    -1.075996    0.758295    
-1.587576    2.076541    -1.587576    
-0.090805    -1.921270    -0.090805    
0.593823    1.055992    0.593823    
0.033348    0.468392    0.033348    
-1.036755    -0.554214    -1.036755    
-0.009459    -1.204961    -0.009459    
0.406523    -0.904597    0.406523    
0.298254    0.790365    0.298254    
-1.210512    -1.051106    -1.210512    
-0.300730    -0.590278    -0.300730    
2.143853    0.109504    2.143853    
-1.263936    -2.028100    -1.263936    
-0.165375    0.752934    -0.165375    
0.291313    2.214846    0.291313    
-1.164972    -0.241504    -1.164972    
-0.575353    0.544250    -0.575353    
-0.546038    -1.418843    -0.546038    
-1.278727    0.602391    -1.278727    
0.043223    -0.779919    0.043223    
1.562318    -0.437417    1.562318    
-0.975251    1.009042    -0.975251    
-1.083447    -0.528914    -1.083447    
0.902020    1.115150    0.902020    
0.535712    0.169021    0.535712    
1.002521    -2.027027    1.002521    
0.780208    0.105837    0.780208    
-2.263690    -0.481949    -2.263690    
-2.181820    -0.242069    -2.181820    
0.921966    0.930086    0.921966    
-0.545607    0.847592    -0.545607    
-1.796527    -3.763372    -1.796527    
0.904354    0.098162    0.904354    
0.142129    -0.177982    0.142129    
-0.014947    -1.376659    -0.014947    
-0.252653    -0.385578    -0.252653    
0.226324    0.974956    0.226324    
0.323436    0.284271    0.323436    
2.382235    -1.467921    2.382235    
0.624515    -1.044893    0.624515    
1.389270    1.205829    1.389270    
-2.245519    -0.181150    -2.245519    
-0.193534    0.655115    -0.193534    
0.112865    0.755140    0.112865    
-0.306032    -1.414622    -0.306032    
0.052257    -0.743806    0.052257    
-1.545632    -1.203066    -1.545632    
0.992209    0.302915    0.992209    
-0.779631    0.740690    -0.779631    
-0.740002    -2.714581    -0.740002    
-0.402297    -0.639635    -0.402297    
1.375452    1.268697    1.375452    
0.851983    0.480322    0.851983    
0.102626    -0.636576    0.102626    
-1.178791    0.420458    -1.178791    
-1.105545    -0.364511    -1.105545    
-0.261901    1.023201    -0.261901    
-1.104418    -1.812797    -1.104418    
0.726346    -1.606318    0.726346    
0.649393    -0.093516    0.649393    
0.769941    0.713259    0.769941    
0.246856    -2.425547    0.246856    
0.845914    -0.884417    0.845914    
0.410690    -1.504417    0.410690    
0.227624    0.883904    0.227624    
0.635969    1.091632    0.635969    
-1.655262    -0.750220    -1.655262    
-0.605401    0.429779    -0.605401    
1.024029    0.410807    1.024029    
-0.024889    -0.760560    -0.024889    
-0.334949    1.842656    -0.334949    
-1.111475    1.680721    -1.111475    
-0.182634    0.278575    -0.182634    
0.628233    2.688423    0.628233    
-0.808529    -0.932896    -0.808529    
0.053487    -1.368930    0.053487    
0.480188    1.460976    0.480188    
0.755784    -0.738064    0.755784    
-1.094484    0.322831    -1.094484    
-0.655244    -0.937998    -0.655244    
0.105490    -0.018973    0.105490    
-1.036133    -0.499530    -1.036133    
-0.067953    1.770604    -0.067953    
-0.005992    0.188956    -0.005992    
-0.000047    0.404470    -0.000047    
0.361794    1.572643    0.361794    
-1.000661    0.981303    -1.000661    
0.692795    -0.989167    0.692795    
1.186298    -1.023861    1.186298    
0.069782    -0.162737    0.069782    
0.273459    -1.018924    0.273459    
-0.317080    0.329270    -0.317080    
0.990470    -0.466848    0.990470    
-0.839185    1.985048    -0.839185    
1.242435    0.090930    1.242435    
0.487091    0.793165    0.487091    
-0.828962    -1.359507    -0.828962    
-0.905692    0.010958    -0.905692    
0.475049    0.359316    0.475049    
-0.465998    -0.119171    -0.465998    
-1.212092    -0.295258    -1.212092    
-1.460498    0.020119    -1.460498    
0.795649    0.231109    0.795649    
-1.349514    -0.816495    -1.349514    
1.872604    0.716518    1.872604    
-1.837361    0.902250    -1.837361    
-0.956762    -0.253482    -0.956762    
-0.078044    0.365051    -0.078044    
-0.234962    -0.664067    -0.234962    
-0.713505    0.318068    -0.713505    
0.594436    -0.218611    0.594436    
-1.095586    1.087646    -1.095586    
-0.069850    -0.498854    -0.069850    
0.861045    -2.714318    0.861045    
1.750692    -1.407539    1.750692    
0.757171    -0.675687    0.757171    
-1.147749    -0.584717    -1.147749    
-0.053995    -1.113932    -0.053995    
-1.389835    1.223979    -1.389835    
-0.958467    -0.425204    -0.958467    
-0.548147    -0.529435    -0.548147    
-0.510760    0.452765    -0.510760    
0.552085    0.624805    0.552085    
0.994884    -1.093984    0.994884    
0.077697    -0.793335    0.077697    
0.374958    0.376201    0.374958    
-0.311793    -0.455553    -0.311793    
1.069185    0.513852    1.069185    
-0.831731    0.913436    -0.831731    
-0.759392    0.736325    -0.759392    
-1.566842    -0.351810    -1.566842    
0.052735    1.667976    0.052735    
0.258138    -1.535203    0.258138    
-0.602289    0.508449    -0.602289    
-0.539272    0.729452    -0.539272    
1.134881    0.649780    1.134881    
0.616777    -0.206977    0.616777    
0.547999    0.328454    0.547999    
-0.823700    -1.205936    -0.823700    
0.683475    0.842559    0.683475    
0.414738    0.197464    0.414738    
-0.727953    -0.974719    -0.727953    
-0.930221    0.162174    -0.930221    
1.294430    1.204374    1.294430    
0.403651    1.437549    0.403651    
-0.922701    0.840342    -0.922701    
-0.691433    0.610227    -0.691433    
-0.979074    0.018764    -0.979074    
0.272572    -0.665416    0.272572    
0.429099    0.225699    0.429099    
-0.713565    0.094760    -0.713565    
0.355725    -0.442715    0.355725    
-0.152434    0.568345    -0.152434    
-0.290374    -0.473234    -0.290374    
0.581382    -0.876242    0.581382    
1.122334    -0.676092    1.122334    
-0.422359    -0.374083    -0.422359    
-0.231119    -1.399810    -0.231119    
-0.262895    -0.110364    -0.262895    
-0.934966    -0.374555    -0.934966    
0.439302    0.971349    0.439302    
0.085730    0.853561    0.085730    
0.227450    0.620077    0.227450    
0.597724    1.305972    0.597724    
0.779398    -1.228810    0.779398    
0.762123    -1.002160    0.762123    
0.335815    -0.786719    0.335815    
0.286945    1.357615    0.286945    
-0.643514    -0.756445    -0.643514    
0.876537    -0.221628    0.876537    
0.746191    1.346763    0.746191    
-0.890193    -0.071113    -0.890193    
1.814324    -0.803247    1.814324    
0.547426    0.940570    0.547426    
-0.364012    -0.400151    -0.364012    
1.737570    0.709832    1.737570    
-0.249296    -0.628141    -0.249296    
-0.694199    -0.409193    -0.694199    
-0.653750    -2.131530    -0.653750    
1.285307    1.507096    1.285307    
-0.527268    0.035951    -0.527268    
-0.429559    -0.389460    -0.429559    
0.317713    -0.767301    0.317713    
-0.278237    0.735347    -0.278237    
0.072021    -0.505767    0.072021    
-0.769830    -0.406836    -0.769830    
-0.398299    -0.202132    -0.398299    
-0.168425    0.322944    -0.168425    
1.784725    0.300305    1.784725    
-1.029604    0.108621    -1.029604    
0.702806    0.611609    0.702806    
-0.218772    -0.118267    -0.218772    
2.348356    0.878731    2.348356    
0.278144    1.188914    0.278144    
0.018637    -0.929251    0.018637    
-0.764620    1.503544    -0.764620    
-0.988618    -0.231061    -0.988618    
0.413880    0.644840    0.413880    
-0.955309    1.215017    -0.955309    
-2.520590    0.914970    -2.520590    
-1.068977    1.075312    -1.068977    
-0.146607    -0.076445    -0.146607    
1.330471    1.574231    1.330471    
0.483222    -0.208510    0.483222    
-0.277875    1.538128    -0.277875    
-0.578738    -0.429539    -0.578738    
-2.136778    0.216444    -2.136778    
-0.026835    0.625968    -0.026835    
0.559487    0.856020    0.559487    
-0.113053    0.093561    -0.113053    
1.471245    0.985600    1.471245    
-1.534309    -0.635423    -1.534309    
-0.303089    -0.039146    -0.303089    
0.714291    -0.382398    0.714291    
-2.037220    -0.761646    -2.037220    
-0.581377    -0.162993    -0.581377    
-0.831131    -1.282785    -0.831131    
-1.000829    -0.233922    -1.000829    
-0.262069    -0.043737    -0.262069    
-0.688826    0.325278    -0.688826    
0.784977    -0.172807    0.784977    
-0.794465    -0.078900    -0.794465    
-1.233542    1.204038    -1.233542    
0.842667    -0.521110    0.842667    
-0.284060    -0.449003    -0.284060    
0.759689    -0.169195    0.759689    
-0.093796    0.764103    -0.093796    
-0.240813    0.537959    -0.240813    
0.880245    -1.550290    0.880245    
0.965539    1.571858    0.965539    
-0.077065    1.027387    -0.077065    
-1.271103    -0.549161    -1.271103    
-0.678142    -2.373693    -0.678142    
-0.107011    -1.081831    -0.107011    
-0.462114    0.521669    -0.462114    
-0.851543    -0.917493    -0.851543    
1.411957    0.263104    1.411957    
0.955518    1.807302    0.955518    
-1.206719    -0.520076    -1.206719    
0.552844    -0.649593    0.552844    
0.088078    -0.049998    0.088078    
-0.583857    -0.551196    -0.583857    
0.686839    -0.256544    0.686839    
-0.845370    -0.112290    -0.845370    
0.448654    -1.276520    0.448654    
-0.291164    -0.316674    -0.291164    
0.598874    -0.112700    0.598874    
0.078846    -0.582578    0.078846    
-1.096782    0.709856    -1.096782    
-0.536900    -0.100645    -0.536900    
1.205404    0.325957    1.205404    
-2.379542    -0.694273    -2.379542    
0.224729    -1.718923    0.224729    
-0.177717    0.420680    -0.177717    
-1.163361    -0.864543    -1.163361    
-0.495892    1.586863    -0.495892    
1.936996    1.520534    1.936996    
1.140600    -1.183799    1.140600    
0.067647    0.488441    0.067647    
-1.847732    -1.676358    -1.847732    
1.496608    0.614113    1.496608    
-1.941474    -0.168431    -1.941474    
-0.604263    -0.879621    -0.604263    
-0.612494    -0.083070    -0.612494    
-1.076629    -0.169108    -1.076629    
-0.303622    0.493519    -0.303622    
0.919502    0.691068    0.919502    
2.246370    -0.695704    2.246370    
0.212912    -0.213234    0.212912    
1.507427    1.728583    1.507427    
-1.336735    -1.045686    -1.336735    
-1.835967    0.577965    -1.835967    
0.707501    -1.501520    0.707501    
-0.223290    -2.205202    -0.223290    
-1.255284    1.039281    -1.255284    
-0.571897    0.002005    -0.571897    
0.335387    1.545950    0.335387    
-2.503449    1.219572    -2.503449    
0.152672    -0.869935    0.152672    
-0.815201    0.124609    -0.815201    
-0.022902    -0.332069    -0.022902    
0.272508    -1.116436    0.272508    
0.017122    0.178030    0.017122    
0.314608    -1.431918    0.314608    
1.549087    0.969579    1.549087    
-1.210678    -0.235978    -1.210678    
1.029344    -0.034125    1.029344    
-0.324483    -1.672727    -0.324483    
0.169059    -0.587866    0.169059    
0.952721    0.435319    0.952721    
0.486569    2.119755    0.486569    
-0.792416    1.142457    -0.792416    
0.761977    0.744203    0.761977    
0.416954    -0.618932    0.416954    
-1.168424    -1.714034    -1.168424    
-0.964524    0.169467    -0.964524    
-0.536774    -1.230293    -0.536774    
0.638687    -2.079273    0.638687    
0.270549    -0.078824    0.270549    
-0.146956    1.527111    -0.146956    
1.021870    -1.627498    1.021870    
0.090056    -0.107750    0.090056    
0.639983    2.568550    0.639983    
0.740240    0.136657    0.740240    
0.590249    1.176535    0.590249    
-0.124008    -0.566615    -0.124008    
0.688286    -0.762372    0.688286    
-0.905552    0.448771    -0.905552    
-1.270443    0.614942    -1.270443    
-0.374966    0.997281    -0.374966    
-0.307296    0.100372    -0.307296    
-1.083279    0.483808    -1.083279    
-0.703382    0.106432    -0.703382    
-0.012889    0.815546    -0.012889    
-1.188798    1.012824    -1.188798    
-0.890201    0.194220    -0.890201    
-0.260130    2.913542    -0.260130    
-1.078263    0.920577    -1.078263    
-2.029174    0.253465    -2.029174    
0.251695    -0.032527    0.251695    
1.555856    -1.123180    1.555856    
0.956392    -0.290998    0.956392    
-0.104697    -0.223621    -0.104697    
0.090328    0.203716    0.090328    
-0.422070    0.497805    -0.422070    
-0.605389    2.305167    -0.605389    
0.234697    0.747092    0.234697    
-0.801542    1.484305    -0.801542    
-0.322453    1.133761    -0.322453    
-1.072980    -0.127995    -1.072980    
1.885412    2.074737    1.885412    
1.659506    -0.525839    1.659506    
1.423716    -0.371739    1.423716    
0.089758    -0.164856    0.089758    
-0.208902    0.308697    -0.208902    
-1.313376    0.617821    -1.313376    
1.289486    -0.878511    1.289486    
0.680907    -0.837692    0.680907    
-0.349769    0.944383    -0.349769    
0.500074    -0.701097    0.500074    
0.898619    0.570849    0.898619    
-0.965718    -1.808658    -0.965718    
-0.565332    -0.770501    -0.565332    
0.862292    0.020580    0.862292    
-0.139512    0.841709    -0.139512    
1.741621    -0.461046    1.741621    
0.545296    -0.349618    0.545296    
-0.463087    -0.811001    -0.463087    
-1.822026    -0.344910    -1.822026    
0.312261    0.428216    0.312261    
-1.448655    0.175019    -1.448655    
-1.022922    1.755846    -1.022922    
-1.284431    -1.902179    -1.284431    
0.250972    -0.038174    0.250972    
0.643065    0.265191    0.643065    
-0.919113    0.287964    -0.919113    
-1.214420    -1.394153    -1.214420    
-0.662733    -0.296183    -0.662733    
-1.813746    2.072125    -1.813746    
-1.656284    -0.107408    -1.656284    
0.261184    0.167648    0.261184    
-0.961558    0.067104    -0.961558    
1.265151    0.772469    1.265151    
0.475248    1.467957    0.475248    
-0.461933    -0.987462    -0.461933    
0.142238    0.104103    0.142238    
0.737967    0.121615    0.737967    
0.360038    -1.634309    0.360038    
0.647586    -0.521494    0.647586    
-0.533417    1.033971    -0.533417    
0.024005    1.366773    0.024005    
-1.073819    -0.624047    -1.073819    
-0.847720    -0.099723    -0.847720    
-0.825102    2.688138    -0.825102    
2.502246    -0.472548    2.502246    
0.487415    -0.554813    0.487415    
-0.355177    -1.092853    -0.355177    
-1.023433    0.457559    -1.023433    
0.999696    0.323479    0.999696    
-0.079188    0.557997    -0.079188    
1.246000    0.104463    1.246000    
0.789186    -0.687868    0.789186    
2.773782    2.565019    2.773782    
-0.706594    2.047490    -0.706594    
1.624240    0.231988    1.624240    
0.296948    0.466726    0.296948    
0.853919    1.963215    0.853919    
-2.562094    -1.848039    -2.562094    
1.105393    0.740622    1.105393    
0.564476    1.025342    0.564476    
0.506680    1.773545    0.506680    
0.131896    -1.955718    0.131896    
1.465285    0.284219    1.465285    
-1.989093    0.066918    -1.989093    
-0.093256    -0.015661    -0.093256    
0.549063    0.095010    0.549063    
-0.893120    -0.503337    -0.893120    
0.049040    2.196959    0.049040    
0.142032    0.600209    0.142032    
2.086511    0.382939    2.086511    
0.337361    1.093230    0.337361    
0.823282    -0.043484    0.823282    
-0.980815    0.638859    -0.980815    
-1.385516    -1.543713    -1.385516    
0.586619    -1.735815    0.586619    
-0.237923    1.778467    -0.237923    
-0.271756    1.010532    -0.271756    
-0.313881    -1.060026    -0.313881    
-1.135056    1.889271    -1.135056    
1.399457    -1.124606    1.399457    
-0.732543    0.415080    -0.732543    
1.430044    -0.233670    1.430044    
0.483352    -1.453284    0.483352    
-0.383223    1.114186    -0.383223    
-0.475032    -0.677140    -0.475032    
1.692096    1.578102    1.692096    
1.981247    -0.113808    1.981247    
0.056774    -0.375154    0.056774    
0.124949    0.463732    0.124949    
0.493870    0.316247    0.493870    
-0.914493    -1.373160    -0.914493    
-0.723031    -1.901696    -0.723031    
1.831421    -0.493466    1.831421    
0.023519    -0.023616    0.023519    
-0.506183    -0.964257    -0.506183    
-2.182875    0.787501    -2.182875    
0.734662    0.427810    0.734662    
1.351705    1.469422    1.351705    
-0.346666    -1.032913    -0.346666    
-0.575349    -0.249762    -0.575349    
1.335427    -0.757137    1.335427    
0.149199    -0.110433    0.149199    
0.398376    0.755737    0.398376    
-0.538557    -0.396065    -0.538557    
-1.339897    1.072039    -1.339897    
0.007422    0.743184    0.007422    
0.200827    0.520488    0.200827    
0.663907    0.773873    0.663907    
-0.986005    -0.656608    -0.986005    
1.472364    0.442173    1.472364    
0.210624    0.227688    0.210624    
-2.143055    -0.166679    -2.143055    
0.346406    -1.256817    0.346406    
1.209366    -0.547154    1.209366    
1.238366    -1.989134    1.238366    
0.851534    -1.140873    0.851534    
1.414704    0.326369    1.414704    
0.205129    -0.484880    0.205129    
-1.661656    1.667229    -1.661656    
-0.940019    -0.669442    -0.940019    
-1.549433    0.467377    -1.549433    
1.536258    1.252217    1.536258    
0.648768    -0.795247    0.648768    
1.075792    -0.795291    1.075792    
1.772259    2.040729    1.772259    
-0.816615    0.578692    -0.816615    
0.696207    0.375716    0.696207    
-0.536272    0.402581    -0.536272    
1.600774    0.603099    1.600774    
-1.812495    -1.496411    -1.812495    
1.295295    -0.879396    1.295295    
0.115018    0.313750    0.115018    
0.862267    -1.794659    0.862267    
0.241316    -1.204325    0.241316    
1.094895    0.788545    1.094895    
0.193747    -1.527324    0.193747    
-0.258382    -0.033428    -0.258382    
-1.076029    0.197072    -1.076029    
-0.689637    0.199986    -0.689637    
-0.597445    1.021903    -0.597445    
0.096320    -0.770793    0.096320    
-1.560943    1.830869    -1.560943    
1.363303    0.488403    1.363303    
0.342480    0.365026    0.342480    
1.794521    -2.436188    1.794521    
0.062962    -2.459155    0.062962    
0.330497    -1.987263    0.330497    
-0.906975    0.687333    -0.906975    
0.884875    0.684146    0.884875    
-0.910051    -1.597501    -0.910051    
0.242304    -0.713030    0.242304    
0.423125    0.372977    0.423125    
0.681471    1.097433    0.681471    
0.064252    -0.259411    0.064252    
1.294199    0.230803    1.294199    
-2.484235    -1.106507    -2.484235    
-1.321302    0.135952    -1.321302    
0.504387    -1.693879    0.504387    
1.550015    -0.631828    1.550015    
-1.101439    1.384821    -1.101439    
-0.009165    1.289389    -0.009165    
-1.718972    -0.762350    -1.718972    
-0.043294    -0.190868    -0.043294    
-1.815949    -1.183582    -1.815949    
0.252900    0.686644    0.252900    
0.196863    0.361766    0.196863    
-1.433651    0.767246    -1.433651    
0.922679    -0.868294    0.922679    
-0.374086    -0.037423    -0.374086    
0.907946    -0.909792    0.907946    
1.370506    1.238127    1.370506    
0.614545    -1.816993    0.614545    
-1.250047    -1.957513    -1.250047    
-1.090317    1.088493    -1.090317    
0.462111    -0.131312    0.462111    
0.692633    0.184852    0.692633    
1.002632    1.420583    1.002632    
1.871529    0.807134    1.871529    
-1.153860    0.970190    -1.153860    
-0.143241    -0.946355    -0.143241    
1.406276    0.040539    1.406276    
-0.258736    -0.201408    -0.258736    
-0.604564    -0.982252    -0.604564    
0.223844    -1.248130    0.223844    
0.866592    0.628550    0.866592    
-0.564746    -1.367460    -0.564746    
1.219487    -1.372799    1.219487    
-0.586942    0.065691    -0.586942    
-0.244992    2.246540    -0.244992    
1.780234    -0.000596    1.780234    
0.191922    0.160579    0.191922    
-1.530856    -0.097020    -1.530856    
-1.541055    1.369732    -1.541055    
-1.083855    1.286206    -1.083855    
0.201562    0.152307    0.201562    
-2.535261    -0.000977    -2.535261    
1.098924    -0.351592    1.098924    
2.083319    -0.886933    2.083319    
-1.180872    0.228631    -1.180872    
0.943832    -0.907209    0.943832    
1.233436    -0.218981    1.233436    
0.007524    0.294903    0.007524    
-1.496759    -1.092505    -1.496759    
2.504906    0.348094    2.504906    
-0.101729    0.132800    -0.101729    
-0.509038    0.598713    -0.509038    
-1.375253    1.172299    -1.375253    
1.008162    -1.352855    1.008162    
-0.977097    1.526136    -0.977097    
1.069638    -1.679253    1.069638    
-1.338960    -0.408590    -1.338960    
1.600840    0.201299    1.600840    
0.667372    -0.747068    0.667372    
0.904657    -0.662135    0.904657    
0.856088    0.395112    0.856088    
0.415594    0.649255    0.415594    
-0.726608    -0.344764    -0.726608    
0.226315    -0.172229    0.226315    
-0.230221    0.154995    -0.230221    
-0.381318    0.646467    -0.381318    
1.932898    0.449147    1.932898    
-0.241800    1.105767    -0.241800    
1.002696    -0.685714    1.002696    
1.310990    -0.059676    1.310990    
-0.487074    0.258866    -0.487074    
-1.239131    -1.391518    -1.239131    
-0.958886    -0.873118    -0.958886    
-0.872794    0.322297    -0.872794    
-0.146347    -2.216046    -0.146347    
-0.300973    -0.607556    -0.300973    
0.038766    -1.200402    0.038766    
-0.898790    -0.789414    -0.898790    
0.460509    1.155549    0.460509    
1.090145    -1.312837    1.090145    
0.786610    0.089897    0.786610    
-0.744865    0.406259    -0.744865    
0.833275    0.585651    0.833275    
-0.854859    0.769342    -0.854859    
0.592161    -0.949939    0.592161    
0.038055    0.065910    0.038055    
1.127313    0.979056    1.127313    
-0.956192    -1.313578    -0.956192    
-0.582152    1.791514    -0.582152    
-0.524340    -0.268836    -0.524340    
0.968347    -0.125860    0.968347    
1.415744    -0.395035    1.415744    
-0.727598    -0.781268    -0.727598    
-1.112569    -0.898026    -1.112569    
0.424675    0.196087    0.424675    
-0.968862    1.701512    -0.968862    
-0.346356    -0.313641    -0.346356    
-1.212193    -0.333710    -1.212193    
-0.018389    -1.085513    -0.018389    
-0.508846    -0.247662    -0.508846    
-0.401993    0.144799    -0.401993    
-0.596776    -0.122477    -0.596776    
-1.456642    2.058689    -1.456642    
0.608566    -0.485770    0.608566    
1.704683    -1.246018    1.704683    
-0.047527    -0.870410    -0.047527    
-2.503441    0.858271    -2.503441    
0.984152    1.103639    0.984152    
-0.548426    -1.435161    -0.548426    
0.420753    -0.269778    0.420753    
0.393364    -1.279548    0.393364    
2.315308    1.066620    2.315308    
1.118840    -2.062374    1.118840    
0.651078    -0.829563    0.651078    
0.495574    0.643060    0.495574    
1.830146    -0.837390    1.830146    
0.167885    0.157158    0.167885    
-1.603015    0.263448    -1.603015    
0.713836    0.492154    0.713836    
0.329574    0.108987    0.329574    
-0.389171    0.086345    -0.389171    
0.782234    -1.623935    0.782234    
-1.409530    0.990639    -1.409530    
-2.456442    -0.900406    -2.456442    
0.242422    0.408603    0.242422    
0.395887    0.922392    0.395887    
-0.820101    0.034171    -0.820101    
-0.461015    0.326934    -0.461015    
0.953285    -1.289930    0.953285    
0.069990    -0.287471    0.069990    
-0.443360    -0.535040    -0.443360    
0.154240    -1.229979    0.154240    
0.642170    -2.450549    0.642170    
-0.474332    1.143063    -0.474332    
-0.785631    0.387872    -0.785631    
-0.447550    -0.119980    -0.447550    
1.201235    0.999618    1.201235    
1.354450    -0.003263    1.354450    
0.277394    -0.279238    0.277394    
-0.905344    0.967978    -0.905344    
0.292780    -0.112351    0.292780    
1.900962    -0.418844    1.900962    
-1.388574    -1.258056    -1.388574    
-0.397102    0.844065    -0.397102    
0.002707    -0.027028    0.002707    
0.557458    0.919588    0.557458    
1.522002    0.390029    1.522002    
0.084615    -0.755780    0.084615    
-0.754062    0.082181    -0.754062    
-0.840046    -0.833029    -0.840046    
0.553581    -1.812511    0.553581    
0.800211    0.192967    0.800211    
-1.181763    -0.228995    -1.181763    
1.656038    -0.414281    1.656038    
-1.156177    0.121782    -1.156177    
2.320064    -1.548337    2.320064    
-0.982679    0.437946    -0.982679    
-0.772880    -1.800360    -0.772880    
0.600563    -0.998159    0.600563    
-0.957075    0.335268    -0.957075    
0.172599    0.497142    0.172599    
0.469817    -0.445038    0.469817    
0.573556    1.443909    0.573556    
-0.210546    0.157992    -0.210546    
0.808518    1.469403    0.808518    
0.711620    0.943706    0.711620    
-0.214724    0.502219    -0.214724    
1.419272    1.584091    1.419272    
-1.037887    0.552479    -1.037887    
0.503445    -1.131429    0.503445    
-0.435016    0.772216    -0.435016    
-2.367611    0.452776    -2.367611    
-0.093406    1.400964    -0.093406    
-0.992236    0.081035    -0.992236    
0.649645    1.656355    0.649645    
-0.454373    -0.519775    -0.454373    
-0.279010    -2.280292    -0.279010    
-1.418681    0.118217    -1.418681    
-0.122022    1.230697    -0.122022    
-0.168809    1.179006    -0.168809    
0.046420    -0.199239    0.046420    
0.202207    -2.520383    0.202207    
0.333382    0.188058    0.333382    
-0.536785    0.217133    -0.536785    
-0.975204    -0.765034    -0.975204    
-1.482734    0.634955    -1.482734    
-1.340384    1.072259    -1.340384    
-0.266857    0.303942    -0.266857    
1.231826    -0.788097    1.231826    
-0.865765    0.071225    -0.865765    
