1.527700
1.505161
1.483917
1.495419
1.499802
1.497564
1.474839
1.493424
1.508255
1.499780
1.504559
1.498081
1.479578
1.503492
1.507939
1.498308
1.516198
1.504757
1.510216
1.486521
1.503784
1.494046
1.510724
1.494734
1.500096
1.502516
1.487676
1.506875
1.498989
1.487811
1.521099
1.511758
1.492504
1.503347
1.487651
1.493729
1.492184
1.503166
1.507248
1.504162
1.498581
1.501247
1.506734
1.500199
1.495981
1.510031
1.499162
1.510666
1.502449
1.500912
1.478945
1.495379
1.486425
1.508834
1.509059
1.499583
1.499143
1.515134
1.502649
1.500466
1.498286
1.504155
1.479835
1.504438
1.500323
1.496763
1.499561
1.493852
1.503526
1.497558
1.505348
1.505227
1.500460
1.510552
1.488732
1.491682
1.524138
1.502606
1.489653
1.504030
1.493175
1.506961
1.486975
1.493137
1.509357
1.497624
1.496974
1.497903
1.505666
1.506560
1.512999
1.499543
1.526222
1.498384
1.501236
1.486570
1.494879
1.496085
1.496427
1.498797
1.483232
1.497623
1.516131
1.500081
1.487637
1.497912
1.501845
1.501911
1.507167
1.503986
1.510846
1.507310
1.492800
1.508187
1.518138
1.485406
1.490584
1.499748
1.509663
1.498494
1.491544
1.501078
1.499872
1.494478
1.484094
1.493298
1.515116
1.490100
1.507281
1.510304
1.499949
1.499744
1.512492
1.496949
1.488610
1.501182
1.497644
1.494459
1.494598
1.497768
1.503590
1.496156
1.506693
1.502901
1.506213
1.506646
1.495144
1.509846
1.480125
1.489067
1.503278
1.500547
1.510302
1.508128
1.508667
1.500352
1.504689
1.502531
1.497785
1.498298
1.514938
1.506620
1.512808
1.510714
1.502191
1.501018
1.499330
1.507280
1.509159
1.488741
1.481028
1.505541
1.488374
1.498038
1.530378
1.506377
1.512463
1.503812
1.495968
1.493731
1.497842
1.498532
1.500876
1.503293
1.490171
1.497510
1.518206
1.497046
1.504825
1.509573
1.494571
1.501070
1.499357
1.497969
1.498452
1.498841
1.483259
1.509325
1.502190
1.507234
1.501544
1.507465
1.508020
1.495523
1.499123
1.505149
1.497470
1.499441
1.485016
1.507769
1.530716
1.498558
1.497401
1.514926
1.492888
1.498493
1.506727
1.500672
1.488261
1.496016
1.520345
1.499179
1.493042
1.486798
1.511235
1.509792
1.522884
1.502842
1.482921
1.503433
1.487433
1.493957
1.512687
1.494853
1.504403
1.503860
1.508869
1.505171
1.515894
1.500220
1.512967
1.505700
1.500622
1.500095
1.520837
1.490743
1.509555
1.509520
1.500416
1.487443
1.520021
1.500423
1.475518
1.488925
1.500796
1.505823
1.502734
1.485802
1.498093
1.501256
1.485541
1.500157
1.518291
1.504200
1.500013
1.498542
1.489434
1.506061
1.498927
1.498746
1.506103
1.502425
1.486817
1.503850
1.507124
1.513063
1.487356
1.499105
1.494976
1.502147
1.511169
1.499935
1.489532
1.505682
1.489656
1.497811
1.497753
1.500362
1.486976
1.498029
1.502015
1.485981
1.489859
1.505219
1.497860
1.502492
1.498999
1.500994
1.484567
1.495828
1.475112
1.494580
1.495685
1.488025
1.482465
1.503296
1.485407
1.504514
1.508922
1.506904
1.500740
1.506468
1.495610
1.506635
1.517254
1.498804
1.513787
1.498174
1.491295
1.506527
1.488429
1.491911
1.501358
1.498266
1.515089
1.503487
1.519131
1.499729
1.497253
1.505331
1.500788
1.496511
1.499591
1.507929
1.488926
1.499408
1.491090
1.502483
1.489900
1.512257
1.503610
1.480416
1.508095
1.497194
1.504322
1.498102
1.494399
1.501075
1.479321
1.498572
1.496531
1.495763
1.511239
1.506371
1.490837
1.498033
1.500699
1.491051
1.510589
1.492511
1.491269
1.502971
1.498626
1.508288
1.504925
1.500583
1.500784
1.507948
1.499903
1.498612
1.503259
1.500096
1.494332
1.496668
1.503607
1.499708
1.486978
1.512221
1.501566
1.502497
1.504873
1.504471
1.511623
1.488607
1.502261
1.507364
1.504327
1.495812
1.494395
1.502166
1.491552
1.508317
1.523519
1.502557
1.484733
1.491324
1.508429
1.495234
1.492528
1.493726
1.492794
1.492372
1.506034
1.504005
1.502544
1.500865
1.498018
1.496866
1.482195
1.503363
1.505428
1.498868
1.497202
1.495029
1.496596
1.507754
1.492586
1.499151
1.504584
1.497403
1.506719
1.479925
1.486760
1.482357
1.510129
1.498999
1.498314
1.497841
1.504641
1.507269
1.498612
1.500664
1.474566
1.499166
1.517955
1.495702
1.500682
1.505704
1.490118
1.509633
1.495057
1.503634
1.493438
1.495733
1.519625
1.507562
1.489342
1.500876
1.520062
1.506490
1.516252
1.510084
1.512272
1.495446
1.500600
1.508812
1.488310
1.503386
1.495884
1.514663
1.503796
1.504687
1.500832
1.516806
1.503457
1.494859
1.496330
1.497668
1.490803
1.499726
1.486305
1.498120
1.484599
1.491175
1.502357
1.488744
1.501128
1.504379
1.483378
1.508810
1.498680
1.496914
1.518497
1.505392
1.500022
1.491193
1.503410
1.497525
1.488315
1.500133
1.499055
1.488443
1.510027
1.509597
1.496142
1.519030
1.485149
1.503816
1.494956
1.492265
1.496467
1.501847
1.500952
1.497330
1.508872
1.502203
1.488287
1.505537
1.503273
1.472992
1.529356
1.503597
1.506329
1.501142
1.500937
1.507774
1.509734
1.513958
1.504122
1.500888
1.486319
1.488303
1.504436
1.494696
1.496450
1.503052
1.514963
1.495321
1.509588
1.492761
1.495282
1.497273
1.509697
1.496333
1.496097
1.495023
1.509711
1.494392
1.485414
1.500321
1.501592
1.502093
1.510939
1.490700
1.522685
1.504657
1.514173
1.487625
1.495449
1.491296
1.503922
1.503185
1.506980
1.486387
1.494472
1.499942
1.503577
1.505589
1.502611
1.501950
1.510191
1.508448
1.511870
1.498711
1.499820
1.500097
1.471969
1.509201
1.496297
1.495587
1.497004
1.486309
1.508689
1.490111
1.507683
1.495874
1.511537
1.504984
1.513761
1.490152
1.504359
1.501151
1.508030
1.497516
1.509342
1.497629
1.503763
1.507057
1.490129
1.511213
1.490017
1.496766
1.489707
1.504585
1.526574
1.490698
1.497211
1.500907
1.497833
1.502120
1.500606
1.506620
1.515159
1.507655
1.503487
1.502035
1.508198
1.487461
1.494023
1.496132
1.494070
1.493218
1.488485
1.496699
1.513327
1.504462
1.501205
1.504332
1.498102
1.500286
1.511277
1.503127
1.498339
1.488971
1.504605
1.495750
1.497569
1.510296
1.506517
1.506725
1.489554
1.493063
1.501054
1.497134
1.485731
1.505724
1.482361
1.497829
1.508938
1.502612
1.485839
1.487391
1.500442
1.496993
1.493150
1.491836
1.506756
1.502746
1.512926
1.504023
1.499788
1.498671
1.498096
1.498323
1.513188
1.498858
1.503625
1.507368
1.503235
1.504367
1.488364
1.491129
1.488759
1.493871
1.507135
1.487292
1.508347
1.491728
1.510813
1.507689
1.493653
1.496155
1.508878
1.499504
1.478689
1.493229
1.499612
1.494159
1.495973
1.491010
1.498458
1.508066
1.499825
1.504932
1.495771
1.488890
1.473755
1.512583
1.485236
1.494612
1.484149
1.488765
1.506851
1.486564
1.509994
1.496977
1.520374
1.494486
1.515286
1.505130
1.509354
1.509200
1.505557
1.499894
1.512876
1.495121
1.510579
1.497207
1.501612
1.506090
1.512136
1.484617
1.500516
1.489683
1.507079
1.497934
1.489490
1.500918
1.499784
1.505212
1.518986
1.504601
1.504971
1.499213
1.500311
1.511387
1.504128
1.497187
1.504236
1.511270
1.495390
1.501563
1.490437
1.491536
1.525341
1.494336
1.503712
1.481506
1.518428
1.506445
1.509108
1.496405
1.508837
1.495921
1.507618
1.496320
1.510534
1.492347
1.498727
1.498184
1.507556
1.499318
1.496702
1.498044
1.512886
1.491220
1.509173
1.497291
1.501672
1.490814
1.512381
1.502215
1.510545
1.492327
1.523537
1.491283
1.486427
1.501281
1.512886
1.490850
1.482237
1.492422
1.509011
1.492464
1.510769
1.494920
1.486441
1.498900
1.505894
1.491183
1.519075
1.504857
1.518625
1.508966
1.513730
1.507408
1.517522
1.506904
1.495483
1.499575
1.488271
1.505410
1.498790
1.489012
1.504725
1.493341
1.514084
1.495160
1.499091
1.500748
1.491844
1.491571
1.491490
1.494993
1.506256
1.499810
1.506960
1.498669
1.499108
1.499491
1.515853
1.490936
1.509625
1.515857
1.503478
1.499297
1.494997
1.514292
1.498675
1.500385
1.499765
1.492930
1.501098
1.497393
1.513028
1.496620
1.469445
1.500519
1.495336
1.511883
1.494007
1.496376
1.508938
1.501663
1.485231
1.496091
1.512582
1.509678
1.492990
1.487478
1.519840
1.499936
1.493869
1.497496
1.499392
1.491649
1.511704
1.494101
1.517252
1.498499
1.504507
1.504307
1.518091
1.505036
1.494740
1.494421
1.518631
1.508911
1.504884
1.502454
1.512320
1.496935
1.496999
1.511149
1.486741
1.497683
1.497745
1.489318
1.497496
1.513744
1.491332
1.492268
1.517975
1.502159
1.482997
1.524796
1.504909
1.495562
1.505574
1.505080
1.482580
1.517219
1.500481
1.496566
1.515003
1.489894
1.508323
1.497201
1.501379
1.498393
1.515318
1.491521
1.499047
1.502737
1.494692
1.495103
1.478379
1.497370
1.494466
1.502583
1.498084
1.502363
1.502097
1.486961
1.489064
1.511858
1.501702
1.506067
1.499563
1.508487
1.514335
1.511738
1.512628
1.496319
1.494815
1.504822
1.504103
1.493638
1.497554
1.502931
1.494747
1.496269
1.503098
1.504279
1.502457
1.502238
1.491988
1.500836
1.503646
1.500830
1.500216
1.505416
1.506880
1.493992
1.501879
1.500657
1.498539
1.495649
1.497577
1.503554
1.526526
1.507031
1.494370
1.504328
1.495570
1.499968
1.498652
1.509771
1.512420
1.510746
1.495692
1.498049
1.495786
1.518071
1.498661
1.508428
1.487428
1.504021
1.507730
1.503385
1.509225
1.500676
1.483961
1.510774
1.498544
1.495636
1.498589
1.488413
1.487506
1.500721
1.495560
1.490770
1.505257
1.499234
1.496073
1.507934
1.496779
1.503846
1.496507
1.490696
1.509439
1.505354
1.511546
1.489022
1.515636
1.502931
1.489419
1.502632
1.488146
1.500046
1.508265
1.515412
1.498373
1.493634
1.504330
1.488624
1.519583
1.495319
1.516284
1.493217
1.504682
1.514071
1.498042
1.511536
1.502602
1.497334
1.498986
1.502214
1.508688
1.498431
1.495845
1.503903
1.501472
1.501075
1.498559
1.497791
1.508188
1.501092
1.502615
1.505900
1.502679
1.499877
1.492927
1.497438
1.489941
1.497997
1.523732
1.501659
1.494545
1.495428
1.485372
1.494163
1.499501
1.502936
1.496248
1.501170
1.502159
1.504638
1.488127
1.493178
1.501109
1.489171
1.479945
1.505626
1.494348
1.502366
1.495722
1.505206
1.495066
1.506024
1.479574
1.496938
1.496296
1.503373
1.511477
1.498019
1.478692
1.503092
1.478419
1.501596
1.494898
1.497198
1.489994
1.503642
1.507116
1.493426
1.492718
1.484611
1.500343
1.497004
1.508264
1.490787
1.485362
1.496824
1.514946
1.504292
1.508253
1.501844
1.498616
1.507520
1.491997
1.495187
1.512803
1.490167
1.484140
1.489009
1.467978
1.500754
1.502147
1.500937
1.500032
1.503833
1.462071
1.494230
1.513196
1.498253
1.506342
1.505067
1.539562
1.486656
1.508759
1.508071
1.509820
1.503023
1.495838
1.497203
1.498714
1.495649
1.486548
1.501572
1.491386
1.507173
1.492279
1.499048
1.498410
1.487719
1.500573
1.494075
1.489126
1.507954
1.496956
1.517496
1.503036
1.488999
1.484287
1.505004
1.495592
1.500571
1.488082
1.489503
1.492330
1.508953
1.483477
1.497934
1.506554
1.489677
1.506720
1.506264
1.494796
1.501639
1.505297
1.498228
1.497865
1.504516
1.491842
1.496575
1.506939
1.495606
1.519113
1.496994
1.487035
1.497180
1.496783
1.487609
1.526173
1.499415
1.492602
1.507681
1.508769
1.503982
1.526312
1.510697
1.488013
1.492910
1.499830
1.486756
1.498102
1.504604
1.506829
1.505835
1.504013
1.514896
1.481323
1.500546
1.501003
1.489428
1.507661
1.496066
1.492323
1.497422
1.500878
1.493190
1.489123
1.496902
1.495448
1.508573
1.478272
1.504026
1.497358
1.496910
1.504814
1.488783
1.519058
1.487595
1.501827
1.493379
1.501624
1.502086
1.500990
1.504544
1.505495
1.496238
1.502808
1.498522
1.503163
1.502516
1.505991
1.496104
1.503880
1.498251
1.522437
1.506154
1.507440
1.497321
1.501476
1.493167
1.492750
1.514460
1.508496
1.490722
1.506947
1.497544
1.488947
1.504501
1.501847
1.500778
1.486485
1.504587
1.477015
1.495870
1.482815
1.493276
1.514816
1.491967
1.512011
1.500572
1.482307
1.498615
1.506790
1.497832
1.496471
1.502018
1.490101
1.499736
1.488815
1.499990
1.483180
1.491829
1.513262
1.506302
1.503847
1.492370
1.523917
1.490071
1.506635
1.495287
1.508683
1.491891
1.502009
1.506404
1.514694
1.500671
1.501232
1.500572
1.505412
1.485677
1.509951
1.500681
1.483459
1.498485
1.488083
1.497538
1.499896
1.496005
1.509477
1.496186
1.481503
1.502536
1.497570
1.493227
1.483141
1.490297
1.483913
1.499197
1.497984
1.489584
1.499202
1.492648
1.517765
1.488369
1.486331
1.500099
1.508716
1.495709
1.524832
1.497333
1.471962
1.507284
1.504192
1.506851
1.495471
1.498652
1.496974
1.491194
1.499590
1.507884
1.493653
1.496473
1.498236
1.499867
1.488302
1.512168
1.503713
1.510677
1.510385
1.499667
1.498078
1.501433
1.503973
1.505961
1.511449
1.498863
1.495338
1.507456
1.494597
1.511753
1.501905
1.497240
1.498871
1.512288
1.508566
1.498160
1.490443
1.492971
1.491383
1.492621
1.498600
1.510471
1.469690
1.498467
1.502076
1.501119
1.502831
1.496827
1.527977
1.500064
1.512608
1.498300
1.506240
1.496686
1.494220
1.501294
1.502987
1.500435
1.487360
1.509094
1.479882
1.495024
1.501577
1.511472
1.510240
1.502790
1.512857
1.496952
1.485263
1.493212
1.511174
1.505469
1.497819
1.504441
1.480322
1.494269
1.516177
1.502141
1.501734
1.496640
1.492143
1.506738
1.498406
1.504485
1.485695
1.489538
1.502002
1.490967
1.488766
1.490936
1.485214
1.506969
1.486496
1.515907
1.500047
1.496364
1.472415
1.504707
1.494410
1.509693
1.503539
1.499605
1.514038
1.491090
1.508499
1.515591
1.498676
1.491390
1.509842
1.501366
1.507790
1.488175
1.512862
1.500357
1.493313
1.491794
1.502439
1.491767
1.506319
1.508649
1.510898
1.511439
1.513557
1.494571
1.525638
1.498472
1.515712
1.498969
1.496090
1.503832
1.511026
1.505647
1.515222
1.493992
1.491459
1.502716
1.483101
1.496010
1.502148
1.505316
1.500941
1.489145
1.503331
1.502370
1.514544
1.497093
1.494312
1.497745
1.493741
1.491956
1.502302
1.499499
1.498343
1.492307
1.511489
1.505107
1.505251
1.505694
1.512603
1.505162
1.511318
1.507429
1.506588
1.488694
1.497317
1.490204
1.487726
1.511053
1.485013
1.497183
1.486081
1.504844
1.495681
1.494865
1.517148
1.494997
1.516768
1.495012
1.503746
1.500751
1.503441
1.500233
1.493809
1.504655
1.504636
1.499266
1.507243
1.502009
1.481369
1.493593
1.502415
1.493615
1.484607
1.500235
1.523279
1.487558
1.512545
1.499836
1.494276
1.500199
1.508810
1.499185
1.511020
1.511428
1.511129
1.504774
1.499835
1.496295
1.505473
1.514989
1.508343
1.509853
1.481742
1.491222
1.492638
1.491905
1.500550
1.508733
1.507494
1.505399
1.495974
1.503028
1.506357
1.514981
1.479278
1.501186
1.485666
1.497765
1.473647
1.491264
1.499166
1.500697
1.504188
1.485724
1.513372
1.514776
1.479190
1.502338
1.509279
1.513884
1.520550
1.498524
1.505613
1.500579
1.511557
1.493039
1.510408
1.488271
1.488008
1.507277
1.486128
1.483081
1.498007
1.496183
1.500300
1.499567
1.496998
1.503910
1.487143
1.494429
1.506551
1.493551
1.490137
1.496684
1.505737
1.502471
1.500488
1.490828
1.508869
1.495054
1.510917
1.496951
1.504771
1.502904
1.513596
1.490765
1.503601
1.498491
1.504840
1.511678
1.504982
1.494181
1.494847
1.501704
1.508103
1.502211
1.499470
1.494238
1.505691
1.493944
1.516864
1.510883
1.494547
1.503643
1.500906
1.510673
1.514046
1.496199
1.475078
1.494887
1.497454
1.503954
1.498252
1.490811
1.491164
1.511890
1.490759
1.489634
1.488891
1.500728
1.494978
1.491620
1.498514
1.492602
1.505572
1.495224
1.507168
1.505805
1.498020
1.495299
1.475379
1.490082
1.486552
1.497362
1.498864
1.498894
1.509240
1.502921
1.521013
1.486410
1.511519
1.507656
1.504764
1.502155
1.511959
1.492519
1.498549
1.500016
1.506487
1.516640
1.498234
1.496391
1.490688
1.506058
1.487155
1.510544
1.502475
1.488148
1.501718
1.497117
1.493100
1.489973
1.495329
1.503373
1.513318
1.494632
1.524096
1.499007
1.513769
1.505758
1.508533
1.504590
1.499499
1.501803
1.495391
1.496693
1.488985
1.502665
1.519400
1.512292
1.498724
1.499624
1.499741
1.513028
1.498920
1.515384
1.511446
1.499734
1.510913
1.495052
1.498477
1.486208
1.490113
1.494369
1.493434
1.493979
1.510657
1.494202
1.513030
1.499643
1.501793
1.507104
1.519413
1.500061
1.505528
1.506416
1.484169
1.501232
1.494086
1.510633
1.526092
1.504686
1.490819
1.503915
1.503600
1.506576
1.504094
1.489882
1.498645
1.515296
1.481540
1.500246
1.501936
1.513574
1.503886
1.481841
1.489283
1.486082
1.506387
1.492277
1.512081
1.507928
1.492727
1.505869
1.498868
1.508229
1.505309
1.504776
1.482227
1.502121
1.491822
1.505690
1.505888
1.496024
1.493598
1.496538
1.520272
1.497764
1.487214
1.500774
1.482122
1.496613
1.485392
1.498019
1.519348
1.497941
1.527740
1.490612
1.516809
1.518150
1.487108
1.501359
1.483591
1.500475
1.491787
1.505555
1.510362
1.505202
1.512244
1.507131
1.506702
1.507963
1.495124
1.498337
1.481350
1.497875
1.494680
1.495581
1.497133
1.500974
1.507034
1.494572
1.503939
1.506774
1.505668
1.496860
1.485114
1.509450
1.493408
1.481711
1.504536
1.504540
1.500563
1.504497
1.528300
1.504268
1.483878
1.497409
1.512076
1.498483
1.499166
1.498611
1.485781
1.476891
1.487584
1.493679
1.497700
1.495677
1.509423
1.493490
1.496700
1.511689
1.517164
1.494233
1.504661
1.495428
1.487912
1.505774
1.510880
1.509771
1.514208
1.502325
1.498778
1.500017
1.473111
1.496647
1.495163
1.498138
1.524237
1.491605
1.488203
1.502950
1.495168
1.505069
1.507966
1.509971
1.480567
1.495126
1.487898
1.492601
1.505645
1.500357
1.490234
1.504891
1.494893
1.494118
1.493659
1.491330
1.511725
1.505257
1.505030
1.502872
1.489517
1.504052
1.494800
1.504306
1.492452
1.490958
1.490915
1.500310
1.498030
1.503995
1.520242
1.495208
1.492824
1.506721
1.485071
1.495040
1.484044
1.497767
1.481438
1.496566
1.511653
1.502271
1.488500
1.496358
1.494237
1.500486
1.502418
1.503997
1.509600
1.513467
1.500423
1.502725
1.487872
1.487281
1.489698
1.498169
1.502555
1.506496
1.501448
1.496995
1.496659
1.509896
1.491967
1.500851
1.509711
1.496226
1.481853
1.500691
1.479209
1.503116
1.492620
1.511822
1.483208
1.507675
1.485401
1.500966
1.511941
1.503003
1.472866
1.497353
1.509638
1.492028
1.504298
1.505733
1.491053
1.502796
1.500776
1.510563
1.504055
1.512416
1.499310
1.491093
1.516517
1.498972
1.521554
1.496062
1.483806
1.484426
1.501759
1.500322
1.501982
1.506606
1.484012
1.491210
1.493474
1.507176
1.501243
1.510843
1.498755
1.482832
1.514069
1.495808
1.500256
1.497521
1.500225
1.490542
1.493928
1.496081
1.496323
1.499187
1.490296
1.497873
1.488029
1.493470
1.488714
1.489325
1.510245
1.492463
1.503418
1.499173
1.518303
1.496421
1.526705
1.505560
1.497787
1.498920
1.499522
1.491701
1.508273
1.507254
1.482136
1.496574
1.532033
1.491323
1.491287
1.510677
1.506755
1.488602
1.502376
1.506938
1.490229
1.503786
1.489108
1.505643
1.514446
1.511587
1.503953
1.504655
1.480253
1.492877
1.499934
1.494748
1.495313
1.493493
1.478151
1.487266
1.508179
1.512663
1.506060
1.493216
1.485675
1.494635
1.499370
1.492114
1.517109
1.500747
1.503706
1.499292
1.510164
1.504771
1.499048
1.491693
1.506256
1.500780
1.486803
1.502771
1.493078
1.493699
1.509160
1.510347
1.500870
1.496049
1.500822
1.492291
1.496299
1.493253
1.513516
1.507838
1.498835
1.501388
1.506234
1.508051
1.491354
1.495119
1.499421
1.508905
1.481257
1.503512
1.500100
1.509769
1.494253
1.504850
1.482637
1.504094
1.508197
1.495544
1.511316
1.503263
1.501530
1.495108
1.504457
1.494390
1.491130
1.501511
1.516674
1.498894
1.485288
1.499057
1.483987
1.487870
1.519683
1.494389
1.507884
1.495483
1.503983
1.498130
1.484843
1.501891
1.516635
1.496372
1.501089
1.495362
1.502804
1.495443
1.499918
1.491694
1.491322
1.493757
1.491458
1.509841
1.505180
1.499101
1.503952
1.500664
1.493373
1.496297
1.509248
1.498131
1.512882
1.491790
1.480475
1.511351
1.508758
1.504176
1.510757
1.499519
1.485076
1.502116
1.493591
1.503754
1.512363
1.492829
1.504298
1.496847
1.514266
1.496405
1.505960
1.498164
1.491782
1.503818
1.491236
1.508155
1.497020
1.498327
1.515144
1.512752
1.506228
1.504784
1.521023
1.508494
1.502659
1.500944
1.511576
1.501847
1.475230
1.506911
1.501448
1.495943
1.509885
1.502431
1.512176
1.501561
1.492977
1.503024
1.511878
1.484821
1.507962
1.497129
1.488946
1.509773
1.494324
1.503748
1.496229
1.499362
1.496395
1.512337
1.502000
1.492727
1.508017
1.498140
1.506891
1.491989
1.512923
1.491250
1.508839
1.486660
1.510043
1.491372
1.505848
1.496559
1.485822
1.504802
1.486455
1.486206
1.476134
1.488027
1.513417
1.499534
1.501099
1.492623
1.502047
1.513940
1.492552
1.506896
1.507314
1.500481
1.511460
1.493745
1.497456
1.491033
1.508790
1.496901
1.517082
1.501273
1.488762
1.499599
1.494186
1.506966
1.531536
1.491608
1.508044
1.501505
1.492659
1.496632
1.509412
1.515685
1.502963
1.502399
1.512861
1.511180
1.505960
1.497715
1.509273
1.503404
1.498918
1.482289
1.522723
1.501360
1.486087
1.488372
1.509813
1.496828
1.486892
1.492209
1.518968
1.489837
1.518292
1.489878
1.503011
1.508674
1.509035
1.483681
1.497525
1.490866
1.502598
1.497834
1.490185
1.499529
1.495171
1.496796
1.479374
1.506053
1.489689
1.507267
1.494918
1.498644
1.511574
1.492121
1.505146
1.500846
1.485798
1.491751
1.514561
1.497249
1.508894
1.493992
1.509306
1.508815
1.490895
1.499034
1.489137
1.503970
1.501946
1.501013
1.510522
1.496506
1.521761
1.499828
1.511448
1.500812
1.505355
1.502019
1.490486
1.512017
1.494453
1.505674
1.500330
1.496694
1.473327
1.501745
1.528311
1.499581
1.503046
1.495115
1.494517
1.489567
1.481094
1.497079
1.507432
1.500230
1.497094
1.487321
1.487664
1.491363
1.501237
1.498185
1.485361
1.505543
1.508003
1.507489
1.507576
1.505742
1.494928
1.496074
1.512082
1.503778
1.513018
1.498789
1.492484
1.495717
1.518247
1.498151
1.524170
1.507965
1.490552
1.511111
1.496271
1.513809
1.481358
1.500549
1.501785
1.499456
1.501547
1.499540
1.505554
1.490056
1.496187
1.500429
1.501555
1.493934
1.492850
1.507531
1.494559
1.501534
1.486938
1.503358
1.502482
1.510118
1.507550
1.494910
1.492677
1.498010
1.494293
1.521652
1.506582
1.499491
1.494701
1.511458
1.494645
1.496026
1.491954
1.492287
1.492416
1.504173
1.512024
1.501559
1.488879
1.491827
1.490049
1.497835
1.481558
1.489620
1.468677
1.502651
1.517953
1.502390
1.508837
1.497304
1.484121
1.501063
1.499289
1.512719
1.491802
1.497231
1.494862
1.494323
1.489901
1.497848
1.498363
1.509419
1.490821
1.493864
1.511309
1.491810
1.493646
1.508092
1.492419
1.502954
1.505223
1.506408
1.491254
1.496947
1.506755
1.501485
1.496841
1.511277
1.485207
1.508077
1.517125
1.489993
1.489659
1.502769
1.506423
1.510489
1.505501
1.502063
1.504805
1.497198
1.492221
1.504652
1.511081
1.503246
1.498944
1.511263
1.494536
1.486440
1.504206
1.499908
1.508509
1.500749
1.494063
1.492010
1.503816
1.489625
1.515581
1.508697
1.499526
1.485647
1.508760
1.494721
1.511577
1.505851
1.493296
1.496452
1.487992
1.491683
1.502809
1.502881
1.480789
1.504647
1.501792
1.509191
1.497038
1.497913
1.504485
1.503882
1.507505
1.506348
1.502651
1.508352
1.492575
1.503074
1.500761
1.500299
1.480135
1.495599
1.503719
1.490689
1.495319
1.498581
1.495399
1.498213
1.507937
1.494896
1.508611
1.480147
1.478054
1.503911
1.509517
1.493673
1.499417
1.497447
1.498883
1.501843
1.503016
1.500278
1.506872
1.513242
1.492924
1.498841
1.496453
1.512612
1.518153
1.499085
1.504355
1.485368
1.522038
1.493350
1.500968
1.501078
1.514857
1.515430
1.499357
1.504726
1.492431
1.507130
1.511699
1.509737
1.499348
1.505253
1.489986
1.509096
1.497071
1.493542
1.494538
1.496841
1.503117
1.501057
1.506684
1.507849
1.496107
1.489285
1.506193
1.482515
1.512899
1.496470
1.498688
1.508898
1.516577
1.492803
1.515949
1.505215
1.499173
1.500300
1.499602
1.508935
1.508425
1.505705
1.518964
1.516736
1.501600
1.490533
1.519084
1.496802
1.481474
1.505701
1.499279
1.507858
1.482663
1.502926
1.508936
1.501996
1.515931
1.504640
1.511796
1.491358
1.515487
1.494707
1.522857
1.497901
1.509859
1.492388
1.509131
1.513551
1.484108
1.505121
1.503113
1.500720
1.501895
1.501214
1.504080
1.491879
1.511648
1.504341
1.502983
1.489559
1.469534
1.493198
1.490982
1.513427
1.485423
1.487802
1.514398
1.505758
1.509758
1.502875
1.532147
1.496729
1.508405
1.498912
1.481566
1.508563
1.471127
1.503907
1.483905
1.497503
1.501561
1.481750
1.505863
1.492242
1.508588
1.492886
1.504834
1.491629
1.509589
1.499510
1.499729
1.509478
1.496354
1.490094
1.482548
1.496598
1.491378
1.487184
1.485690
1.498312
1.478535
1.494188
1.498655
1.497892
1.511759
1.489066
1.495573
1.497049
1.517625
1.514271
1.489446
1.494183
1.489735
1.511388
1.501541
1.502948
1.506951
1.502223
1.497782
1.499167
1.496026
1.498439
1.487483
1.502189
1.488219
1.501524
1.496951
1.500546
1.499192
1.497940
1.497653
1.496756
1.491518
1.487890
1.507076
1.512435
1.505641
1.503591
1.493271
1.502167
1.500770
1.504708
1.513602
1.504818
1.501411
1.496257
1.525400
1.488372
1.498130
1.496627
1.457771
1.505136
1.493318
1.508712
1.494566
1.508082
1.507320
1.497104
1.491095
1.500477
1.494146
1.507241
1.501846
1.506906
1.505042
1.501837
1.482710
1.503332
1.476774
1.507264
1.511407
1.503624
1.504643
1.499704
1.512460
1.488380
1.508024
1.513108
1.499336
1.497334
1.499160
1.499229
1.503507
1.491546
1.495427
1.496508
1.491332
1.494549
1.490814
1.499793
1.487294
1.507354
1.486228
1.488607
1.492691
1.497181
1.483346
1.488695
1.489811
1.492598
1.506016
1.493592
1.504336
1.490424
1.511900
1.491932
1.498649
1.506450
1.510542
1.506274
1.505263
1.495806
1.508861
1.503144
1.491175
1.491791
1.504871
1.495703
1.506899
1.494431
1.513011
1.488011
1.491068
1.496941
1.473491
1.500515
1.530090
1.505793
1.516516
1.517460
1.518699
1.499123
1.493436
1.500331
1.487606
1.488823
1.502221
1.505171
1.504662
1.504752
1.505362
1.499274
1.500589
1.515573
1.489408
1.502336
1.488679
1.498830
1.514682
1.495990
1.506244
1.497642
1.496255
1.503691
1.485460
1.502091
1.506310
1.504836
1.505289
1.503872
1.514433
1.503303
1.487513
1.499947
1.505699
1.504468
1.501359
1.499527
1.502023
1.495365
1.494583
1.515510
1.489604
1.504805
1.496580
1.511104
1.489367
1.511268
1.512272
1.493082
1.484379
1.503937
1.486642
1.507672
1.509011
1.501530
1.511328
1.500366
1.507835
1.503318
1.500323
1.506191
1.508986
1.506474
1.477435
1.501168
1.485679
1.502918
1.513714
1.505700
1.488090
1.504358
1.501849
1.499837
1.491584
1.496149
1.503264
1.500021
1.488556
1.497349
1.493083
1.503979
1.477461
1.492681
1.490139
1.513348
1.496858
1.507666
1.493009
1.508200
1.499848
1.502809
1.505745
1.487530
1.522278
1.496704
1.511202
1.489606
1.504306
1.510187
1.491125
1.514792
1.517576
1.487980
1.497056
1.497240
1.514648
1.498935
1.509349
1.495165
1.492120
1.509431
1.502514
1.507488
1.494482
1.498547
1.512989
1.498590
1.494496
1.496544
1.517821
1.506064
1.512403
1.499475
1.496219
1.495954
1.517482
1.498878
1.504866
1.505518
1.516358
1.505335
1.490854
1.495132
1.510613
1.499429
1.513096
1.490681
1.506446
1.516121
1.505733
1.509083
1.498427
1.505596
1.486293
1.497461
1.494947
1.498552
1.502777
1.498678
1.500157
1.505680
1.520230
1.501391
1.520202
1.493024
1.518774
1.491764
1.500398
1.507557
1.506597
1.499123
1.503557
1.493054
1.487918
1.502125
1.501480
1.507824
1.502761
1.505470
1.491014
1.500168
1.492047
1.492972
1.498269
1.496841
1.491551
1.502097
1.500921
1.499237
1.506842
1.503586
1.482512
1.507821
1.500156
1.498378
1.510125
1.504366
1.506160
1.502750
1.515415
1.499130
1.506030
1.501809
1.507285
1.502981
1.477383
1.485685
1.507813
1.500928
1.506966
1.494346
1.507921
1.491881
1.493026
1.501347
1.485092
1.498745
1.508513
1.501936
1.492520
1.500126
1.496848
1.505813
1.507916
1.509245
1.485955
1.486409
1.501628
1.507173
1.502039
1.495056
1.505763
1.486507
1.481978
1.500112
1.501201
1.495826
1.482670
1.509599
1.500855
1.507657
1.487190
1.501604
1.500434
1.501608
1.500081
1.500904
1.497648
1.496053
1.508649
1.514271
1.501284
1.501465
1.498659
1.491207
1.488330
1.502856
1.514553
1.507429
1.498467
1.491001
1.504962
1.484602
1.506264
1.500281
1.505729
1.501673
1.532178
1.512293
1.494909
1.507054
1.487042
1.492089
1.515394
1.513021
1.482814
1.494688
1.504029
1.498677
1.521300
1.506590
1.502077
1.490497
1.525708
1.502204
1.480592
1.506142
1.497101
1.514822
1.485857
1.487298
1.491297
1.499594
1.499781
1.513043
1.482791
1.504483
1.496585
1.507407
1.513639
1.490304
1.493794
1.498215
1.530109
1.523000
1.487468
1.485561
1.530638
1.492568
1.470838
1.500804
1.471948
1.498266
1.517390
1.509003
1.508752
1.498989
1.518107
1.500236
1.488085
1.496098
1.489105
1.500903
1.496073
1.495578
1.499650
1.504890
1.510327
1.527929
1.476759
1.502506
1.506563
1.505333
1.502671
1.503367
1.495455
1.498909
1.516446
1.510196
1.495882
1.492687
1.495292
1.499485
1.496807
1.487013
1.508968
1.491459
1.495036
1.495933
1.498922
1.494206
1.520711
1.494342
1.494100
1.496276
1.496122
1.507938
1.499554
1.503961
1.508175
1.506922
1.509365
1.504810
1.493909
1.517291
1.494644
1.498714
1.505995
1.493566
1.499077
1.490053
1.512624
1.496291
1.505703
1.504903
1.498605
1.503026
1.485959
1.501004
1.508622
1.513991
1.492282
1.513176
1.502735
1.508192
1.507898
1.509725
1.501736
1.497167
1.491512
1.490446
1.516277
1.496314
1.489789
1.501652
1.511462
1.491536
1.511327
1.502711
1.502522
1.502084
1.499325
1.491280
1.507925
1.493640
1.513670
1.507183
1.493753
1.502999
1.498645
1.504712
1.486317
1.505180
1.485090
1.509692
1.485465
1.516050
1.499960
1.498749
1.490499
1.512333
1.506269
1.496931
1.513721
1.503014
1.525636
1.504495
1.493693
1.499729
1.497029
1.496637
1.503530
1.511929
1.517361
1.496773
1.504058
1.502105
1.495737
1.490546
1.499240
1.500587
1.507083
1.502093
1.486125
1.494585
1.501597
1.505023
1.495724
1.499100
1.487690
1.506563
1.511656
1.494481
1.503288
1.494058
1.509699
1.493086
1.499197
1.502306
1.500011
1.492562
1.511758
1.497358
1.511604
1.490196
1.505003
1.497269
1.486825
1.492294
1.493318
1.513084
1.495393
1.500307
1.497441
1.511777
1.503651
1.496143
1.515269
1.498189
1.488997
1.492602
1.481188
1.494225
1.493933
1.501859
1.487371
1.496698
1.491357
1.506231
1.505297
1.507908
1.511071
1.503282
1.491824
1.500681
1.492367
1.505836
1.497150
1.496534
1.473142
1.493190
1.493910
1.498331
1.487001
1.490022
1.502562
1.496410
1.517929
1.511936
1.502034
1.502821
1.486975
1.494026
1.475314
1.502639
1.514261
1.493368
1.503974
1.512894
1.473493
1.499960
1.485940
1.508143
1.526462
1.507363
1.514696
1.504723
1.503699
1.493628
1.478745
1.482605
1.498094
1.503189
1.507103
1.511388
1.497437
1.497474
1.514351
1.500187
1.516690
1.489741
1.521027
1.499031
1.507785
1.483697
1.487586
1.503454
1.489165
1.488719
1.476883
1.504678
1.493496
1.495165
1.496482
1.499713
1.510855
1.489782
1.483584
1.514476
1.492867
1.489445
1.499494
1.499480
1.484223
1.505674
1.501650
1.486391
1.503017
1.491546
1.508777
1.492131
1.474062
1.499626
1.504304
1.504359
1.500501
1.495689
1.501033
1.507207
1.487354
1.498909
1.504862
1.497653
1.496944
1.492389
1.504786
1.491764
1.497289
1.499476
1.493872
1.507642
1.495344
1.488125
1.483305
1.502485
1.506167
1.501601
1.511094
1.512201
1.499534
1.498853
1.500310
1.493778
1.487882
1.510466
1.489756
1.482891
1.501331
1.503580
1.509737
1.501141
1.499527
1.502260
1.489663
1.506230
1.492558
1.505186
1.508165
1.497414
1.502889
1.503945
1.494604
1.491729
1.474826
1.490446
1.519608
1.507903
1.487156
1.507597
1.493842
1.488908
1.483286
1.493507
1.503027
1.499689
1.508816
1.496805
1.489343
1.496543
1.502520
1.501077
1.511249
1.496646
1.482384
1.488963
1.515882
1.493694
1.519512
1.491214
1.502990
1.493029
1.496054
1.510167
1.497595
1.513010
1.520681
1.502752
1.495850
1.504895
1.487614
1.498361
1.507491
1.493831
1.485035
1.486330
1.488511
1.510394
1.494030
1.499659
1.484489
1.503652
1.503216
1.494358
1.497255
1.508556
1.505467
1.504251
1.504211
1.504247
1.503721
1.501911
1.491122
1.499298
1.474566
1.496171
1.510996
1.504844
1.487723
1.519348
1.501112
1.509772
1.502468
1.491329
1.491010
1.480131
1.490446
1.503021
1.490999
1.509170
1.516944
1.496761
1.497114
1.507126
1.495169
1.502496
1.487129
1.500805
1.480203
1.503966
1.487304
1.502957
1.493306
1.501579
1.491062
1.498104
1.477772
1.496205
1.490792
1.498181
1.478017
1.493268
1.500727
1.503463
1.494854
1.491927
1.499069
1.497855
1.506760
1.501346
1.501342
1.505775
1.506584
1.506721
1.520609
1.495410
1.510803
1.493522
1.502888
1.490493
1.507013
1.503504
1.509056
1.498836
1.506304
1.501847
1.505577
1.497675
1.501131
1.497830
1.519438
1.505860
1.491821
1.509656
1.503150
1.498318
1.518830
1.498487
1.506167
1.490338
1.485390
1.494154
1.518948
1.504479
1.496492
1.499194
1.488110
1.493024
1.491051
1.490117
1.523907
1.500264
1.489758
1.499753
1.516772
1.501733
1.483596
1.493828
1.508861
1.496776
1.496146
1.510557
1.483358
1.506389
1.499453
1.489675
1.484628
1.486097
1.502997
1.508244
1.487758
1.491792
1.493458
1.497606
1.486296
1.513505
1.500292
1.502112
1.483193
1.497802
1.487800
1.500745
1.520347
1.506105
1.505423
1.490445
1.523401
1.482003
1.513584
1.493114
1.485595
1.491540
1.488735
1.489799
1.511586
1.497447
1.521009
1.501849
1.496456
1.506468
1.475740
1.497758
1.491980
1.492421
1.506321
1.497520
1.504405
1.496096
1.485957
1.506120
1.506876
1.506680
1.501168
1.498987
1.480215
1.498190
1.479457
1.499801
1.502618
1.489469
1.502917
1.507733
1.490009
1.495536
1.514258
1.495786
1.495501
1.496901
1.482945
1.495069
1.526609
1.507064
1.485039
1.502488
1.507883
1.500086
1.497805
1.504953
1.487054
1.502687
1.490986
1.491297
1.506632
1.503382
1.504047
1.497995
1.512667
1.496847
1.489366
1.504773
1.505950
1.493335
1.504510
1.505695
1.517434
1.494568
1.486964
1.509276
1.498039
1.497219
1.500942
1.498742
1.486815
1.497697
1.491804
1.485783
1.497414
1.493572
1.518076
1.504641
1.497758
1.499914
1.509929
1.506323
1.500714
1.488860
1.500001
1.492238
1.488824
1.497271
1.491988
1.502522
1.513678
1.487306
1.491037
1.492192
1.502748
1.501520
1.508613
1.499344
1.515879
1.505638
1.501890
1.506468
1.505963
1.500126
1.485747
1.498876
1.507135
1.506179
1.509897
1.502137
1.505025
1.500407
1.491840
1.500224
1.503594
1.512779
1.488427
1.494626
1.498950
1.494688
1.482840
1.501867
1.490026
1.496891
1.500602
1.495639
1.517257
1.503807
1.486295
1.501170
1.495601
1.510204
1.495715
1.495974
1.510207
1.497140
1.484286
1.499060
1.517158
1.484073
1.501961
1.502519
1.492585
1.498029
1.504825
1.507692
1.487567
1.513566
1.500410
1.505125
1.498198
1.493140
1.520345
1.510699
1.515811
1.492546
1.504071
1.504840
1.485138
1.501863
1.506040
1.492956
1.497299
1.496265
1.490682
1.495042
1.498031
1.500778
1.492214
1.507653
1.491394
1.505329
1.493650
1.492805
1.510171
1.508912
1.498358
1.498597
1.512158
1.505465
1.516025
1.494720
1.503192
1.512934
1.483133
1.490584
1.482237
1.495156
1.491963
1.495866
1.499933
1.496714
1.496098
1.500461
1.471560
1.509315
1.499899
1.495726
1.483659
1.495659
1.495908
1.512960
1.507478
1.510424
1.495348
1.483220
1.491509
1.483241
1.489495
1.495903
1.534192
1.503111
1.511207
1.485038
1.506151
1.497753
1.509553
1.500650
1.479451
1.507412
1.492550
1.500171
1.492310
1.500315
1.496642
1.491007
1.502776
1.495575
1.509239
1.488195
1.513764
1.502924
1.499967
1.503338
1.503552
1.484490
1.521966
1.497702
1.496135
1.493461
1.502609
1.505833
1.519041
1.499925
1.496911
1.498505
1.483490
1.492639
1.505490
1.521865
1.515542
1.499937
1.493065
1.497629
1.488700
1.497889
1.508038
1.500099
1.497707
1.493465
1.511070
1.495073
1.506396
1.503082
1.509902
1.496803
1.489743
1.499911
1.492503
1.501160
1.515105
1.505376
1.482234
1.504199
1.508968
1.504594
1.521418
1.496409
1.514724
1.497439
1.493258
1.496558
1.513718
1.489935
1.497443
1.491203
1.517468
1.494039
1.513292
1.491960
1.476500
1.502197
1.495963
1.493618
1.494063
1.493953
1.507514
1.508048
1.505188
1.494646
1.511772
1.495583
1.487280
1.491820
1.501491
1.505199
1.494136
1.508601
1.515897
1.497459
1.498515
1.498498
1.504138
1.513257
1.501286
1.493839
1.505165
1.505665
1.484974
1.501334
1.507282
1.496073
1.478514
1.497211
1.504118
1.501687
1.502265
1.499886
1.517032
1.506175
1.483817
1.511616
1.489170
1.491796
1.497323
1.512862
1.513797
1.494738
1.487056
1.489794
1.497390
1.490909
1.517347
1.493596
1.515353
1.501124
1.488017
1.504433
1.506958
1.503575
1.517514
1.498340
1.528271
1.502528
1.496780
1.492347
1.493721
1.498514
1.495841
1.492708
1.482406
1.497595
1.497538
1.506168
1.489653
1.508898
1.499974
1.508757
1.504971
1.516712
1.507203
1.501077
1.493916
1.499529
1.496715
1.487903
1.486908
1.493037
1.501258
1.512361
1.497261
1.495163
1.509107
1.492241
1.510497
1.493145
1.505112
1.505331
1.489834
1.501703
1.506919
1.490175
1.503239
1.502827
1.512424
1.507928
1.494728
1.508991
1.506849
1.499585
1.500067
1.500418
1.520692
1.510142
1.511773
1.503354
1.511051
1.498912
1.501504
1.496454
1.486442
1.500081
1.498554
1.507769
1.494219
1.503564
1.477066
1.503314
1.492881
1.487115
1.504456
1.508575
1.487309
1.496489
1.523582
1.498503
1.523237
1.499886
1.510879
1.499962
1.499493
1.499840
1.509906
1.516788
1.503503
1.498855
1.507663
1.501873
1.500207
1.501509
1.521524
1.503113
1.495730
1.493725
1.483701
1.504690
1.513272
1.501094
1.485134
1.494990
1.509609
1.496873
1.487608
1.501919
1.502848
1.499826
1.508292
1.498833
1.505186
1.502752
1.494622
1.505747
1.489001
1.503678
1.494896
1.500099
1.485070
1.491501
1.500288
1.502866
1.492528
1.494065
1.500493
1.505585
1.484804
1.509618
1.490411
1.506959
1.497935
1.494354
1.512246
1.497515
1.474626
1.509572
1.483133
1.496877
1.514261
1.515580
1.479537
1.494961
1.503885
1.500080
1.505587
1.504444
1.485894
1.502591
1.490728
1.505881
1.498133
1.494566
1.514631
1.501992
1.495898
1.502549
1.513301
1.503331
1.504203
1.502423
1.512283
1.504524
1.503097
1.497934
1.484230
1.498251
1.502046
1.507255
1.495504
1.498986
1.508259
1.505699
1.504443
1.493127
1.532704
1.490402
1.511782
1.508491
1.502942
1.491464
1.500670
1.503747
1.519718
1.491223
1.509028
1.509109
1.511294
1.495394
1.483680
1.500582
1.499224
1.498107
1.498342
1.502775
1.506501
1.499135
1.507627
1.500398
1.517832
1.491048
1.490412
1.485054
1.492361
1.511486
1.502947
1.495145
1.496733
1.500972
1.494372
1.498277
1.491599
1.497320
1.494045
1.492260
1.517958
1.493766
1.515537
1.508476
1.495196
1.501310
1.504686
1.497345
1.502035
1.506234
1.486423
1.512630
1.492338
1.501946
1.497060
1.488125
1.494836
1.498297
1.505476
1.497500
1.497328
1.499959
1.479310
1.508003
1.499250
1.502908
1.491404
1.488661
1.508054
1.496131
1.520329
1.511711
1.507019
1.494384
1.497615
1.512738
1.511705
1.493465
1.502381
1.497336
1.507190
1.484289
1.491159
1.508736
1.494778
1.508074
1.504120
1.505382
1.530303
1.507099
1.491016
1.498929
1.501319
1.509647
1.496169
1.482082
1.499533
1.497920
1.492670
1.503547
1.497044
1.499248
1.504140
1.504374
1.512924
1.502843
1.520548
1.489687
1.493240
1.493672
1.492064
1.497531
1.499021
1.496798
1.505390
1.492906
1.485956
1.499050
1.518275
1.505883
1.517999
1.480961
1.513164
1.504796
1.503983
1.501225
1.489280
1.512110
1.493602
1.503911
1.501551
1.503131
1.499122
1.496791
1.507587
1.501465
1.505982
1.503533
1.494339
1.513678
1.488355
1.503853
1.477641
1.510643
1.500555
1.501934
1.505223
1.495198
1.496230
1.492774
1.512635
1.517165
1.503749
1.491059
1.494452
1.496835
1.511112
1.489439
1.494280
1.502874
1.494715
1.494489
1.487517
1.492411
1.506392
1.501478
1.503890
1.506788
1.479064
1.498248
1.481183
1.492402
1.501808
1.508641
1.491649
1.509968
1.512265
1.491388
1.488922
1.490883
1.514698
1.500425
1.482178
1.497647
1.494267
1.509414
1.501274
1.510908
1.489625
1.493578
1.502190
1.491302
1.491653
1.498255
1.499918
1.504634
1.503921
1.495147
1.503539
1.499311
1.533919
1.500864
1.499058
1.494473
1.488681
1.502161
1.496299
1.511872
1.485468
1.496955
1.517160
1.503463
1.501196
1.487293
1.495320
1.503167
1.503216
1.499087
1.501143
1.505228
1.499808
1.494828
1.503874
1.516111
1.499531
1.498625
1.512516
1.503191
1.514181
1.505636
1.494343
1.487918
1.501085
1.493715
1.498951
1.500106
1.489953
1.500131
1.500194
1.502782
1.489868
1.506189
1.503779
1.506872
1.522162
1.501230
1.487796
1.504038
1.501657
1.498134
1.479645
1.501416
1.514350
1.486388
1.486186
1.497227
1.514088
1.506641
1.464833
1.506598
1.505876
1.507804
1.489972
1.505763
1.509817
1.509280
1.483679
1.494663
1.491325
1.508271
1.491831
1.508237
1.511639
1.497377
1.500544
1.502360
1.491715
1.489834
1.504898
1.498125
1.512440
1.504153
1.501158
1.494697
1.488441
1.486506
1.490343
1.503006
1.503513
1.496395
1.501563
1.511148
1.494071
1.504466
1.512188
1.498263
1.494843
1.505104
1.492513
1.498159
1.498142
1.505030
1.491015
1.497412
1.479684
1.501949
1.504372
1.504048
1.496710
1.490866
1.490181
1.513755
1.488404
1.505503
1.504546
1.510562
1.500670
1.499537
1.506714
1.511275
1.515607
1.505072
1.502388
1.502131
1.506293
1.502882
1.513946
1.512506
1.508499
1.500349
1.507351
1.499933
1.500016
1.498111
1.509112
1.501805
1.503627
1.507493
1.493495
1.498197
1.509473
1.499982
1.485458
1.490364
1.496161
1.491722
1.509613
1.504467
1.486438
1.503241
1.502714
1.496857
1.490415
1.485117
1.509544
1.493447
1.491319
1.491624
1.485434
1.499893
1.521007
1.506695
1.492431
1.486792
1.486678
1.488307
1.509671
1.491934
1.486504
1.493083
1.502267
1.493329
1.511383
1.508123
1.493801
1.512770
1.504604
1.496130
1.498786
1.492072
1.507928
1.488428
1.504074
1.494365
1.490277
1.493564
1.504974
1.483667
1.473162
1.495911
1.509532
1.493390
1.494043
1.490935
1.504669
1.501455
1.515514
1.510133
1.504339
1.509770
1.501571
1.501545
1.526091
1.492892
1.499162
1.491269
1.518406
1.491248
1.489125
1.487250
1.510038
1.504418
1.508911
1.503247
1.501965
1.503164
1.501390
1.491475
1.481005
1.499816
1.491586
1.508930
1.494549
1.496333
1.499260
1.503653
1.506632
1.496906
1.517263
1.504385
1.489947
1.492674
1.509157
1.501044
1.497052
1.496218
1.499091
1.496215
1.491040
1.497280
1.495230
1.500293
1.503228
1.504676
1.496161
1.492168
1.484293
1.493165
1.498685
1.500660
1.502977
1.487864
1.513274
1.504481
1.506839
1.506697
1.480862
1.518323
1.487443
1.501198
1.497234
1.500024
1.515730
1.503704
1.486964
1.492378
1.491372
1.490933
1.496159
1.509979
1.493970
1.495201
1.476438
1.491697
1.495288
1.486644
1.504409
1.491613
1.496849
1.501616
1.481691
1.511120
1.499825
1.491258
1.492945
1.498353
1.515917
1.511035
1.507410
1.511527
1.519360
1.483087
1.505087
1.514810
1.497934
1.508156
1.511894
1.491111
1.506958
1.507671
1.501272
1.499885
1.476817
1.495366
1.493832
1.496357
1.505085
1.498948
1.496182
1.493572
1.494425
1.512782
1.478632
1.508298
1.506949
1.493508
1.514710
1.509442
1.495778
1.486140
1.488083
1.505453
1.497311
1.501375
1.496224
1.485862
1.493548
1.497309
1.500183
1.503618
1.485404
1.508011
1.512253
1.504246
1.498400
1.501377
1.511699
1.507318
1.507833
1.497522
1.513751
1.503425
1.500316
1.503820
1.505892
1.495762
1.506755
1.504707
1.473277
1.496567
1.499471
1.494452
1.496600
1.494624
1.507339
1.496911
1.524117
1.507363
1.508235
1.503897
1.480013
1.501567
1.495497
1.507538
1.505324
1.515988
1.520171
1.509721
1.501021
1.500278
1.506019
1.489054
1.496505
1.500225
1.506817
1.513100
1.515150
1.496093
1.522546
1.500758
1.516698
1.496041
1.492070
1.490963
1.516882
1.488450
1.498567
1.494622
1.503506
1.502578
1.485072
1.499998
1.484997
1.499315
1.490267
1.498350
1.510061
1.503768
1.488809
1.509807
1.488062
1.506378
1.477176
1.501749
1.498362
1.500691
1.492708
1.512410
1.497956
1.510909
1.500242
1.492197
1.503007
1.503373
1.497660
1.496276
1.497127
1.499864
1.466555
1.492156
1.493382
1.501934
1.491613
1.497923
1.491895
1.498673
1.493868
1.504501
1.500047
1.499939
1.508055
1.494189
1.505148
1.492390
1.499270
1.496007
1.506783
1.492260
1.494927
1.490398
1.491141
1.526758
1.472796
1.495117
1.505415
1.501251
1.483668
1.500056
1.514857
1.497710
1.497006
1.514689
1.496024
1.502070
1.497353
1.508289
1.510249
1.494079
1.514382
1.503608
1.491549
1.505872
1.493989
1.509397
1.482773
1.506389
1.501708
1.497935
1.495013
1.495792
1.503335
1.491416
1.509440
1.499040
1.487788
1.502702
1.503556
1.498374
1.498560
1.496767
1.495040
1.489831
1.481696
1.487791
1.507928
1.506381
1.481357
1.493456
1.529498
1.499954
1.524202
1.491844
1.510208
1.493845
1.523285
1.490555
1.498391
1.505591
1.501569
1.512172
1.477172
1.497298
1.510595
1.501926
1.486021
1.489883
1.504989
1.509431
1.477827
1.505756
1.490228
1.496404
1.506151
1.490824
1.507881
1.501884
1.496651
1.501253
1.491455
1.504399
1.496480
1.492357
1.494077
1.490728
1.501142
1.500030
1.501566
1.500234
1.531283
1.502899
1.518946
1.483283
1.507274
1.505734
1.502126
1.489511
1.502180
1.507847
1.501988
1.510486
1.493562
1.514980
1.512203
1.500759
1.479355
1.502282
1.509339
1.486872
1.504612
1.500847
1.500686
1.493848
1.484796
1.501878
1.512014
1.502396
1.502150
1.500476
1.504132
1.504357
1.489886
1.500774
1.491432
1.505192
1.505711
1.512865
1.518631
1.505041
1.508415
1.498598
1.500758
1.500884
1.513680
1.498251
1.487267
1.486797
1.488869
1.501838
1.489767
1.508151
1.489928
1.513610
1.515886
1.503981
1.501559
1.482212
1.510084
1.496855
1.488997
1.493508
1.479389
1.490262
1.484571
1.498087
1.510527
1.499054
1.502488
1.496809
1.491107
1.501804
1.497190
1.505889
1.485677
1.501161
1.519842
1.494449
1.489765
1.507215
1.505976
1.500463
1.511292
1.504925
1.492909
1.498092
1.494403
1.505670
1.504549
1.500388
1.507132
1.488451
1.504293
1.515783
1.502336
1.500286
1.499103
1.493865
1.492144
1.499793
1.499107
1.494314
1.512514
1.504450
1.500705
1.495554
1.507718
1.503649
1.495099
1.495646
1.507903
1.496160
1.512674
1.492770
1.501806
1.494171
1.496434
1.494111
1.496989
1.489872
1.500721
1.505981
1.495590
1.496271
1.501169
1.494270
1.506156
1.498915
1.500140
1.491319
1.506674
1.496974
1.494121
1.492595
1.504419
1.502261
1.480632
1.506196
1.503389
1.496416
1.512413
1.498379
1.500491
1.512965
1.507185
1.514719
1.493180
1.501255
1.483179
1.499890
1.499977
1.497550
1.505928
1.493570
1.491876
1.495130
1.497381
1.502518
1.497889
1.498495
1.492462
1.506489
1.493969
1.494686
1.505069
1.496320
1.504091
1.500427
1.496387
1.504629
1.505377
1.499265
1.507212
1.490506
1.504397
1.502691
1.520702
1.495660
1.501600
1.487903
1.517493
1.503998
1.506272
1.500937
1.498774
1.499193
1.495295
1.489007
1.486414
1.509072
1.508316
1.494931
1.506845
1.486996
1.515364
1.493397
1.481002
1.500542
1.512372
1.490293
1.513391
1.505813
1.504685
1.498104
1.507356
1.494781
1.481122
1.475010
1.484379
1.506084
1.503892
1.487867
1.523201
1.478934
1.497027
1.504380
1.471217
1.496271
1.507713
1.493577
1.503151
1.504579
1.485204
1.515589
1.508174
1.491944
1.528441
1.505135
1.506991
1.501786
1.499833
1.514205
1.520182
1.505430
