0.000630
0.004467
0.011983
0.024020
0.038980
0.057610
0.080973
0.105153
0.130877
0.161547
0.192337
0.224983
0.255193
0.288473
0.322147
0.353447
0.383367
0.415677
0.444827
0.470973
0.497673
0.518057
0.534330
0.551157
0.563623
0.574520
0.582307
0.584587
0.589290
0.587443
0.581000
0.574260
0.563147
0.548133
0.536483
0.520917
0.503293
0.482917
0.462373
0.440570
0.420430
0.398163
0.377253
0.355557
0.334747
0.311063
0.290430
0.267890
0.250033
0.229467
0.210057
0.192673
0.175443
0.158683
0.145143
0.131547
0.117840
0.107660
0.094850
0.084550
0.076330
0.067533
0.059530
0.051963
0.045260
0.039783
0.034797
0.030437
0.026333
0.022797
0.020227
0.016873
0.014450
0.012540
0.010520
0.008720
0.007467
0.006210
0.005350
0.004377
0.003567
0.003147
0.002490
0.002180
0.001797
0.001503
0.001227
0.000923
0.000860
0.000630
0.000537
0.000463
0.000377
0.000293
0.000270
0.000213
0.000153
0.000130
0.000123
0.000100
0.000080
0.000073
0.000043
0.000040
0.000003
0.000010
0.000000
0.000017
0.000007
0.000007
0.000007
0.000007
0.000000
0.000000
0.000003
0.000000
0.000000
0.000000
0.000000
0.000000
0.000000
0.000000
0.000000
0.000000
0.000000
0.000000
0.000000
0.000000
0.000000
0.000000
0.000000
0.000000
0.000000
0.000000
0.000000
0.000000
0.000000
0.000000
0.000000
0.000000
