0.000000
0.000000
0.000000
0.000000
0.000000
0.000000
0.000000
0.000000
0.000000
0.000000
0.000000
0.000000
0.000000
0.000000
0.000000
0.000000
0.000000
0.000212
0.039496
0.497041
1.521508
2.284780
2.462963
2.295487
2.039535
1.795672
1.594534
1.444112
1.324747
1.239714
1.174392
1.123617
1.093027
1.070411
1.055413
1.048372
1.046595
1.054123
1.059712
1.073459
1.085684
1.099314
1.103611
1.107151
1.105521
1.099414
1.089732
1.081100
1.069983
1.062797
1.054893
1.049320
1.043298
1.039549
1.035939
1.034465
1.030233
1.028308
1.027690
1.025611
1.025923
1.026440
1.025677
1.024193
1.022490
1.021442
1.021280
1.018834
1.017234
1.016072
1.014667
1.012289
1.012083
1.011702
1.011436
1.009310
1.008666
1.009520
1.008443
1.008172
1.006392
1.006310
1.006757
1.006569
1.005523
1.004959
1.004339
1.004146
1.004410
1.004058
1.003593
1.002971
1.002853
1.002970
1.002167
1.001929
1.001343
1.001813
1.001744
1.001302
1.000703
1.000126
1.000470
1.000110
1.000368
0.999497
0.999816
1.000695
1.000111
0.999867
0.999471
0.999953
0.999579
0.999260
0.999492
0.999224
0.998716
0.998951
0.998610
0.998670
0.997743
0.998662
0.998924
0.998456
0.998377
0.997946
0.997815
0.998055
0.998227
0.997772
0.997989
0.997925
0.997744
0.998253
0.998181
0.997679
0.998095
0.998145
0.997774
0.997608
0.997590
0.998015
0.998164
0.997757
0.997785
0.997431
0.997243
0.998184
0.997559
0.997385
0.997338
0.997669
0.997666
0.997609
0.997075
0.997931
0.997254
0.997713
0.997331
0.997892
0.997226
0.997350
0.997750
0.997622
0.997920
0.997462
0.997164
0.997829
0.997487
0.997091
0.997264
0.997234
0.997530
0.996991
0.997247
0.997055
0.997421
0.997349
0.997616
0.997268
0.997128
0.997258
0.997796
0.997261
0.997234
0.997176
0.997172
0.996892
0.996960
0.997099
0.997268
0.997147
0.997312
0.997082
0.997608
0.996901
0.997451
0.997656
0.997471
0.997281
