-0.996586
-0.987835
-0.989981
-1.006461
-0.982584
-0.992041
-0.987500
-1.011471
-0.998701
-1.003382
-0.992073
-0.983055
-0.946392
-0.968014
-0.942212
-0.949802
-0.961000
-0.941847
-0.955751
-0.958528
-0.935380
-0.943169
-0.946812
-0.917338
-0.932696
-0.928730
-0.935252
-0.922224
-0.932821
-0.900859
-0.934027
-0.932556
-0.915570
-0.931120
-0.935117
-0.947272
-0.947161
-0.939320
-0.948914
-0.936404
-0.956975
-0.962765
-0.957839
-0.974612
-0.971861
-0.984812
-0.980853
-0.976207
-0.981955
-0.961092
-0.962916
-0.973544
-0.961451
-0.982365
-0.992781
-0.975068
-0.965762
-0.989371
-0.969682
-0.969595
-0.978669
-0.984737
-0.959808
-0.976994
-0.966402
-0.962487
-0.974953
-0.971284
-0.994071
-0.968317
-0.976882
-0.966929
-0.975370
-0.967735
-0.965228
-0.966900
-0.995735
-0.999672
-0.992168
-0.998312
-0.984710
-0.988483
-0.974619
-0.988285
-0.990313
-0.991332
-0.967948
-0.969944
-0.993124
-0.997068
-1.002937
-0.999885
-1.010498
-0.995432
-0.978929
-0.965880
-0.967080
-0.956626
-0.984790
-0.989250
-0.968982
-0.989937
-0.991721
-0.968238
-0.967991
-0.963923
-0.961765
-0.947073
-0.970276
-0.960775
-0.969200
-0.965014
-0.950030
-0.968011
-0.963212
-0.945110
-0.955380
-0.958467
-0.967374
-0.945813
-0.946883
-0.972571
-0.944561
-0.940705
-0.946413
-0.953753
-0.959131
-0.953391
-0.959645
-0.968467
-0.955052
-0.971185
-0.967059
-0.963324
-0.959691
-0.953207
-0.961678
-0.950835
-0.947980
-0.946973
-0.934542
-0.938154
-0.937021
-0.948863
-0.943217
-0.929833
-0.937535
-0.945783
-0.944400
-0.941601
-0.957416
-0.933782
-0.946357
-0.959102
-0.955349
-0.970894
-0.946643
-0.951138
-0.940274
-0.938184
-0.920498
-0.930138
-0.914254
-0.926446
-0.924043
-0.944115
-0.934899
-0.948203
-0.927412
-0.914713
-0.912534
-0.924201
-0.913474
-0.927419
-0.949661
-0.951501
-0.943715
-0.956444
-0.937629
-0.928594
-0.915835
-0.928683
-0.936875
-0.938881
-0.934704
-0.938809
-0.937012
-0.955376
-0.945576
-0.951225
-0.940510
-0.927900
-0.911711
-0.908609
-0.932423
-0.931731
-0.924513
-0.944860
-0.943141
-0.949153
-0.958216
-0.938301
-0.945554
-0.935606
-0.935602
-0.953349
-0.931540
-0.932516
-0.919124
-0.929770
-0.942536
-0.941951
-0.948741
-0.980394
-0.975271
-0.977431
-0.983532
-0.968342
-0.952945
-0.958841
-0.960325
-0.957303
-0.955267
-0.949261
-0.966251
-0.969100
-0.994012
-0.993176
-0.967134
-0.972677
-0.961422
-0.951447
-0.963276
-0.947008
-0.942707
-0.938688
-0.955893
-0.967300
-0.964677
-0.969798
-0.994354
-0.988341
-0.987943
-0.985753
-0.995058
-0.963723
-0.980421
-0.989492
-0.979569
-0.975814
-0.999793
-0.992231
-0.987560
-0.996442
-1.000115
-1.003401
-1.004908
-0.991824
-1.015657
-1.002783
-0.970544
-0.997172
-1.002698
-0.990215
-1.010874
-1.004277
-1.020375
-1.008865
-1.017813
-1.028243
-1.034750
-1.042373
-1.024900
-1.054180
-1.052056
-1.048300
-1.031069
-1.020562
-1.021626
-1.029387
-1.033864
-1.022934
-1.008965
-0.999595
-0.995311
-0.988532
-0.981496
-0.982285
-0.981046
-0.994438
-1.001262
-0.985059
-1.003963
-0.993058
-0.999135
-0.986091
-0.987201
-1.002825
-0.978109
-0.985572
-0.960741
-0.982533
-0.959821
-0.946302
-0.937348
-0.927393
-0.922949
-0.942945
-0.936807
-0.952894
-0.962359
-0.984962
-0.975692
-0.983841
-0.983456
-0.962819
-0.960908
-0.941524
-0.942300
-0.950617
-0.950508
-0.939079
-0.959699
-0.956687
-0.973055
-0.978014
-0.990184
-0.989509
-0.990702
-1.002345
-0.992790
-0.992393
-0.974620
-0.983447
-0.984282
-0.985178
-0.975793
-0.985720
-0.955840
-0.970112
-0.969621
-0.945122
-0.976858
-0.971067
-0.974162
-0.966140
-0.968822
-0.955096
-0.961953
-0.956849
-0.955231
-0.938821
-0.958722
-0.965431
-0.925992
-0.930983
-0.940381
-0.915360
-0.938178
-0.914984
-0.925659
-0.953712
-0.937666
-0.952699
-0.944718
-0.942019
-0.936506
-0.954971
-0.960961
-0.966115
-0.953677
-0.953465
-0.936903
-0.941341
-0.943936
-0.933301
-0.926154
-0.956118
-0.945720
-0.935694
-0.951882
-0.924295
-0.944734
-0.916614
-0.937776
-0.927869
-0.954423
-0.949492
-0.954816
-0.965400
-0.944779
-0.950222
-0.974345
-0.970344
-0.962639
-0.966766
-0.970198
-0.964566
-0.982571
-0.959087
-0.953919
-0.938029
-0.961107
-0.949397
-0.956071
-0.954735
-0.962793
-0.969598
-0.960960
-0.991596
-0.981083
-0.972864
-0.958670
-0.950871
-0.942073
-0.953584
-0.930067
-0.941069
-0.947958
-0.921101
-0.929403
-0.912609
-0.911765
-0.898838
-0.919904
-0.922864
-0.918549
-0.944061
-0.947667
-0.937477
-0.933971
-0.917156
-0.912228
-0.927694
-0.940742
-0.950858
-0.940043
-0.946363
-0.931424
-0.943457
-0.930899
-0.947794
-0.941624
-0.958478
-0.963832
-0.961690
-0.957532
-0.955055
-0.975551
-0.963951
-0.961549
-0.949799
-0.955345
-0.932553
-0.949352
-0.956245
-0.927110
-0.940061
-0.949311
-0.950107
-0.966460
-0.986142
-0.980653
-1.002838
-0.986818
-1.001587
-0.979753
-0.980139
-0.978333
-0.965602
-0.952016
-0.964385
-0.935879
-0.940975
-0.930470
-0.910274
-0.931801
-0.929773
-0.933612
-0.950139
-0.954505
-0.960266
-0.958676
-0.954872
-0.950583
-0.957313
-0.955492
-0.970928
-0.970787
-0.962522
-0.957636
-0.953389
-0.952520
-0.958080
-0.980708
-0.974342
-0.964160
-0.974489
-0.972279
-0.962997
-0.958432
-0.975752
-0.980159
-0.979053
-1.002779
-0.980805
-0.992223
-0.993626
-0.976467
-0.957049
-0.981051
-0.961214
-0.949693
-0.956665
-0.968699
-0.963743
-0.969982
-0.989882
-0.984602
-0.969598
-0.955651
-0.968184
-0.963580
-0.955903
-0.940457
-0.948323
-0.950522
-0.936298
-0.946024
-0.951985
-0.948933
-0.938764
-0.942508
-0.936408
-0.916580
-0.931686
-0.928925
-0.927684
-0.902182
-0.931858
-0.938491
-0.941052
-0.947926
-0.942073
-0.951644
-0.956404
-0.980403
-0.955840
-0.967555
-0.942704
-0.953642
-0.953490
-0.962503
-0.952503
-0.943426
-0.942047
-0.936543
-0.938176
-0.935411
-0.938639
-0.957668
-0.960016
-0.975132
-0.946911
-0.975264
-0.951009
-0.937849
-0.955710
-0.935985
-0.931150
-0.942457
-0.943652
-0.964038
-0.957422
-0.976345
-0.968487
-0.982102
-0.988835
-0.973307
-0.946897
-0.955818
-0.968455
-0.969590
-0.992507
-1.007373
-1.002557
-1.013889
-1.015307
-1.002671
-1.002144
-0.997440
-0.978538
-0.969363
-0.992140
-1.001233
-0.976337
-0.995542
-0.977032
-0.986695
-0.983627
-0.978589
-0.980587
-0.992377
-0.988709
-0.981615
-0.979758
-0.980084
-0.971221
-0.964768
-0.967730
-0.960980
-0.947384
-0.935573
-0.935977
-0.939045
-0.939784
-0.944562
-0.951505
-0.971217
-0.969754
-0.972064
-0.968229
-0.967111
-0.943852
-0.959684
-0.947675
-0.942914
-0.969599
-0.958649
-0.973524
-0.970526
-0.970051
-0.972399
-0.971689
-0.963583
-0.960435
-0.965545
-0.967636
-0.974936
-0.984211
-0.959069
-0.957815
-0.957661
-0.956750
-0.955580
-0.956121
-0.967865
-0.976594
-0.974398
-0.959795
-0.951878
-0.973340
-0.980786
-0.973738
-0.970002
-0.958769
-0.971623
-0.965367
-0.976080
-0.964584
-0.968882
-0.967164
-0.953668
-0.962462
-0.941257
-0.945323
-0.948306
-0.933609
-0.948203
-0.916605
-0.936655
-0.946473
-0.972287
-0.976338
-0.960194
-0.988494
-0.992334
-0.976225
-0.971013
-0.956002
-0.955469
-0.949881
-0.950861
-0.943778
-0.940197
-0.937687
-0.921062
-0.938225
-0.916034
-0.932942
-0.935407
-0.935667
-0.934169
-0.915610
-0.935379
-0.931270
-0.946380
-0.939003
-0.967438
-0.964246
-0.967148
-0.953490
-0.950080
-0.948447
-0.961205
-0.942472
-0.953068
-0.938846
-0.934594
-0.959891
-0.964078
-0.937142
-0.952866
-0.936559
-0.938941
-0.949636
-0.945288
-0.952910
-0.944541
-0.962099
-0.962905
-0.979914
-0.961583
-0.980266
-0.970757
-0.986680
-0.973440
-0.973409
-0.977260
-0.983941
-0.970051
-0.958309
-0.948338
-0.939654
-0.943077
-0.924921
-0.920729
-0.903319
-0.935065
-0.934426
-0.937840
-0.952114
-0.961391
-0.946015
-0.940409
-0.940775
-0.938487
-0.940283
-0.936869
-0.942010
-0.926904
-0.930732
-0.921874
-0.942344
-0.952608
-0.954197
-0.965849
-0.958364
-0.955108
-0.971297
-0.967549
-0.953770
-0.964663
-0.962617
-0.992187
-0.993636
-0.995356
-1.012947
-1.020723
-1.004215
-0.973378
-0.978659
-0.979135
-0.965759
-0.981470
-0.985544
-1.006835
-1.008218
-1.017413
-1.005163
-1.009473
-1.012571
-0.993025
-1.003578
-0.993317
-1.011102
-1.000836
-0.984638
-0.967940
-0.974785
-0.945958
-0.969532
-0.954658
-0.965855
-0.976198
-0.956514
-0.975945
-0.954423
-0.971329
-0.971466
-0.959705
-0.972894
-0.972907
-0.974985
-0.975410
-0.968827
-0.971526
-0.972352
-0.989992
-0.981903
-0.993410
-0.986375
-0.989106
-1.002473
-0.983402
-0.998175
-0.997913
-0.997883
-0.985579
-0.981818
-0.961012
-0.963500
-0.963100
-1.002286
-0.984443
-0.977307
-0.961274
-0.972681
-0.973928
-0.966791
-0.940314
-0.926074
-0.940896
-0.915666
-0.911674
-0.926694
-0.932711
-0.932288
-0.934033
-0.938774
-0.953354
-0.950082
-0.955731
-0.983760
-0.970538
-0.975027
-0.967406
-0.939544
-0.965807
-0.945695
-0.951974
-0.956518
-0.949047
-0.916422
-0.920183
-0.921799
-0.937268
-0.936907
-0.943299
-0.946864
-0.948553
-0.958251
-0.962990
-0.961957
-0.958867
-0.959531
-0.946600
-0.949128
-0.958434
-0.959405
-0.944764
-0.957565
-0.977863
-0.987073
-0.979517
-1.009409
-1.015793
-1.016684
-1.019962
-0.995407
-1.002871
-1.002659
-0.994324
-0.999098
-1.003688
-0.981189
-0.994470
-0.987492
-0.992066
-1.004538
-1.012498
-1.001672
-1.009967
-0.998663
-1.019561
-0.995474
-0.985652
-0.985532
-0.996516
-0.987584
-0.998056
-1.010639
-1.000841
-1.006513
-0.995280
-1.020438
-1.015571
-0.999811
-0.996959
-1.001289
-0.979977
-0.995159
-1.003324
-0.982303
-0.995663
-0.986271
-0.974769
-0.972246
-0.977281
-0.983292
-0.978953
-0.980607
-0.990570
-0.993215
-0.985642
-0.984836
-0.974005
-0.978833
-0.983578
-0.981096
-1.003998
-1.008558
-1.020221
-0.992107
-0.986912
-0.986277
-0.967501
-0.958932
-0.962414
-0.956504
-0.975360
-0.963783
-0.965062
-0.965733
-0.977652
-0.988155
-0.981160
-0.976760
-0.980484
-0.981860
-0.971411
-0.981082
-0.987215
-1.001477
-0.982783
-0.978546
-0.970474
-0.978420
-0.972697
-0.997905
-0.984731
-0.975617
-0.981767
-0.984101
-0.967660
-0.974100
-0.977339
-0.974421
-0.970594
-0.967027
-0.980501
-0.984349
-0.990656
-1.003977
-0.983954
-1.003517
-1.008087
-1.008535
-1.018993
-0.996171
-1.008342
-0.984093
-0.997986
-0.985081
-0.993849
-0.972343
-0.966289
-0.962922
-0.960635
-0.945656
-0.977619
-0.974179
-0.958965
-0.949390
-0.954630
-0.966027
-0.990409
-0.981096
-1.002214
-0.996517
-0.987967
-0.984485
-0.979852
-0.973735
-0.963042
-0.959454
-0.957840
-0.967026
-0.957094
-0.951940
-0.940965
-0.961655
-0.941403
-0.958751
-0.955324
-0.955934
-0.972319
-0.959203
-0.983384
-0.975312
-0.974803
-0.986063
-0.974866
-0.982907
-0.980250
-0.981452
-0.996844
-0.994494
-1.000379
-0.997392
-0.984253
-1.010282
-1.004198
-1.008664
-0.982613
-0.984633
-0.977290
-0.968741
-0.955683
-0.963735
-0.972505
-0.969310
-0.956413
-0.980735
-0.976116
-0.969468
-0.955205
-0.964204
-0.953925
-0.945502
-0.953531
-0.956720
-0.949580
-0.963072
-0.970056
-0.954549
-0.955509
-0.961302
-0.948126
-0.964134
-0.948594
-0.960890
-0.959970
-0.964100
-0.965367
-0.943291
-0.951901
-0.949820
-0.972502
-0.973577
-0.984083
-0.949957
-0.948905
-0.951440
-0.967550
-0.955852
-0.952787
-0.967405
-0.955353
-0.968098
-0.942804
-0.964473
-0.961160
-0.975077
-0.952975
-0.966583
-0.949309
-0.962006
-0.969923
-0.967043
-0.974247
-0.975198
-0.937306
-0.954170
-0.956304
-0.958195
-0.967048
-0.951350
-0.976704
-0.948677
-0.967108
-0.976675
-0.969966
-0.968138
-0.967620
-0.972246
-0.974069
-0.958951
-0.976178
-0.985275
-0.970060
-0.970486
-0.962780
-0.969911
-0.958669
-0.957493
-0.958899
-0.972553
-0.961745
-0.987356
-0.968532
-0.979598
-0.986612
-0.976996
-0.972915
-0.970217
-0.975914
-0.961020
-0.972026
-0.964743
-0.969129
-0.958448
-0.948615
-0.948717
-0.943351
-0.953562
-0.975538
-0.976646
-0.980383
-0.983744
-0.970152
-0.962133
-0.982554
-0.977919
-0.956596
-0.986641
-0.984356
-0.965456
-0.990184
-0.970093
-0.972504
-0.993927
-0.970532
-0.953730
-0.959555
-0.943183
-0.943959
-0.960663
-0.959308
-0.978168
-0.993554
-0.990070
-0.988148
-0.978023
-0.982228
-0.963114
-0.970164
-0.963913
-0.963718
-0.960318
-0.964118
-0.953215
-0.944759
-0.930244
-0.947665
-0.957247
-0.961385
-0.967421
-0.953463
-0.964085
-0.946937
-0.953821
-0.944099
-0.944050
-0.948404
-0.939447
-0.928442
-0.973823
-0.954655
-0.953798
-0.944363
-0.941502
-0.944281
-0.919820
-0.929940
-0.932114
-0.945037
-0.952922
-0.964962
-0.959179
-0.971877
-0.939457
-0.940344
-0.954933
-0.929853
-0.945242
-0.949127
-0.939992
-0.934268
-0.942255
-0.940235
-0.934314
-0.944396
-0.938674
-0.939960
-0.915357
-0.917371
-0.930912
-0.923760
-0.933739
-0.943164
-0.953690
-0.949248
-0.954107
-0.955139
-0.954950
-0.954505
-0.948342
-0.929287
-0.935535
-0.919002
-0.911615
-0.917230
-0.898566
-0.911578
-0.917644
-0.916536
-0.942325
-0.954292
-0.944467
-0.932858
-0.961113
-0.956026
-0.973012
-0.956702
-0.940083
-0.941180
-0.941000
-0.946158
-0.950459
-0.953876
-0.934764
-0.943758
-0.926874
-0.940037
-0.955908
-0.945613
-0.929796
-0.939416
-0.938441
-0.943472
-0.950029
-0.956688
-0.958559
-0.963600
-0.944657
-0.948890
-0.941507
-0.930961
-0.926342
-0.945077
-0.925633
-0.946912
-0.939652
-0.957085
-0.929807
-0.944206
-0.958541
-0.964473
-0.970208
-0.971057
-0.969361
-0.937861
-0.931175
-0.927210
-0.915620
-0.926813
-0.919955
-0.928173
-0.907591
-0.922928
-0.926680
-0.936575
-0.898247
-0.944931
-0.941185
-0.938880
-0.952290
-0.948784
-0.943636
-0.941115
-0.922902
-0.942346
-0.941138
-0.943112
-0.942531
-0.933795
-0.937353
-0.927424
-0.940412
-0.923618
-0.940231
-0.933292
-0.959746
-0.951192
-0.964671
-0.965967
-0.961481
-0.950473
-0.948004
-0.948312
-0.954880
-0.946834
-0.966872
-0.960425
-0.967053
-0.964120
-0.970981
-0.978988
-0.990825
-0.991692
-0.979767
-0.970418
-0.975120
-0.956014
-0.966853
-0.969532
-0.968302
-0.953179
-0.962031
-0.975371
-0.980408
-0.968888
-0.961156
-0.978633
-0.958412
-0.955943
-0.945055
-0.951166
-0.940624
-0.945938
-0.947956
-0.952542
-0.947819
-0.944340
-0.975153
-0.958920
-0.969918
-0.978962
-0.978385
-0.976418
-0.967056
-0.971156
-0.956179
-0.952678
-0.962610
-0.975723
-0.964932
-0.975920
-0.976165
-0.966817
-0.987175
-0.993169
-0.975294
-0.983642
-0.976403
-0.963791
-0.966836
-0.955248
-0.974896
-0.966234
-0.965922
-0.978355
-0.964288
-0.977027
-0.959169
-0.969989
-0.983167
-0.984619
-0.992678
-0.986125
-0.996707
-0.972667
-0.985220
-0.978017
-0.980505
-0.977900
-0.969459
-0.972527
-0.953542
-0.954079
-0.960746
-0.948758
-0.930443
-0.953389
-0.926358
-0.939027
-0.931706
-0.951745
-0.943407
-0.951692
-0.939248
-0.948007
-0.931155
-0.944980
-0.955543
-0.954428
-0.989849
-0.978759
-0.990198
-0.996713
-0.981156
-0.994358
-0.976960
-0.965226
-0.986655
-0.983053
-0.986026
-0.995362
-0.977360
-0.978920
-0.983473
-0.964685
-0.995544
-0.991757
-0.975894
-0.972921
-0.958018
-0.984350
-0.966997
-1.002149
-0.993545
-0.997326
-0.986970
-0.974014
-0.972065
-0.985232
-0.983831
-0.983596
-0.978196
-0.971107
-0.973114
-0.966972
-0.965591
-0.971115
-0.983235
-0.983421
-0.982648
-0.984061
-0.975299
-0.973871
-0.967809
-0.954553
-0.958128
-0.946887
-0.971357
-0.991273
-0.989521
-0.981836
-0.965439
-0.973199
-0.963378
-0.969105
-0.951142
-0.959060
-0.948827
-0.950140
-0.957440
-0.943594
-0.950769
-0.958363
-0.951847
-0.953107
-0.939168
-0.940215
-0.951440
-0.947475
-0.944751
-0.943521
-0.948859
-0.969356
-0.944775
-0.976298
-0.968150
-0.965501
-0.981168
-0.976818
-0.981232
-0.980188
-0.970313
-0.969935
-0.967944
-0.972335
-0.980308
-0.969869
-0.982430
-0.969608
-0.964505
-0.942547
-0.935918
-0.936313
-0.943144
-0.936856
-0.947415
-0.950068
-0.959821
-0.971803
-0.982013
-0.995473
-0.991753
-0.965894
-0.970024
-0.951313
-0.949373
-0.939039
-0.946849
-0.976225
-0.964468
-0.980113
-0.954462
-0.981598
-0.968085
-0.958094
-0.982845
-0.979918
-0.988898
-1.004684
-1.002018
-1.001480
-0.980250
-0.970615
-0.951921
-0.945022
-0.955940
-0.947792
-0.974235
-0.946413
-0.962312
-0.956521
-0.935916
-0.951459
-0.949043
-0.967682
-0.982397
-0.972494
-0.987508
-0.981622
-0.956761
-0.957945
-0.957127
-0.964015
-0.965927
-0.963893
-0.973044
-0.980721
-0.954726
-0.981435
-0.953524
-0.972020
-0.969655
-0.980858
-0.965661
-0.973921
-0.971023
-0.982182
-0.970871
-0.984288
-0.956371
-0.969223
-0.968976
-0.972386
-0.963659
-0.989849
-0.997065
-0.993535
-0.990928
-1.010484
-1.001646
-0.994976
-0.998646
-1.001434
-1.000946
-1.006665
-1.008057
-1.001315
-0.998001
-1.000511
-1.000065
-0.984810
-0.970657
-0.970379
-0.968253
-0.940774
-0.924294
-0.933742
-0.939843
-0.943080
-0.933871
-0.933965
-0.938204
-0.942502
-0.943883
-0.958684
-0.960933
-0.975607
-0.968089
-0.969079
-0.974195
-0.968367
-0.953811
-0.944156
-0.938993
-0.939064
-0.938497
-0.935652
-0.907806
-0.928267
-0.933246
-0.938500
-0.936238
-0.955270
-0.942877
-0.944385
-0.948969
-0.959419
-0.973109
-0.971925
-0.952280
-0.956433
-0.955546
-0.928706
-0.951612
-0.941760
-0.933435
-0.949711
-0.954144
-0.937302
-0.946341
-0.931548
-0.950917
-0.937065
-0.934205
-0.960723
-0.936642
-0.960316
-0.946020
-0.953341
-0.953643
-0.942980
-0.943133
-0.933004
-0.937834
-0.937576
-0.951589
-0.947708
-0.937383
-0.950620
-0.948963
-0.957542
-0.963626
-0.967445
-0.978244
-0.975775
-0.955704
-0.968863
-0.947269
-0.960431
-0.947478
-0.947284
-0.951239
-0.946610
-0.941008
-0.957222
-0.942685
-0.941328
-0.928073
-0.922843
-0.941137
-0.951941
-0.958321
-0.975961
-0.983849
-0.962213
-0.972237
-0.967486
-0.978934
-0.987183
-0.983933
-0.959798
-0.971146
-0.977662
-0.969642
-0.965758
-0.957081
-0.942814
-0.967006
-0.948581
-0.953769
-0.967860
-0.972086
-0.961259
-0.967445
-0.975036
-0.973993
-0.991115
-0.981365
-0.986521
-0.971821
-0.973381
-0.971428
-0.974991
-0.964383
-0.968011
-0.962937
-0.965949
-0.965966
-0.969173
-0.985636
-0.978482
-0.974987
-0.980738
-0.991422
-1.010440
-1.003437
-0.998443
-0.994436
-0.981398
-0.966024
-0.946026
-0.953603
-0.950042
-0.950094
-0.943769
-0.947975
-0.947999
-0.960199
-0.969456
-0.978061
-0.955127
-0.960326
-0.938409
-0.941286
-0.946359
-0.956800
-0.970600
-0.967989
-0.977466
-0.966155
-0.975997
-0.968154
-0.967815
-0.957411
-0.972022
-0.960316
-0.973465
-0.966803
-0.973091
-0.982341
-0.989527
-0.989874
-0.980883
-0.987070
-0.985730
-1.009343
-0.983313
-0.968564
-0.979449
-0.967941
-0.952307
-0.971398
-0.970424
-0.969332
-0.952796
-0.991038
-0.978461
-0.997803
-0.989032
-0.978281
-0.980621
-0.977218
-0.990473
-0.987402
-0.992138
-0.988304
-1.001751
-0.980441
-0.984811
-0.994834
-0.987705
-0.985505
-0.967908
-0.973368
-0.964303
-0.986884
-0.991799
-0.998670
-1.009050
-1.019292
-1.016192
-1.028063
-1.015874
-1.017806
-1.006118
-1.000343
-1.009239
-0.974940
-0.997902
-1.011026
-1.003903
-1.025092
-1.027101
-1.020630
-1.009519
-0.992572
-0.999647
-0.993976
-1.002916
-0.991652
-0.969254
-0.975871
-0.958770
-0.973273
-0.971069
-0.978639
-0.986886
-0.974372
-0.986583
-0.999632
-0.996175
-0.983419
-1.005130
-1.008197
-1.008678
-1.000901
-0.983834
-0.963506
-0.976938
-0.969350
-0.964498
-0.958682
-0.956859
-0.965388
-0.943644
-0.960237
-0.960288
-0.955591
-0.966750
-0.951145
-0.959438
-0.949297
-0.929873
-0.961632
-0.932946
-0.948828
-0.941645
-0.970885
-0.975081
-0.995901
-0.996794
-0.966323
-0.966829
-0.959415
-0.955498
-0.969245
-0.981965
-0.973141
-0.986145
-0.988534
-0.995243
-1.010234
-0.998039
-0.989970
-1.017360
-1.015334
-1.006123
-1.000849
-0.979573
-0.987743
-0.974895
-0.991155
-0.976970
-0.986279
-0.977504
-0.987474
-0.974075
-0.989074
-0.967306
-0.986417
-0.973511
-0.972959
-0.974909
-0.971565
-0.950334
-0.949507
-0.977023
-1.006270
-1.010148
-1.005505
-1.021826
-0.997019
-1.006605
-0.998056
-1.001231
-0.999899
-0.981513
-0.987803
-1.001345
-0.998226
-0.996045
-0.974638
-0.963924
-0.970410
-0.978960
-0.994307
-0.979953
-0.973484
-0.991884
-0.982935
-1.003794
-0.988168
-1.001161
-0.976522
-0.978339
-0.990043
-0.979259
-0.990832
-0.989316
-0.981561
-0.987455
-0.979206
-0.973775
-0.972149
-0.962918
-0.980156
-0.963788
-0.951461
-0.966033
-0.945728
-0.966179
-0.961070
-0.974823
-0.981328
-0.968721
-0.962155
-0.957061
-0.944800
-0.950101
-0.955231
-0.921425
-0.958372
-0.962167
-0.947949
-0.950202
-0.969061
-0.981987
-0.964042
-0.985846
-0.986086
-0.987534
-0.987618
-0.998120
-0.994496
-1.008519
-1.011087
-0.998934
-0.988067
-0.974543
-0.963408
-0.970845
-0.972712
-0.991928
-0.985111
-0.979677
-0.975104
-0.990205
-0.999681
-0.984808
-0.970200
-0.975591
-0.969054
-0.976155
-0.985652
-0.982395
-0.998022
-0.993683
-1.005042
-1.016883
-1.009065
-1.014738
-0.991932
-1.008372
-1.008823
-1.002152
-0.992289
-0.994944
-0.996274
-1.013938
-1.010023
-1.013484
-1.018896
-1.025820
-1.028360
-1.030023
-1.018698
-1.041853
-1.017661
-1.011271
-1.006391
-0.996247
-0.987001
-0.976143
-0.993902
-0.994918
-1.011150
-1.002738
-1.004218
-1.010534
-1.030995
-0.999805
-1.024196
-0.996164
-0.999137
-0.992977
-0.998775
-0.999281
-0.996644
-0.981511
-0.969506
-0.973254
-0.968598
-0.951053
-0.957153
-0.961141
-0.948400
-0.950065
-0.972066
-0.957835
-0.960566
-0.991557
-0.977378
-0.981093
-0.979043
-0.981648
-0.973497
-0.981084
-0.982250
-0.989712
-0.985374
-0.974803
-0.979702
-0.978856
-0.982571
-0.969458
-0.966868
-0.948118
-0.973904
-0.983576
-0.999063
-0.999142
-1.000594
-0.992331
-0.986011
-0.973402
-0.988176
-0.988267
-0.965673
-0.977912
-0.975680
-0.960752
-0.995056
-0.978451
-0.991141
-0.996009
-0.993708
-0.989160
-0.997235
-0.989669
-1.005858
-0.989613
-0.993662
-0.988920
-1.007699
-0.992601
-0.991980
-0.982286
-0.967934
-0.964692
-0.974911
-0.980887
-0.982153
-0.982353
-0.952352
-0.945089
-0.940704
-0.931802
-0.954168
-0.953579
-0.956611
-0.945868
-0.966090
-0.976195
-0.967431
-0.943071
-0.950022
-0.952192
-0.943447
-0.980557
-0.978042
-0.975219
-0.955814
-0.957849
-0.945560
-0.965534
-0.930672
-0.955144
-0.947112
-0.941673
-0.941886
-0.954604
-0.957793
-0.957369
-0.960468
-0.953575
-0.963333
-0.960916
-0.957994
-0.964304
-0.959736
-0.954217
-0.962248
-0.964316
-0.969699
-0.963700
-0.966085
-0.974801
-0.942569
-0.959630
-0.964574
-0.956058
-0.971072
-0.961554
-0.951153
-0.945218
-0.965729
-0.976497
-0.966950
-0.978435
-0.978628
-0.988715
-0.978813
-0.983145
-0.996060
-0.986794
-0.998455
-1.005036
-0.994023
-0.985951
-0.971408
-0.982129
-0.972071
-0.957264
-0.951093
-0.936969
-0.931488
-0.938667
-0.935225
-0.948341
-0.919548
-0.937643
-0.919361
-0.928619
-0.920001
-0.938978
-0.945561
-0.941115
-0.956160
-0.957109
-0.961795
-0.965355
-0.979423
-0.979468
-0.985274
-0.989426
-0.991145
-1.016154
-1.010433
-0.997435
-1.006779
-0.999812
-0.984805
-0.970619
-0.967140
-0.964841
-0.929819
-0.945741
-0.920753
-0.938828
-0.955196
-0.938874
-0.940525
-0.939024
-0.945153
-0.951238
-0.971509
-0.967822
-0.961272
-0.966828
-0.946431
-0.934017
-0.957027
-0.938650
-0.955083
-0.943172
-0.954036
-0.959208
-0.961612
-0.966156
-0.964479
-0.945752
-0.949216
-0.944052
-0.927764
-0.942154
-0.934077
-0.937363
-0.939027
-0.918166
-0.932650
-0.923855
-0.918457
-0.930155
-0.931437
-0.941115
-0.929542
-0.944371
-0.946956
-0.958473
-0.957317
-0.966877
-0.949324
-0.935765
-0.949679
-0.918039
-0.940974
-0.952498
-0.941890
-0.938178
-0.964105
-0.967021
-0.972368
-0.967149
-0.934698
-0.945103
-0.915325
-0.919876
-0.919355
-0.921940
-0.921402
-0.911773
-0.925807
-0.928153
-0.913692
-0.920102
-0.924275
-0.911188
-0.914152
-0.922821
-0.921267
-0.925813
-0.916182
-0.918083
-0.920141
-0.923904
-0.922059
-0.941462
-0.936433
-0.932404
-0.923193
-0.942054
-0.964999
-0.971317
-0.976682
-0.972691
-0.990797
-0.964967
-0.970461
-0.939511
-0.947753
-0.952915
-0.959202
-0.976754
-0.967185
-0.968990
-0.968502
-0.953641
-0.947812
-0.951847
-0.937029
-0.943208
-0.951911
-0.942586
-0.937666
-0.930820
-0.931221
-0.921654
-0.942369
-0.927131
-0.929597
-0.924382
-0.921398
-0.919314
-0.926680
-0.924991
-0.917263
-0.921957
-0.936522
-0.931575
-0.946258
-0.944656
-0.938576
-0.943330
-0.950195
-0.955132
-0.944354
-0.931691
-0.932744
-0.923098
-0.927599
-0.938406
-0.940718
-0.956649
-0.971440
-1.001167
-0.974372
-0.987901
-0.977663
-0.967672
-0.965442
-0.973160
-0.969271
-0.960999
-0.965010
-0.961349
-0.962479
-0.949614
-0.941438
-0.939036
-0.940888
-0.926095
-0.924909
-0.923212
-0.908872
-0.920743
-0.937621
-0.920784
-0.958528
-0.953146
-0.970218
-0.963507
-0.969093
-0.971537
-0.971325
-0.949955
-0.964093
-0.945334
-0.954306
-0.963895
-0.956509
-0.953457
-0.957070
-0.957765
-0.956929
-0.972584
-0.959490
-0.953846
-0.941874
-0.944424
-0.934784
-0.957713
-0.934576
-0.941045
-0.956243
-0.943550
-0.934777
-0.957097
-0.946857
-0.930682
-0.925147
-0.918460
-0.908755
-0.901449
-0.911943
-0.922990
-0.922730
-0.923437
-0.929008
-0.926293
-0.920142
-0.929881
-0.925954
-0.945886
-0.960667
-0.951711
-0.936495
-0.967644
-0.958849
-0.926296
-0.956170
-0.928583
-0.938351
-0.930905
-0.925913
-0.938449
-0.928172
-0.951474
-0.947229
-0.944270
-0.936674
-0.940056
-0.949759
-0.950873
-0.955350
-0.937339
-0.962357
-0.936381
-0.930736
-0.936649
-0.912475
-0.903810
-0.909967
-0.911306
-0.906340
-0.922613
-0.906336
-0.909938
-0.925540
-0.936358
-0.904769
-0.916232
-0.899099
-0.897410
-0.907814
-0.918807
-0.916915
-0.945546
-0.949408
-0.943525
-0.951400
-0.961799
-0.946449
-0.954135
-0.942529
-0.945384
-0.928992
-0.943092
-0.944954
-0.935337
-0.941711
-0.955656
-0.957893
-0.940439
-0.959252
-0.936427
-0.973446
-0.961825
-0.983129
-0.948829
-0.959454
-0.968893
-0.974592
-0.952711
-0.951544
-0.953082
-0.956514
-0.950944
-0.931301
-0.953445
-0.940614
-0.951542
-0.943477
-0.955817
-0.925718
-0.941994
-0.906842
-0.921363
-0.897500
-0.915493
-0.901441
-0.921169
-0.905135
-0.923651
-0.913545
-0.943357
-0.942084
-0.943012
-0.953364
-0.959632
-0.954353
-0.969694
-0.947283
-0.950174
-0.940221
-0.931701
-0.951682
-0.938803
-0.948495
-0.940878
-0.962921
-0.960406
-0.951401
-0.954005
-0.985477
-0.966890
-0.980511
-0.993708
-0.972821
-0.993917
-0.966868
-0.984035
-0.953984
-0.984397
-0.987393
-0.956489
-0.990057
-0.960919
-0.962722
-0.960662
-0.945885
-0.952516
-0.955350
-0.957351
-0.955213
-0.951697
-0.929578
-0.923007
-0.926909
-0.943020
-0.941662
-0.939754
-0.941765
-0.946968
-0.937940
-0.948612
-0.938304
-0.968066
-0.939828
-0.941550
-0.939731
-0.933940
-0.958788
-0.932292
-0.938055
-0.942545
-0.944365
-0.948918
-0.924173
-0.937645
-0.912591
-0.917876
-0.921986
-0.917413
-0.911698
-0.918539
-0.913894
-0.937395
-0.956258
-0.939626
-0.947797
-0.947745
-0.951691
-0.947081
-0.932193
-0.938126
-0.933953
-0.914201
-0.914993
-0.912294
-0.913177
-0.928994
-0.904224
-0.904497
-0.902752
-0.901820
-0.931044
-0.924811
-0.936744
-0.935106
-0.945976
-0.937221
-0.940373
-0.933860
-0.925532
-0.920711
-0.915102
-0.938819
-0.945081
-0.945282
-0.935481
-0.941195
-0.954905
-0.944235
-0.948456
-0.973803
-0.961756
-0.968007
-0.967366
-0.955096
-0.939699
-0.961748
-0.945962
-0.954609
-0.938757
-0.923782
-0.938174
-0.938836
-0.942759
-0.962950
-0.959073
-0.963288
-0.960944
-0.964083
-0.945202
-0.944383
-0.941902
-0.938730
-0.953172
-0.940663
-0.935676
-0.928189
-0.918255
-0.924747
-0.928873
-0.916945
-0.917502
-0.904227
-0.919486
-0.914353
-0.930007
-0.940318
-0.921683
-0.930790
-0.925683
-0.913823
-0.932883
-0.937792
-0.935764
-0.957553
-0.949136
-0.981803
-0.956733
-0.968444
-0.971824
-0.957050
-0.952655
-0.958389
-0.961120
-0.981266
-0.969894
-0.982340
-0.994430
-0.977415
-0.971149
-0.962786
-0.969352
-0.951336
-0.993228
-0.973193
-0.975496
-0.980375
-0.982587
-0.979001
-0.958077
-0.946673
-0.933115
-0.949585
-0.935790
-0.937026
-0.938004
-0.941590
-0.930054
-0.934562
-0.941861
-0.945847
-0.943284
-0.960042
-0.941485
-0.962021
-0.962126
-0.942261
-0.938879
-0.946366
-0.939746
-0.950575
-0.941648
-0.972547
-0.951767
-0.944706
-0.953899
-0.934779
-0.953263
-0.964413
-0.954349
-0.963514
-0.957684
-0.951522
-0.967688
-0.958626
-0.961167
-0.962795
-0.961057
-0.976081
-0.968985
-0.974417
-0.953602
-0.979902
-0.968497
-0.981154
-0.977618
-0.987179
-0.977938
-0.985229
-1.005466
-0.993833
-0.972521
-0.983468
-0.976730
-0.966907
-0.947475
-0.954592
-0.958319
-0.966443
-0.967930
-0.972235
-0.967516
-0.964927
-0.967524
-0.948074
-0.968620
-0.973297
-0.983545
-0.983418
-0.980739
-0.985334
-0.994831
-0.991277
-0.988186
-0.976071
-0.982637
-0.981705
-0.995150
-0.988964
-1.003564
-1.006715
-0.983614
-0.984241
-0.983832
-0.984347
-1.007692
-0.998022
-0.997445
-1.022639
-1.008594
-1.027182
-1.003341
-1.018446
-1.011946
-1.000362
-0.994239
-0.975730
-0.958094
-0.957426
-0.958650
-0.964557
-0.949413
-0.960603
-0.961547
-0.951606
-0.944437
-0.943197
-0.944994
-0.953438
-0.941389
-0.947564
-0.969146
-0.946367
-0.959955
-0.934446
-0.942490
-0.948259
-0.961195
-0.947246
-0.957820
-0.946111
-0.943751
-0.944727
-0.948344
-0.944640
-0.928976
-0.956402
-0.948570
-0.959987
-0.952095
-0.962742
-0.960580
-0.969036
-0.985981
-0.991673
-0.961407
-0.987409
-0.962744
-0.960001
-0.946930
-0.957388
-0.937755
-0.945234
-0.963795
-0.960574
-0.984797
-0.987434
-0.987366
-0.980109
-0.972486
-0.959534
-0.964467
-0.987141
-0.979354
-0.999610
-0.979560
-0.980697
-0.975219
-0.987106
-0.976178
-0.985567
-0.976908
-1.004652
-0.994623
-0.980664
-0.997350
-0.984562
-0.975115
-0.967249
-0.938851
-0.948949
-0.952486
-0.934546
-0.953632
-0.939627
-0.933689
-0.925450
-0.934014
-0.922738
-0.921826
-0.917211
-0.909723
-0.913096
-0.934066
-0.946171
-0.933759
-0.947361
-0.925205
-0.938296
-0.923992
-0.929312
-0.932801
-0.934896
-0.926868
-0.945674
-0.935572
-0.921576
-0.936333
-0.925282
-0.928993
-0.919074
-0.907114
-0.917193
-0.915125
-0.915750
-0.909530
-0.906857
-0.900387
-0.923237
-0.936687
-0.932941
-0.937282
-0.927046
-0.936346
-0.943999
-0.964097
-0.982757
-0.970883
-0.986417
-0.962362
-0.972868
-0.953399
-0.954645
-0.950335
-0.965135
-0.957292
-0.958466
-0.955662
-0.933165
-0.938867
-0.959189
-0.945828
-0.935263
-0.924103
-0.939858
-0.915590
-0.918068
-0.929058
-0.911764
-0.920507
-0.933095
-0.927416
-0.926685
-0.940319
-0.940663
-0.946231
-0.946203
-0.969923
-0.934514
-0.948086
-0.949462
-0.945582
-0.947230
-0.947966
-0.951257
-0.949937
-0.949115
-0.951781
-0.945855
-0.934219
-0.941990
-0.944241
-0.946493
-0.933847
-0.925275
-0.936127
-0.935093
-0.932254
-0.945014
-0.955882
-0.949431
-0.959869
-0.951503
-0.949928
-0.951970
-0.961331
-0.948461
-0.955853
-0.944726
-0.934205
-0.930448
-0.904697
-0.905147
-0.906423
-0.918997
-0.907565
-0.914034
-0.921725
-0.929951
-0.923248
-0.946652
-0.943428
-0.938131
-0.939736
-0.929238
-0.922232
-0.924127
-0.923377
-0.904909
-0.919350
-0.928937
-0.941207
-0.958009
-0.946460
-0.964209
-0.951200
-0.971877
-0.941682
-0.942010
-0.950330
-0.942797
-0.935784
-0.929328
-0.917348
-0.921707
-0.925039
-0.936173
-0.950933
-0.916576
-0.934989
-0.925059
-0.933879
-0.933551
-0.909747
-0.909299
-0.910540
-0.938959
-0.922276
-0.936776
-0.955289
-0.974375
-0.959480
-0.952576
-0.966967
-0.946767
-0.967026
-0.950013
-0.939866
-0.943070
-0.952468
-0.958256
-0.953809
-0.950448
-0.953935
-0.959514
-0.955042
-0.960609
-0.966370
-0.956107
-0.970896
-0.964320
-0.959906
-0.939544
-0.949087
-0.956711
-0.970020
-0.969094
-0.967144
-0.968861
-0.978459
-0.966528
-0.969757
-0.945455
-0.942246
-0.936602
-0.931617
-0.930763
-0.925730
-0.957878
-0.942784
-0.956451
-0.953989
-0.934960
-0.936605
-0.953922
-0.948346
-0.959340
-0.944399
-0.946402
-0.956855
-0.938244
-0.946514
-0.947695
-0.946990
-0.929982
-0.950697
-0.937284
-0.943626
-0.918244
-0.912086
-0.898545
-0.879722
-0.902741
-0.901865
-0.919257
-0.928306
-0.934110
-0.944971
-0.916269
-0.934538
-0.925389
-0.939841
-0.945551
-0.936161
-0.936280
-0.948901
-0.942837
-0.952892
-0.946798
-0.942706
-0.960964
-0.943882
-0.944633
-0.945366
-0.939477
-0.931787
-0.934353
-0.934561
-0.928819
-0.919038
-0.914029
-0.919270
-0.918319
-0.918848
-0.921688
-0.913889
-0.935824
-0.937582
-0.947242
-0.960634
-0.959185
-0.956880
-0.973197
-0.966650
-0.952171
-0.977204
-0.948544
-0.962120
-0.961911
-0.976830
-0.960944
-0.950619
-0.948369
-0.953526
-0.944676
-0.964520
-0.968535
-0.958667
-0.991872
-0.974074
-0.971241
-0.981929
-0.980030
-0.960661
-0.971332
-0.966289
-0.963952
-0.972439
-0.981889
-1.000945
-0.967814
-0.969360
-0.993514
-1.002308
-1.012889
-1.013007
-1.011555
-1.017974
-1.015042
-1.010634
-1.012113
-1.011844
-0.995729
-1.017426
-1.001115
-0.991819
-0.988695
-0.991437
-1.017562
-0.994679
-1.000446
-1.005183
-0.995497
-0.994076
-1.021053
-1.021484
-1.019500
-1.005392
-1.013476
-0.989331
-0.994595
-1.000676
-0.993918
-0.999439
-0.996378
-1.013655
-0.986240
-0.992857
-1.006005
-1.005354
-1.007823
-0.990884
-0.984802
-0.981053
-0.971039
-0.977735
-0.995630
-0.984117
-0.988912
-0.977357
-0.977678
-0.973134
-0.985028
-0.978860
-1.001909
-0.972753
-0.982641
-0.983833
-0.983449
-0.957854
-0.963140
-0.953407
-0.932295
-0.943363
-0.947862
-0.945752
-0.950326
-0.943043
-0.961251
-0.950485
-0.964451
-0.978947
-0.978360
-0.969411
-0.959945
-0.971432
-0.956412
-0.960694
-0.964780
-0.963661
-0.978951
-0.978158
-0.961924
-0.968785
-0.959285
-0.973416
-0.981355
-0.968112
-0.978107
-0.974382
-0.970436
-0.990435
-0.963098
-0.962203
-0.963704
-0.978796
-0.965372
-0.971856
-0.975916
-0.970878
-0.999142
-0.989898
-1.002895
-0.993467
-1.006459
-1.007723
-1.010816
-0.988336
-0.984197
-0.994080
-0.971675
-0.979653
-0.973225
-1.004241
-0.992718
-1.005032
-0.998302
-1.010953
-1.013030
-1.009832
-1.006127
-1.013811
-0.996719
-0.994817
-0.978529
-0.975313
-0.951363
-0.990633
-0.976843
-0.975595
-0.969043
-0.964283
-0.970251
-0.955800
-0.947338
-0.972748
-0.964542
-0.970723
-0.962083
-0.972728
-0.983277
-0.975038
-0.967043
-0.980743
-0.968038
-0.968792
-0.963611
-0.945457
-0.959401
-0.971221
-0.964623
-0.988154
-0.963962
-0.979801
-0.965527
-0.987455
-0.977123
-1.001501
-0.981269
-0.990421
-0.972261
-0.970958
-0.973887
-0.968376
-0.982007
-0.969215
-0.978857
-0.993775
-0.991892
-0.967639
-0.982241
-0.982710
-0.997143
-1.006026
-1.003226
-1.009771
-0.980789
-0.996430
-0.993449
-1.003662
-0.996140
-0.997639
-0.995889
-1.002654
-0.999971
-0.989857
-0.984103
-0.980719
-0.985013
-0.974653
-0.961139
-0.975430
-0.976529
-0.955067
-0.952794
-0.964930
-0.977050
-0.952055
-0.986679
-0.976853
-0.978480
-0.986536
-0.977801
-0.998428
-0.993534
-0.981053
-0.990935
-0.977038
-0.983250
-0.979054
-0.986537
-0.978603
-0.990897
-0.995194
-0.991837
-1.032354
-1.022498
-1.019443
-1.038711
-1.005614
-0.981903
-0.977303
-0.966398
-0.969605
-0.989394
-0.982919
-0.980102
-0.976487
-0.985755
-0.983216
-0.979327
-0.965036
-0.972778
-0.986609
-0.979602
-0.968089
-0.954684
-0.967188
-0.960834
-0.952784
-0.950024
-0.958151
-0.954377
-0.978284
-0.954421
-0.964603
-0.959766
-0.971645
-0.977835
-0.990141
-0.982618
-1.006721
-0.994049
-0.991725
-0.993565
-0.986357
-0.985550
-0.959686
-0.966362
-0.969599
-0.975932
-0.980219
-1.003290
-0.985214
-0.987779
-0.990463
-0.999403
-1.015038
-0.996373
-1.010521
-1.000561
-1.012431
-0.988090
-0.982676
-0.989515
-0.964562
-0.966472
-0.961716
-0.956376
-0.950600
-0.955905
-0.972982
-0.959697
-0.964374
-0.966013
-0.974387
-0.965784
-0.953403
-0.962963
-0.965598
-0.959522
-0.956209
-0.967777
-0.958069
-0.964063
-0.967230
-0.967443
-0.966882
-0.969062
-0.969469
-0.966513
-0.960159
-0.959703
-0.959863
-0.961979
-0.952838
-0.968485
-0.955978
-0.968714
-0.986379
-0.978847
-0.989017
-1.004588
-0.990095
-0.995794
-1.003377
-1.014661
-1.019922
-1.021968
-1.023134
-1.024991
-0.989786
-1.000441
-0.998786
-1.003898
-0.986555
-0.977369
-0.998087
-0.985660
-0.990953
-1.004191
-0.980126
-0.999672
-0.955464
-0.971791
-0.964047
-0.966847
-0.958529
-0.938498
-0.952479
-0.958235
-0.973190
-0.978939
-0.982197
-0.971614
-0.988394
-0.971921
-0.980391
-0.960945
-0.947770
-0.960504
-0.961406
-0.952145
-0.982892
-0.970913
-0.982547
-0.959762
-0.988626
-0.959963
-0.963063
-0.941058
-0.949926
-0.950766
-0.955905
-0.948288
-0.942120
-0.940185
-0.944425
-0.953263
-0.938911
-0.951135
-0.947888
-0.944643
-0.934557
-0.959058
-0.921012
-0.944436
-0.937585
-0.931373
-0.938702
-0.938592
-0.942641
-0.941991
-0.951148
-0.943954
-0.961832
-0.969297
-0.963714
-0.951885
-0.937573
-0.927613
-0.953378
-0.952780
-0.953012
-0.962066
-0.951015
-0.938700
-0.943240
-0.917816
-0.922571
-0.900187
-0.920027
-0.922678
-0.937112
-0.919465
-0.937929
-0.951392
-0.945713
-0.940111
-0.915104
-0.925280
-0.945291
-0.944790
-0.960710
-0.952662
-0.956409
-0.954135
-0.916628
-0.954269
-0.929707
-0.922673
-0.913765
-0.895392
-0.878806
-0.882932
-0.899289
-0.909703
-0.909845
-0.947147
-0.935058
-0.948193
-0.940256
-0.937311
-0.926307
-0.918033
-0.915685
-0.919504
-0.918314
-0.910732
-0.916468
-0.923907
-0.913055
-0.948950
-0.942924
-0.952472
-0.940483
-0.958588
-0.946716
-0.950147
-0.967944
-0.963085
-0.966397
-0.953997
-0.968746
-0.974588
-0.967851
-0.975026
-0.977156
-0.973432
-0.965060
-0.955166
-0.947728
-0.923205
-0.931220
-0.948981
-0.941501
-0.942678
-0.952146
-0.942553
-0.936204
-0.944915
-0.924977
-0.959626
-0.939416
-0.944726
-0.953294
-0.936372
-0.936973
-0.938790
-0.954361
-0.958192
-0.968540
-0.960048
-0.964145
-0.954574
-0.958704
-0.960889
-0.974947
-0.971253
-0.983765
-0.986209
-0.996178
-0.988495
-0.974311
-0.963898
-0.982776
-0.981299
-0.969304
-0.995046
-0.987571
-1.009604
-0.972726
-0.966178
-0.973204
-0.963656
-0.967885
-0.955344
-0.958517
-0.972059
-0.973791
-0.958380
-0.951064
-0.954698
-0.947944
-0.939878
-0.966555
-0.961653
-0.977641
-0.971324
-0.996537
-0.980842
-0.999555
-1.001126
-1.006615
-1.007319
-1.009971
-1.032885
-1.032218
-1.049314
-1.025127
-1.023650
-1.024854
-0.991073
-1.004880
-1.011377
-0.993841
-1.004713
-1.018797
-0.987903
-0.985888
-0.995951
-0.990475
-0.983486
-0.989993
-0.985767
-0.986277
-0.983335
-0.978858
-0.992374
-0.998684
-0.995849
-0.999794
-1.000120
-0.998495
-0.991394
-0.973566
-0.995220
-0.984995
-0.947620
-0.958727
-0.951027
-0.957727
-0.944375
-0.954816
-0.960696
-0.949682
-0.968730
-1.006406
-0.981116
-1.008233
-0.987686
-0.969658
-0.947090
-0.947946
-0.942927
-0.953426
-0.961783
-0.977752
-0.983737
-0.986393
-0.989729
-0.991423
-0.969595
-0.958620
-0.998027
-0.996837
-1.017188
-1.009931
-1.013528
-1.010572
-0.999486
-1.000339
-0.972366
-0.976927
-0.950199
-0.938435
-0.956200
-0.937976
-0.957435
-0.957370
-0.956582
-0.950511
-0.944145
-0.935516
-0.952280
-0.960592
-0.969301
-0.989256
-0.963590
-0.950693
-0.969824
-0.952109
-0.927630
-0.930326
-0.929808
-0.934175
-0.961682
-0.949306
-0.936544
-0.926451
-0.898439
-0.908602
-0.899037
-0.913093
-0.925215
-0.911498
-0.928550
-0.917458
-0.921984
-0.922267
-0.906084
-0.917491
-0.920249
-0.946283
-0.953473
-0.968184
-0.964588
-0.975114
-0.972151
-0.966072
-0.981258
-0.974888
-0.971291
-0.976822
-0.964670
-0.947920
-0.941720
-0.958861
-0.944856
-0.935034
-0.964086
-0.951746
-0.963907
-0.957755
-0.971463
-0.962243
-0.985824
-0.987947
-0.975890
-0.970594
-0.997610
-0.974902
-0.981492
-0.985609
-0.965640
-0.978429
-0.975551
-0.966330
-0.956853
-0.967981
-0.972369
-0.970035
-0.982304
-0.970462
-0.991327
-0.964934
-0.970737
-0.959606
-0.970882
-0.958000
-0.955973
-0.947971
-0.948775
-0.946887
-0.964486
-0.979047
-0.982916
-0.965340
-0.961539
-0.953966
-0.942474
-0.947790
-0.938881
-0.957051
-0.960304
-0.964868
-0.956475
-0.981378
-0.983153
-0.981520
-0.986032
-0.984001
-1.013018
-1.015839
-0.995679
-0.997847
-0.989284
-0.984669
-0.990218
-1.006468
-1.003064
-1.009351
-0.999723
-1.004401
-0.994993
-0.992118
-0.999941
-0.987117
-0.990133
-0.973596
-0.983545
-0.990211
-0.995678
-0.978331
-0.988081
-0.973031
-0.989421
-0.988440
-0.982304
-0.988972
-0.995447
-0.973200
-0.983176
-0.963869
-0.971110
-0.981961
-1.003948
-1.006071
-1.002370
-0.997461
-0.985927
-0.985668
-1.003551
-1.007821
-1.002798
-0.983976
-0.975106
-0.962875
-0.953808
-0.942187
-0.956323
-0.977121
-0.977306
-0.977789
-0.964709
-0.956665
-0.957101
-0.949812
-0.981867
-0.970154
-0.984460
-0.989474
-0.966185
-0.976857
-0.986775
-0.971195
-0.975834
-0.957954
-0.976188
-0.966445
-0.964224
-0.981439
-0.996170
-0.967494
-0.956784
-0.957410
-0.973665
-0.979001
-0.998851
-1.004247
-1.000880
-0.983409
-0.999875
-0.979133
-0.975275
-0.985098
-0.980217
-0.988779
-0.985467
-0.976962
-0.970473
-0.975172
-0.978540
-0.976800
-0.987717
-0.977762
-0.961072
-0.962021
-0.961447
-0.946020
-0.961474
-0.941755
-0.961384
-0.967157
-0.957987
-0.959762
-0.967380
-0.961010
-0.972950
-0.950225
-0.962283
-0.967669
-0.985213
-0.986907
-0.993172
-0.975060
-0.957363
-0.953670
-0.948596
-0.947460
-0.949710
-0.951510
-0.933706
-0.934850
-0.924605
-0.927031
-0.920328
-0.931246
-0.935144
-0.942607
-0.936125
-0.947479
-0.948415
-0.957563
-0.947554
-0.967842
-0.936803
-0.943039
-0.939110
-0.942044
-0.923863
-0.945796
-0.945612
-0.956612
-0.946329
-0.949219
-0.955399
-0.951993
-0.957123
-0.982142
-0.960121
-0.983163
-0.972618
-0.970056
-0.982883
-0.962803
-0.958982
-0.948522
-0.943515
-0.952383
-0.973223
-0.978315
-0.955710
-0.936582
-0.944478
-0.932240
-0.931879
-0.924562
-0.912785
-0.903687
-0.909322
-0.911121
-0.904894
-0.910782
-0.912323
-0.900155
-0.904670
-0.919067
-0.927828
-0.929938
-0.948816
-0.938826
-0.945232
-0.959955
-0.947686
-0.962564
-0.952212
-0.950657
-0.946062
-0.946937
-0.931560
-0.940641
-0.939041
-0.935462
-0.947101
-0.947683
-0.960659
-0.941531
-0.951668
-0.949453
-0.965778
-0.977250
-0.964459
-0.974440
-0.982234
-0.957543
-0.960510
-0.955043
-0.940048
-0.937996
-0.923690
-0.971353
-0.957852
-0.972513
-0.968369
-0.979904
-0.974906
-0.981281
-0.986256
-0.977743
-0.983792
-0.979928
-0.959716
-0.963485
-0.969069
-0.977842
-0.977038
-0.984061
-0.981423
-0.975525
-0.976609
-0.965633
-0.947940
-0.966677
-0.959412
-0.955443
-0.985384
-0.968413
-0.989096
-0.986313
-0.977342
-0.980903
-0.982901
-1.001795
-0.993796
-0.989032
-0.986154
-0.989095
-0.961815
-0.958071
-0.959213
-0.936642
-0.945981
-0.947818
-0.948451
-0.935577
-0.929733
-0.912260
-0.912755
-0.924285
-0.919669
-0.925440
-0.925782
-0.920393
-0.927771
-0.919618
-0.923485
-0.906613
-0.922578
-0.910733
-0.915294
-0.948854
-0.932345
-0.942589
-0.951957
-0.954418
-0.971459
-0.952833
-0.966664
-0.973073
-0.968158
-0.974496
-0.978783
-0.969213
-0.986881
-0.967615
-0.962515
-0.961820
-0.953933
-0.952538
-0.949838
-0.937475
-0.945238
-0.949171
-0.950375
-0.974353
-0.943019
-0.954158
-0.954146
-0.938284
-0.958206
-0.923855
-0.944018
-0.946417
-0.942949
-0.952849
-0.939057
-0.954881
-0.937097
-0.948160
-0.950330
-0.923752
-0.930203
-0.936897
-0.952827
-0.956597
-0.979860
-0.943898
-0.979938
-0.981656
-0.975427
-0.955185
-0.956933
-0.980585
-0.970078
-0.968014
-0.967802
-0.969736
-0.956186
-0.951871
-0.945931
-0.939040
-0.941119
-0.950643
-0.945848
-0.952089
-0.929225
-0.939850
-0.912826
-0.931845
-0.917272
-0.926995
-0.940342
-0.933168
-0.920020
-0.917801
-0.939256
-0.954758
-0.959449
-0.969748
-0.958363
-0.958087
-0.945500
-0.940134
-0.940182
-0.943294
-0.921705
-0.924109
-0.913836
-0.913618
-0.944219
-0.940107
-0.944078
-0.950846
-0.935806
-0.963953
-0.951356
-0.960299
-0.973497
-0.972125
-0.961360
-0.982929
-0.988885
-0.980978
-0.987688
-0.999416
-0.989693
-0.971597
-0.961297
-0.966709
-0.955972
-0.953504
-0.957101
-0.946951
-0.949224
-0.946014
-0.958750
-0.938176
-0.940780
-0.932744
-0.951365
-0.973381
-0.961524
-0.977879
-0.984690
-0.965315
-0.991504
-0.982463
-0.957901
-0.957446
-0.941474
-0.940801
-0.946841
-0.958656
-0.960743
-0.983032
-0.985534
-0.994735
-1.001189
-0.997052
-1.012223
-1.028924
-0.997900
-0.993592
-1.007682
-0.993513
-1.009998
-0.995811
-1.015554
-1.011108
-0.999821
-1.010895
-1.009669
-1.007462
-1.007322
-1.012714
-0.972228
-0.984054
-0.963457
-0.970536
-0.957807
-0.963890
-0.943535
-0.971618
-0.954162
-0.979345
-0.965729
-0.965090
-0.966404
-0.961216
-0.974521
-0.964654
-0.979026
-0.985162
-1.000106
-0.988905
-0.988723
-1.004102
-0.987356
-0.968209
-0.976703
-0.998240
-0.994774
-0.981962
-0.966176
-0.982824
-0.978798
-0.990467
-0.963437
-0.989625
-0.980024
-0.976220
-0.962677
-0.959974
-0.952890
-0.956448
-0.944259
-0.977245
-0.978981
-0.986350
-0.993484
-1.013562
-0.992682
-0.997060
-0.997258
-1.002388
-0.988797
-1.008528
-0.976476
-1.000707
-0.997118
-0.996584
-0.982420
-0.987632
-0.982406
-0.956815
-0.966971
-0.980021
-0.960070
-0.992352
-0.999007
-0.967272
-0.996254
-0.998614
-0.988960
-0.986038
-0.987718
-0.991665
-0.990022
-1.005663
-0.987787
-1.000544
-1.001288
-0.963118
-0.977903
-0.955743
-0.958856
-0.968580
-0.968379
-0.983171
-0.981234
-0.989817
-0.977288
-0.988031
-0.985516
-0.983958
-0.980889
-1.007094
-0.983987
-0.999728
-1.001153
-0.991631
-0.993746
-1.000517
-1.007983
-1.005036
-1.022685
-1.013163
-1.016103
-1.024058
-1.021818
-1.031668
-1.038465
-1.075103
-1.056005
-1.061212
-1.038337
-1.031229
-1.024147
-1.038308
-1.033817
-1.016248
-1.021407
-0.987349
-0.989128
-1.004686
-1.011744
-1.022637
-1.009034
-1.006433
-1.016820
-1.025090
-1.030114
-1.010923
-0.999301
-1.008658
-0.997102
-1.007833
-0.994908
-1.002547
-1.001103
-1.001542
-1.008079
-0.991656
-0.992843
-1.010769
-1.005879
-0.976546
-1.015295
-1.005717
-0.997566
-0.979713
-0.977258
-0.972474
-0.975840
-0.982486
-0.989533
-0.979258
-0.983838
-0.971637
-0.972914
-0.967807
-0.984623
-0.964874
-0.952623
-0.961028
-0.972757
-0.962115
-0.972905
-0.956445
-0.976384
-0.972879
-0.976592
-0.978335
-0.984308
-0.992820
-1.011475
-1.016879
-1.014433
-1.018268
-0.999296
-1.004479
-1.014645
-0.977356
-0.985684
-0.978530
-0.987730
-0.979762
-0.986709
-1.003426
-0.992666
-1.007058
-0.998635
-1.002331
-0.973567
-0.999436
-0.984844
-1.013622
-0.996223
-1.002366
-0.996590
-1.003275
-1.003403
-0.990463
-0.985686
-0.990004
-0.982645
-0.974029
-0.986316
-0.976009
-0.975802
-0.974608
-0.967925
-0.959442
-0.955286
-0.954735
-0.937085
-0.937386
-0.930857
-0.930287
-0.928473
-0.930947
-0.918050
-0.924954
-0.927122
-0.933851
-0.942227
-0.956518
-0.948278
-0.952871
-0.954326
-0.941203
-0.928199
-0.941346
-0.897155
-0.910352
-0.923396
-0.911501
-0.947429
-0.931733
-0.918334
-0.923863
-0.901555
-0.912257
-0.911274
-0.911811
-0.901297
-0.912193
-0.915016
-0.933373
-0.933693
-0.920004
-0.926577
-0.925746
-0.931113
-0.931040
-0.919186
-0.942290
-0.938504
-0.928993
-0.934593
-0.952545
-0.955977
-0.954132
-0.964076
-0.969126
-0.966538
-0.929805
-0.963883
-0.955915
-0.938255
-0.957525
-0.956377
-0.946611
-0.947160
-0.954563
-0.950455
-0.944988
-0.936749
-0.940098
-0.947866
-0.951025
-0.948915
-0.955948
-0.955212
-0.968202
-0.946493
-0.959293
-0.942844
-0.963708
-0.978340
-0.979127
-0.977759
-0.960685
-0.960673
-0.934343
-0.935059
-0.948678
-0.947566
-0.955562
-0.973240
-0.965229
-0.961569
-0.955908
-0.961011
-0.969342
-0.954085
-0.971403
-0.952120
-0.946772
-0.941665
-0.931713
-0.957464
-0.950376
-0.958779
-0.974513
-0.986902
-0.984862
-0.987321
-0.975574
-0.976950
-0.974541
-0.969009
-0.966466
-0.931849
-0.969666
-0.961126
-0.942124
-0.935249
-0.916538
-0.939709
-0.941186
-0.941357
-0.968720
-0.960514
-0.953712
-0.957763
-0.960411
-0.951622
-0.956965
-0.956893
-0.969150
-0.965021
-0.977693
-0.980601
-0.969768
-0.962443
-0.958910
-0.948136
-0.959226
-0.955922
-0.972504
-0.980533
-0.982111
-1.004421
-0.974623
-1.018787
-0.964077
-0.989987
-0.957035
-0.986536
-0.958510
-0.975425
-0.987670
-0.976744
-0.970923
-0.968431
-0.964005
-0.972806
-0.981527
-0.974874
-0.988009
-0.989425
-0.974634
-0.966354
-0.971832
-0.958528
-0.972667
-0.956804
-0.980542
-0.983011
-0.991536
-0.993422
-1.015310
-1.005401
-1.034243
-1.022905
-1.015435
-1.005536
-0.991228
-1.001522
-1.007156
-0.996767
-0.995036
-0.967635
-0.959894
-0.953625
-0.975894
-0.981423
-0.999548
-0.998357
-1.018358
-0.990999
-1.010708
-0.972032
-0.983719
-0.971918
-0.969272
-0.960372
-0.949903
-0.961857
-0.970060
-0.963206
-0.961026
-0.960026
-0.976824
-0.967124
-0.970207
-0.964576
-0.983893
-0.969864
-0.985154
-0.949690
-0.980972
-0.969664
-0.968552
-0.973725
-0.978806
-0.994646
-1.000209
-1.001852
-0.989635
-0.986931
-0.968637
-0.985214
-0.987439
-0.991951
-1.005280
-0.981581
-0.998649
-0.986402
-1.009886
-1.001578
-0.996705
-0.967387
-0.966472
-0.966216
-0.975876
-0.981577
-0.984208
-0.981116
-1.020541
-0.988050
-0.984750
-1.008772
-0.989413
-0.996073
-1.000988
-0.997001
-0.987669
-1.005235
-0.999494
-1.001316
-1.004515
-1.005894
-0.996848
-1.006285
-1.011795
-1.027044
-1.018812
-1.022356
-0.986376
-0.994701
-0.989220
-1.000662
-1.019601
-0.965621
-0.992073
-0.978879
-0.967393
-0.963371
-0.965195
-0.970601
-0.988032
-0.987794
-1.023154
-1.024382
-1.019181
-1.006399
-0.997641
-0.985609
-0.973511
-0.984746
-0.996519
-0.993534
-1.014533
-1.002508
-1.000408
-1.015489
-0.990548
-1.016559
-1.020583
-1.010240
-1.006282
-1.009284
-1.018275
-1.015581
-1.009514
-1.024138
-1.028470
-1.023799
-1.037627
-1.034482
-1.046570
-1.015608
-1.019137
-1.011555
-1.037435
-1.033766
-1.057576
-1.032591
-1.032615
-1.036696
-1.011783
-1.029044
-1.013660
-1.023881
-1.011651
-1.026548
-1.024862
-1.032309
-1.038870
-1.028818
-1.028370
-1.034048
-1.008846
-0.994469
-0.992456
-0.996147
-0.987181
-0.996145
-0.992653
-1.019054
-0.999445
-1.020468
-1.011225
-1.017455
-1.009354
-1.023517
-0.999858
-0.994890
-0.983601
-0.990837
-1.007773
-0.986563
-0.995319
-0.994619
-1.007073
-1.011499
-0.999200
-0.998923
-0.981737
-1.009899
-1.006406
-0.978111
-0.975443
-0.955786
-0.954724
-0.938400
-0.958767
-0.958516
-0.950368
-0.953824
-0.985338
-0.955782
-0.986519
-0.979090
-0.975753
-0.968835
-0.986166
-0.993294
-1.001016
-0.992750
-1.034258
-1.011144
-1.013871
-1.006122
-1.013095
-0.999349
-1.000411
-0.991576
-1.004321
-1.012058
-1.004306
-1.008377
-0.991006
-0.997057
-0.987909
-0.979789
-1.001911
-0.983166
-0.982500
-0.963344
-0.972937
-0.946217
-0.952523
-0.966140
-0.955053
-0.936135
-0.940654
-0.944326
-0.943413
-0.945960
-0.954387
-0.953325
-0.965455
-0.965156
-0.957858
-0.957335
-0.956953
-0.949499
-0.958789
-0.953237
-0.966671
-0.972364
-0.982470
-0.982834
-0.987650
-0.984900
-0.991613
-0.999386
-1.000256
-1.001357
-0.986718
-1.003246
-1.002067
-0.988234
-0.996663
-0.995414
-0.989722
-0.967006
-0.989745
-0.975304
-0.989930
-0.986506
-0.971959
-0.991556
-0.996952
-1.009741
-1.003855
-0.999517
-0.987492
-0.996503
-0.996900
-1.004298
-1.004440
-1.008984
-1.007936
-1.011568
-0.990339
-0.984146
-0.974199
-0.976204
-0.974808
-0.973171
-0.982689
-0.969137
-0.974831
-0.959354
-0.980343
-0.973739
-0.958112
-0.953884
-0.948959
-0.945254
-0.952412
-0.960822
-0.951155
-0.967152
-0.963323
-0.972967
-0.958961
-0.969032
-0.952043
-0.986011
-0.989875
-0.989857
-1.012901
-1.009116
-1.013928
-1.022769
-1.014647
-1.011557
-1.020542
-1.016512
-1.029168
-1.019380
-1.012489
-1.002965
-0.993763
-0.974297
-0.986541
-0.988414
-0.958227
-0.985510
-0.980451
-0.982034
-0.987387
-1.001217
-1.005884
-0.985880
-0.989043
-0.986822
-1.007816
-0.993909
-1.009140
-1.018774
-1.004869
-0.997838
-0.992844
-0.961866
-0.996260
-0.982827
-0.995851
-1.008076
-1.017516
-1.010932
-1.038674
-1.026386
-1.012028
-1.027952
-1.020827
-1.013689
-1.030581
-1.037582
-1.041273
-1.043275
-1.034302
