1.471999
1.752540
1.960762
1.869200
1.717638
1.629616
1.591025
1.576710
1.555111
1.548008
1.551595
1.544263
1.530671
1.528881
1.522388
1.527718
1.544276
1.517207
1.518529
1.509034
1.512606
1.531959
1.527904
1.516632
1.510141
1.521506
1.516508
1.510226
1.504756
1.510393
1.511330
1.521722
1.534533
1.514662
1.494897
1.509570
1.507266
1.497654
1.504898
1.503655
1.529153
1.527761
1.520111
1.517078
1.498902
1.506536
1.511120
1.502385
1.507635
1.505031
1.500891
1.510087
1.497717
1.506389
1.516716
1.512939
1.517197
1.516487
1.494233
1.498877
1.508668
1.498238
1.500419
1.519054
1.524488
1.518601
1.512151
1.515637
1.509461
1.495920
1.514541
1.508717
1.496615
1.504065
1.521720
1.524994
1.508826
1.503647
1.497691
1.508218
1.509118
1.499586
1.491505
1.516675
1.513671
1.513496
1.508258
1.514089
1.521104
1.501400
1.508721
1.509920
1.504620
1.511410
1.501901
1.496162
1.502369
1.508974
1.501579
1.508533
1.507332
1.508563
1.505159
1.495504
1.491524
1.502463
1.505489
1.509529
1.511914
1.509178
1.494963
1.493926
1.499570
1.505358
1.512664
1.516274
1.493418
1.492768
1.503708
1.501283
1.505110
1.504046
1.501104
1.506177
1.498011
1.490626
1.499943
1.513232
1.504476
1.494359
1.496556
1.502804
1.517513
1.514500
1.500141
1.505127
1.499689
1.493923
1.499621
1.505891
1.518037
1.507504
1.498576
1.517549
1.498817
1.499119
1.514380
1.495378
1.502349
1.506418
1.505116
1.500975
1.492198
1.508297
1.513345
1.510900
1.516135
1.511931
1.504059
1.491750
1.487373
1.506255
1.502242
1.505029
1.496580
1.499607
1.519899
1.519038
1.505621
1.497367
1.500308
1.510059
1.508019
1.491044
1.485090
1.496510
1.517955
1.512045
1.503747
1.488047
1.498637
1.505957
1.510186
1.509243
1.497587
1.491635
1.499489
1.510117
1.499141
1.496684
1.505614
1.517275
1.498462
1.484781
1.507868
1.520137
1.516337
1.502298
1.492996
1.498224
1.508861
1.495552
1.497973
1.508067
1.509106
1.509980
1.502332
1.499956
1.498276
1.500055
1.513534
1.501089
1.506794
1.494443
1.501214
1.517868
1.502140
1.495234
1.501199
1.511294
1.500311
1.503041
1.511299
1.506556
1.496468
1.492695
1.506368
1.528009
1.510240
1.487913
1.488172
1.497636
1.506100
1.523177
1.515590
1.502379
1.497543
1.506993
1.500934
1.496525
1.486361
1.489512
1.503975
1.516675
1.511872
1.513612
1.502491
1.490158
1.490111
1.521920
1.509275
1.494005
1.489893
1.499016
1.517469
1.515923
1.495122
1.516115
1.513214
1.493276
1.489277
1.500267
1.498429
1.507783
1.504006
1.503759
1.502572
1.493762
1.490963
1.503220
1.488635
1.495556
1.517670
1.501708
1.490972
1.508200
1.506866
1.502979
1.503728
1.499870
1.490884
1.490244
1.487625
1.509308
1.501680
1.501107
1.518214
1.513657
1.506566
1.497529
1.485961
1.499775
1.504078
1.495333
1.509630
1.505952
1.509352
1.492990
1.479693
1.491786
1.501953
1.511935
1.514402
1.502167
1.494232
1.505606
1.494906
1.493430
1.510822
1.514672
1.501599
1.495031
1.502005
1.499704
1.511278
1.505465
1.500262
1.501021
1.482199
1.497695
1.513664
1.497292
1.488661
1.509405
1.515237
1.509444
1.495664
1.491143
1.496657
1.529575
1.514972
1.505482
1.497606
1.509924
1.498192
1.489689
1.502463
1.507147
1.494928
1.505686
1.502803
1.503239
1.495883
1.501564
1.515921
1.524759
1.488194
1.480997
1.494463
1.500712
1.507660
1.498615
1.494443
1.486053
1.499122
1.506460
1.511103
1.506736
1.499685
1.485164
1.496950
1.508031
1.499243
1.500328
1.501210
1.487873
1.491056
1.506690
1.504563
1.502592
1.504004
1.495549
1.496335
1.490540
1.490020
1.511752
1.514876
1.518809
1.498665
1.496436
1.501493
1.479416
1.497322
1.493568
1.512060
1.508877
1.491083
1.490747
1.496643
1.507610
1.509628
1.493179
1.494758
1.495049
1.507019
1.501578
1.505678
1.508530
1.502697
1.511490
1.512437
1.512657
1.514025
1.506048
1.497464
1.499050
1.497542
1.493808
1.488695
1.508889
1.498781
1.493766
1.505926
1.504050
1.498620
1.506585
1.504168
1.497600
1.496577
1.499636
1.501797
1.489837
1.502613
1.525793
1.516756
1.521686
1.505590
1.522675
1.505014
1.497626
1.502361
1.498939
1.499001
1.482205
1.527975
1.502944
1.504311
1.493782
1.499065
1.497857
1.502125
1.494443
1.487362
1.508023
1.531977
1.518507
1.512507
1.494217
1.497378
1.511459
1.507423
1.508867
1.499524
1.491761
1.499525
1.500768
1.497759
1.502196
1.513864
1.504337
1.502051
1.501429
1.495980
1.493918
1.490501
1.498189
1.498978
1.502538
1.491503
1.499181
1.514456
1.498824
1.483702
1.506681
1.510988
1.491923
1.493097
1.500558
1.500949
1.500780
1.493893
1.494602
1.512207
1.494806
1.494452
1.517854
1.506969
1.500637
1.520544
1.522378
1.489043
1.486674
1.499238
1.494093
1.499163
1.501757
1.496431
1.509085
1.519834
1.511013
1.504104
1.499893
1.502930
1.508970
1.516593
1.495455
1.502446
1.495352
1.497464
1.517211
1.521181
1.512865
1.503424
1.493640
1.488022
1.498508
1.512970
1.515411
1.525665
1.496682
1.485026
1.492529
1.520879
1.510473
1.494380
1.495777
1.513433
1.504632
1.506372
1.486115
1.497438
1.516234
1.506914
1.498672
1.507440
1.521636
1.507061
1.506434
1.513696
1.491681
1.493476
1.509570
1.496838
1.498332
1.506040
1.496495
1.518010
1.499114
1.504242
1.506982
1.498392
1.500398
1.507594
1.497058
1.500294
1.496528
1.501849
1.507599
1.512010
1.499177
1.508538
1.510500
1.503253
1.502951
1.493773
1.475849
1.491539
1.510728
1.516269
1.501863
1.488209
1.493216
1.515658
1.506095
1.495537
1.501077
1.500320
1.498741
1.517676
1.507811
1.497016
1.496391
1.503708
1.505215
1.483962
1.486914
1.505207
1.510377
1.493402
1.494789
1.498575
1.499503
1.509434
1.504707
1.500181
1.508627
1.504014
1.503556
1.492231
1.506681
1.534293
1.525516
1.504667
1.512727
1.500804
1.491197
1.511360
1.518136
1.493016
1.486530
1.515715
1.510946
1.508038
1.518333
1.503852
1.496407
1.504643
1.506256
1.496480
1.494237
1.490047
1.507883
1.511601
1.508433
1.503392
1.490832
1.483332
1.493461
1.518512
1.502628
1.506748
1.499988
1.504910
1.513933
1.517683
1.500355
1.490907
1.494806
1.484322
1.500192
1.503393
1.503726
1.506724
1.503318
1.490138
1.502708
1.493419
1.488661
1.505791
1.518088
1.509799
1.500381
1.508882
1.499850
1.497096
1.484220
1.495457
1.508016
1.488876
1.505889
1.507615
1.505766
1.501776
1.507941
1.500918
1.509885
1.523755
1.517641
1.498983
1.493764
1.495824
1.509485
1.507911
1.503111
1.487248
1.487558
1.502461
1.507917
1.517550
1.507347
1.512478
1.502275
1.489150
1.506563
1.517747
1.517096
1.501352
1.488872
1.487740
1.502669
1.503307
1.499256
1.487986
1.495967
1.510131
1.502865
1.505385
1.514525
1.500661
1.503705
1.499873
1.487758
1.508007
1.500496
1.511076
1.523565
1.508449
1.502504
1.500967
1.511560
1.489550
1.491174
1.500357
1.506630
1.506047
1.507389
1.493484
1.500447
1.510609
1.504835
1.496625
1.501104
1.500125
1.504944
1.499883
1.498731
1.498432
1.498602
1.500367
1.500476
1.496690
1.509071
1.507988
1.506561
1.506228
1.502604
1.488557
1.493391
1.505088
1.514348
1.514176
1.510477
1.491817
1.488103
1.499054
1.495469
1.498556
1.501224
1.497975
1.510729
1.494516
1.495862
1.500152
1.497818
1.490286
1.495511
1.510732
1.506051
1.499293
1.511878
1.509632
1.500428
1.499417
1.506386
1.508520
1.509232
1.520244
1.512820
1.501651
1.498593
1.489439
1.496796
1.498679
1.501392
1.499590
1.504934
1.508914
1.503668
1.493944
1.487133
1.492939
1.505718
1.532033
1.521216
1.513579
1.496660
1.500191
1.493817
1.499100
1.503438
1.497925
1.513648
1.500343
1.501429
1.500614
1.502517
1.501962
1.493603
1.500956
1.504739
1.509468
1.507606
1.497552
1.503212
1.510021
1.521744
1.496735
1.490041
1.489931
1.496296
1.510967
1.505878
1.483851
1.490305
1.513937
1.506989
1.514735
1.505530
1.497257
1.493574
1.510632
1.505049
1.502671
1.496149
1.502827
1.501648
1.499894
1.499914
1.502976
1.499133
1.489314
1.497255
1.496661
1.495144
1.505703
1.507094
1.502351
1.506251
1.501335
1.488081
1.492980
1.502115
1.513519
1.520455
1.498100
1.489859
1.492372
1.495529
1.510427
1.510011
1.509808
1.493587
1.490784
1.491061
1.512233
1.513162
1.497245
1.491476
1.508289
1.504460
1.489701
1.497257
1.501464
1.501674
1.497524
1.512729
1.505069
1.495080
1.488674
1.496189
1.507854
1.506333
1.502374
1.502231
1.502372
1.509555
1.512308
1.503536
1.501558
1.505187
1.501441
1.504754
1.517469
1.513885
1.502122
1.508999
1.501391
1.499441
1.499168
1.509284
1.506055
1.495155
1.489338
1.511002
1.501163
1.494760
1.506747
1.491032
1.526627
1.506487
1.516689
1.506250
1.499912
1.498872
1.490818
1.504798
1.489664
1.496978
1.504502
1.499765
1.505993
1.518427
1.509005
1.508660
1.496175
1.493956
1.502745
1.505631
1.499397
1.501376
1.494528
1.503019
1.515733
1.508146
1.495737
1.500909
1.495479
1.484506
1.508042
1.516600
1.508036
1.504855
1.487823
1.482612
1.514968
1.513767
1.499610
1.502272
1.494995
1.498623
1.499535
1.497662
1.511767
1.499306
1.498307
1.508444
1.501431
1.496091
1.495699
1.500529
1.507214
1.509185
1.502596
1.493196
1.505875
1.506528
1.491346
1.499176
1.513005
1.502465
1.503906
1.505705
1.506334
1.497113
1.497094
1.492294
1.485352
1.509707
1.518535
1.511193
1.503290
1.505936
1.493790
1.482519
1.489975
1.499656
1.498361
1.491921
1.504983
1.526941
1.510803
1.506298
1.496114
1.484159
1.507142
1.506607
1.499212
1.514788
1.509202
1.503625
1.511162
1.513822
1.505971
1.504944
1.514930
1.515004
1.509453
1.512179
1.495993
1.488249
1.502304
1.503958
1.504862
1.504139
1.502587
1.504399
1.502036
1.513977
1.504086
1.489629
1.497565
1.491161
1.519653
1.504004
1.513535
1.504448
1.504817
1.513105
1.515153
1.519740
1.502589
1.502795
1.504624
1.487298
1.491731
1.510942
1.502086
1.485513
1.488896
1.513410
1.501369
1.501393
1.492970
1.503032
1.496773
1.504169
1.503555
1.497508
1.506719
1.492160
1.506882
1.490676
1.502651
1.516702
1.501078
1.497660
1.494826
1.500951
1.513226
1.501966
1.487756
1.501230
1.505518
1.507857
1.504155
1.506285
1.500456
1.493998
1.491280
1.500213
1.498117
1.504922
1.506665
1.499372
1.491168
1.500507
1.512258
1.500456
1.500162
1.510574
1.496842
1.499309
1.508429
1.505631
1.493900
1.503367
1.514128
1.502975
1.505193
1.506919
1.500987
1.494277
1.503873
1.495627
1.503886
1.507626
1.502952
1.503062
1.515803
1.513622
1.496782
1.484958
1.501945
1.515126
1.494992
1.491400
1.503111
1.497075
1.499172
1.519399
1.496217
1.496194
1.515706
1.518075
1.522881
1.510460
1.493936
1.497842
1.522165
1.510525
1.487999
1.491876
1.508485
1.504519
1.496483
1.508313
1.513628
1.508310
1.515768
1.515425
1.502773
1.500959
1.496173
1.490966
1.496158
1.503177
1.497242
1.514336
1.510494
1.482674
1.492858
1.501377
1.494673
1.496588
1.521580
1.531729
1.511780
1.497850
1.498676
1.502385
1.507347
1.497793
1.508046
1.504972
1.496461
1.500944
1.509185
1.520031
1.505280
1.508037
1.513719
1.515050
1.497752
1.502252
1.497154
1.504589
1.507875
1.505313
1.504343
1.495862
1.485281
1.501245
1.517233
1.516167
1.506527
1.482726
1.504113
1.518924
1.505122
1.498477
1.497966
1.493380
1.504479
1.500958
1.499758
1.486626
1.485655
1.507909
1.515527
1.509123
1.502786
1.499130
1.500752
1.495218
1.495557
1.498854
1.511215
1.512251
1.493687
1.493819
1.501216
1.510856
1.507525
1.503882
1.497929
1.490687
1.495201
1.498947
1.496860
1.505240
1.505346
1.516444
1.506396
1.496861
1.496839
1.495530
1.510237
1.517849
1.510205
1.515321
1.496185
1.495138
1.512273
1.500797
1.486730
1.485529
1.518298
1.518689
1.508759
1.511470
1.494526
1.485513
1.501018
1.504739
1.495084
1.506635
1.510649
1.509865
1.493417
1.487550
1.495919
1.508141
1.506602
1.501972
1.508557
1.513232
1.496157
1.497424
1.491577
1.497266
1.493504
1.504792
1.506548
1.498010
1.485789
1.499256
1.508592
1.508642
1.527189
1.518449
1.491781
1.489121
1.500810
1.493025
1.503118
1.519833
1.504754
1.490478
1.500247
1.506998
1.503265
1.493990
1.503094
1.512162
1.512835
1.512821
1.500378
1.489611
1.490435
1.507585
1.508261
1.498465
1.505785
1.508469
1.508509
1.509057
1.497811
1.492680
1.495612
1.492658
1.475991
1.503074
1.496450
1.497012
1.491206
1.511362
1.502032
1.509306
1.491072
1.495900
1.500221
1.497536
1.506050
1.513168
1.506305
1.495708
1.494636
1.493515
1.483812
1.514198
1.516449
1.495932
1.499985
1.493654
1.500135
1.488213
1.508604
1.503103
1.508088
1.514483
1.498986
1.494142
1.500934
1.499265
1.502404
1.513299
1.491642
1.486050
1.495703
1.493423
1.498870
1.512969
1.516213
1.503725
1.504284
1.516436
1.509029
1.492922
1.487776
1.494093
1.510092
1.507572
1.494023
1.508579
1.517438
1.510782
1.510689
1.500254
1.498309
1.494173
1.492057
1.510866
1.504549
1.482943
1.502007
1.503364
1.504767
1.493202
1.500055
1.502174
1.510967
1.502691
1.498370
1.501444
1.497853
1.507152
1.506914
1.514193
1.512902
1.500446
1.508610
1.525111
1.512418
1.499513
1.488608
1.495120
1.503622
1.505159
1.507014
1.507181
1.505252
1.501007
1.502008
1.518176
1.520259
1.505553
1.502013
1.512694
1.503342
1.497434
1.501465
1.500529
1.506454
1.493235
1.498872
1.506189
1.514318
1.508618
1.487322
1.485857
1.520529
1.519027
1.510113
1.513979
1.514364
1.516710
1.506351
1.515053
1.497598
1.501357
1.505848
1.495194
1.503286
1.508344
1.504984
1.527343
1.528757
1.525971
1.509569
1.499250
1.500126
1.498395
1.514882
1.525718
1.520459
1.493361
1.514872
1.503821
1.504910
1.503281
1.511088
1.516534
1.505765
1.495366
1.510818
1.503494
1.497488
1.513729
1.510737
1.508080
1.503983
1.488057
1.499151
1.515091
1.511236
1.499946
1.502999
1.504337
1.498695
1.502214
1.507177
1.502990
1.497560
1.499613
1.501517
1.513300
1.512935
1.506520
1.499059
1.495729
1.509304
1.489359
1.495488
1.517733
1.512685
1.498075
1.496032
1.504848
1.512857
1.500886
1.505942
1.517719
1.499513
1.495970
1.508330
1.512617
1.493501
1.501477
1.513894
1.505403
1.491592
1.495437
1.498139
1.503387
1.509561
1.525126
1.503927
1.492885
1.485306
1.498507
1.496556
1.484543
1.494154
1.495292
1.502482
1.516097
1.528125
1.506037
1.519116
1.495831
1.493223
1.507396
1.508281
1.505279
1.501927
1.503226
1.512239
1.502663
1.499013
1.500602
1.499887
1.502985
1.501623
1.500091
1.489704
1.493544
1.489463
1.509354
1.497480
1.503458
1.507372
1.493517
1.500637
1.506693
1.504777
1.501160
1.518151
1.523093
1.507458
1.496703
1.493013
1.504137
1.497958
1.498049
1.488206
1.503436
1.500073
1.507745
1.509628
1.492049
1.498616
1.506965
1.498131
1.496335
1.502693
1.518154
1.528060
1.516628
1.495675
1.494418
1.500913
1.498036
1.504983
1.513755
1.513901
1.501891
1.492016
1.508261
1.513760
1.495326
1.488797
1.488147
1.503619
1.506494
1.506771
1.493351
1.494112
1.515937
1.512781
1.503274
1.489125
1.496575
1.505540
1.496407
1.510438
1.507467
1.493896
1.486871
1.494425
1.495021
1.508142
1.521040
1.495860
1.498602
1.513476
1.513523
1.504700
1.499626
1.514975
1.508629
1.500771
1.493156
1.508297
1.510109
1.515202
1.515883
1.512320
1.511633
1.496131
1.493454
1.506590
1.501108
1.497418
1.495800
1.489657
1.509772
1.498309
1.500937
1.515038
1.504502
1.496361
1.501071
1.491473
1.482737
1.505461
1.515329
1.506983
1.521169
1.496782
1.500202
1.494964
1.495617
1.493931
1.506692
1.516471
1.509072
1.493125
1.489967
1.491128
1.504187
1.508038
1.510338
1.503229
1.493668
1.498032
1.490051
1.487811
1.497379
1.515515
1.514486
1.498223
1.489938
1.500095
1.523547
1.510693
1.489130
1.504023
1.503870
1.493749
1.499534
1.516119
1.510454
1.495375
1.496453
1.499337
1.493089
1.518063
1.522543
1.491482
1.484887
1.490753
1.512058
1.516468
1.500656
1.502141
1.514965
1.501006
1.490505
1.505713
1.516418
1.516864
1.499690
1.508903
1.512622
1.505913
1.513783
1.505542
1.486955
1.492294
1.501004
1.517805
1.514763
1.503024
1.503594
1.500830
1.497445
1.501369
1.502471
1.496140
1.509331
1.511010
1.484072
1.496333
1.510148
1.488643
1.477217
1.496047
1.511907
1.521404
1.525818
1.510099
1.514541
1.508711
1.491056
1.501092
1.500367
1.498956
1.504945
1.511304
1.488003
1.503538
1.533210
1.507376
1.505943
1.507530
1.484418
1.493237
1.495266
1.506811
1.494909
1.503709
1.518274
1.517700
1.500231
1.497820
1.503441
1.510565
1.499068
1.499879
1.485151
1.489822
1.513830
1.511067
1.488713
1.493949
1.486373
1.502307
1.519730
1.506218
1.493911
1.502984
1.492352
1.490255
1.504755
1.505946
1.503374
1.500233
1.503489
1.506973
1.496465
1.504931
1.494762
1.496664
1.503428
1.505991
1.517996
1.506185
1.493741
1.501493
1.490266
1.484129
1.496010
1.517141
1.518038
1.490521
1.485195
1.496969
1.502697
1.497856
1.499972
1.513080
1.511703
1.495799
1.501642
1.497715
1.496989
1.504342
1.508747
1.499273
1.492769
1.500716
1.508276
1.491599
1.498320
1.506944
1.503558
1.487935
1.492823
1.495676
1.502713
1.509763
1.499300
1.510641
1.512671
1.492596
1.489920
1.502836
1.501791
1.513241
1.526444
1.588249
1.513945
1.499876
1.508797
1.512021
1.508254
1.496900
1.499516
1.500403
1.506898
1.505153
1.489661
1.490958
1.504670
1.509447
1.511276
1.503134
1.488485
1.503910
1.497096
1.513866
1.498414
1.496425
1.488824
1.517002
1.505527
1.499526
1.481722
1.484446
1.504334
1.511043
1.507877
1.502769
1.477585
1.507189
1.505366
1.493956
1.509343
1.511877
1.511514
1.511423
1.500810
1.499883
1.512030
1.503513
1.504258
1.499200
1.497502
1.498402
1.499084
1.504848
1.506263
1.510317
1.503525
1.498096
1.500292
1.518236
1.513423
1.489213
1.492155
1.516229
1.501014
1.504718
1.492522
1.496184
1.521996
1.513356
1.495477
1.488296
1.498048
1.505159
1.508983
1.507326
1.490385
1.502166
1.517379
1.508539
1.494316
1.497105
1.489875
1.502912
1.498043
1.503453
1.517962
1.517008
1.505130
1.479791
1.500721
1.521295
1.511266
1.491981
1.500818
1.498418
1.502004
1.497477
1.500773
1.494813
1.498075
1.513444
1.505958
1.496141
1.493043
1.504037
1.509674
1.503794
1.495153
1.493082
1.498203
1.507257
1.500996
1.514728
1.500118
1.492150
1.510292
1.499947
1.507458
1.513114
1.506876
1.483996
1.504095
1.509938
1.499383
1.504107
1.503098
1.490978
1.518887
1.501417
1.494207
1.504522
1.515449
1.497210
1.483237
1.563177
1.528619
1.509251
1.511923
1.506067
1.489135
1.500944
1.510703
1.512163
1.500616
1.492988
1.497749
1.495288
1.496238
1.507690
1.492215
1.506909
1.508743
1.502392
1.487694
1.487577
1.502502
1.495322
1.505799
1.498811
1.502729
1.515591
1.501234
1.493593
1.502021
1.510808
1.513605
1.508096
1.503685
1.499373
1.497645
1.510762
1.509570
1.492220
1.487257
1.492419
1.497774
1.511140
1.501245
1.523987
1.515362
1.483526
1.497594
1.500679
1.493286
1.489922
1.499872
1.513847
1.505572
1.497383
1.493476
1.498128
1.518361
1.513906
1.484218
1.485963
1.518249
1.505443
1.500180
1.496599
1.503507
1.507322
1.507304
1.507045
1.487241
1.507010
1.508941
1.526156
1.512467
1.487415
1.490356
1.511603
1.497143
