-1.046638
-1.050925
-1.059787
-1.053561
-1.039091
-1.041788
-1.065946
-1.103026
-1.129938
-1.158888
-1.198860
-1.236446
-1.263195
-1.289394
-1.309609
-1.335073
-1.376651
-1.390262
-1.405632
-1.412318
-1.423345
-1.449337
-1.475550
-1.489678
-1.496346
-1.514191
-1.527701
-1.533636
-1.530488
-1.530011
-1.531565
-1.545857
-1.574211
-1.585371
-1.578372
-1.586840
-1.593374
-1.590122
-1.592046
-1.592426
-1.612448
-1.624918
-1.630329
-1.639289
-1.635012
-1.640328
-1.650901
-1.652739
-1.658772
-1.661883
-1.661296
-1.670639
-1.668124
-1.674623
-1.691577
-1.704729
-1.722021
-1.738473
-1.731416
-1.726008
-1.731090
-1.727645
-1.727421
-1.745583
-1.760796
-1.760946
-1.759036
-1.769767
-1.777958
-1.773440
-1.786384
-1.790344
-1.780208
-1.778843
-1.792799
-1.808838
-1.811743
-1.812905
-1.809780
-1.817418
-1.823596
-1.819735
-1.808971
-1.823258
-1.833343
-1.840601
-1.838988
-1.841181
-1.853539
-1.850586
-1.857205
-1.862580
-1.862823
-1.871948
-1.872295
-1.867114
-1.868015
-1.875330
-1.875301
-1.882665
-1.889044
-1.896811
-1.901327
-1.895610
-1.884934
-1.885604
-1.889839
-1.898582
-1.910042
-1.918136
-1.910579
-1.902723
-1.901334
-1.906327
-1.918948
-1.935353
-1.928797
-1.921563
-1.925174
-1.926154
-1.930715
-1.933964
-1.934111
-1.939356
-1.936558
-1.926569
-1.926114
-1.938267
-1.940978
-1.933587
-1.928635
-1.930309
-1.947019
-1.960884
-1.959712
-1.962801
-1.960715
-1.953228
-1.951616
-1.954351
-1.966332
-1.969441
-1.965556
-1.981649
-1.979413
-1.977776
-1.991473
-1.986284
-1.988296
-1.994517
-1.998714
-1.995343
-1.983219
-1.989263
-2.001651
-2.012129
-2.028093
-2.039954
-2.044025
-2.035842
-2.023323
-2.029733
-2.030150
-2.030419
-2.023184
-2.020032
-2.038213
-2.056086
-2.060891
-2.057664
-2.057538
-2.067307
-2.075160
-2.066106
-2.051156
-2.047664
-2.065662
-2.077694
-2.081416
-2.069335
-2.067818
-2.073582
-2.083032
-2.091892
-2.089130
-2.080416
-2.079719
-2.089740
-2.088826
-2.085499
-2.090345
-2.104557
-2.099463
-2.080512
-2.081827
-2.096320
-2.108271
-2.106380
-2.096472
-2.093041
-2.100986
-2.095941
-2.093544
-2.101404
-2.110404
-2.120375
-2.122757
-2.122823
-2.121212
-2.121331
-2.134997
-2.136186
-2.143105
-2.137398
-2.138344
-2.155897
-2.157650
-2.152530
-2.153424
-2.164499
-2.164598
-2.167506
-2.178726
-2.184807
-2.178708
-2.168695
-2.173196
-2.200078
-2.209634
-2.195632
-2.179565
-2.173893
-2.178320
-2.200851
-2.216268
-2.218675
-2.216278
-2.223350
-2.224313
-2.220865
-2.207185
-2.196590
-2.199904
-2.214618
-2.222960
-2.229965
-2.226330
-2.212747
-2.200115
-2.220201
-2.228269
-2.221524
-2.210874
-2.206627
-2.217638
-2.228386
-2.221136
-2.236342
-2.249105
-2.242082
-2.231091
-2.231152
-2.229367
-2.235019
-2.234875
-2.233005
-2.230118
-2.220265
-2.209623
-2.212427
-2.200972
-2.196539
-2.214231
-2.215992
-2.207040
-2.215392
-2.222392
-2.225521
-2.229428
-2.229504
-2.220545
-2.210923
-2.198401
-2.207208
-2.207520
-2.204513
-2.214838
-2.221641
-2.224030
-2.217785
-2.200868
-2.198694
-2.201449
-2.193648
-2.197606
-2.199139
-2.206311
-2.198265
-2.177475
-2.169121
-2.171080
-2.183116
-2.197669
-2.200014
-2.194425
-2.200259
-2.195392
-2.188470
-2.194752
-2.201136
-2.195381
-2.186121
-2.183596
-2.179162
-2.188001
-2.192232
-2.191892
-2.192627
-2.174637
-2.172262
-2.185942
-2.183247
-2.171924
-2.180513
-2.192362
-2.196670
-2.188188
-2.176781
-2.171825
-2.196177
-2.204618
-2.200973
-2.188986
-2.192539
-2.187346
-2.175254
-2.176755
-2.183334
-2.177845
-2.183301
-2.180062
-2.174585
-2.163773
-2.162027
-2.176724
-2.201134
-2.189239
-2.170242
-2.164738
-2.165205
-2.172329
-2.170333
-2.164214
-2.149799
-2.148658
-2.155011
-2.166163
-2.173005
-2.172811
-2.157995
-2.154832
-2.162075
-2.159531
-2.158335
-2.158492
-2.145666
-2.136244
-2.142458
-2.146597
-2.148838
-2.152601
-2.147982
-2.144228
-2.131873
-2.119015
-2.120973
-2.126836
-2.141686
-2.138694
-2.134266
-2.135197
-2.114074
-2.111045
-2.104330
-2.116236
-2.125029
-2.116084
-2.106867
-2.103595
-2.111336
-2.121121
-2.114437
-2.108305
-2.101555
-2.106267
-2.102244
-2.098162
-2.099056
-2.094619
-2.093377
-2.095903
-2.102981
-2.114608
-2.119788
-2.116806
-2.113998
-2.109989
-2.102792
-2.090869
-2.099238
-2.097082
-2.089375
-2.093075
-2.095182
-2.092333
-2.097856
-2.101150
-2.098102
-2.094271
-2.093719
-2.095235
-2.084578
-2.085262
-2.099734
-2.096991
-2.100064
-2.092722
-2.107721
-2.108605
-2.104187
-2.105543
-2.103867
-2.102418
-2.084058
-2.111643
-2.114247
-2.112627
-2.106338
-2.105508
-2.103543
-2.105965
-2.100795
-2.088454
-2.096313
-2.119684
-2.126247
-2.131634
-2.121910
-2.116133
-2.124100
-2.127862
-2.133349
-2.129926
-2.119373
-2.117317
-2.116896
-2.113546
-2.114216
-2.126589
-2.129578
-2.130524
-2.131078
-2.126135
-2.119324
-2.109248
-2.107059
-2.105683
-2.107986
-2.099289
-2.098361
-2.112682
-2.111346
-2.094801
-2.101246
-2.111988
-2.103620
-2.095634
-2.095033
-2.094975
-2.094995
-2.088397
-2.081098
-2.093622
-2.088712
-2.080227
-2.092868
-2.094758
-2.091363
-2.104025
-2.117695
-2.104915
-2.090053
-2.087842
-2.080767
-2.079147
-2.080430
-2.076500
-2.085259
-2.104724
-2.115274
-2.118867
-2.118223
-2.115180
-2.112644
-2.118478
-2.108876
-2.106737
-2.095446
-2.083828
-2.091591
-2.107579
-2.117836
-2.119540
-2.111647
-2.098033
-2.094883
-2.102452
-2.110742
-2.129716
-2.121461
-2.103779
-2.094826
-2.115102
-2.125426
-2.119961
-2.115997
-2.129659
-2.134067
-2.133154
-2.117102
-2.107959
-2.116274
-2.116768
-2.104659
-2.103277
-2.117663
-2.115721
-2.115724
-2.126079
-2.115849
-2.108137
-2.116938
-2.113081
-2.110727
-2.116179
-2.112124
-2.129640
-2.128166
-2.131802
-2.138191
-2.136037
-2.135962
-2.143192
-2.139945
-2.140038
-2.136410
-2.138137
-2.145177
-2.152597
-2.144911
-2.147477
-2.154184
-2.155399
-2.157342
-2.150677
-2.126371
-2.117654
-2.128173
-2.144354
-2.146187
-2.134413
-2.127667
-2.143299
-2.148946
-2.142921
-2.142036
-2.140540
-2.137834
-2.154536
-2.161469
-2.157842
-2.153763
-2.156881
-2.161675
-2.145324
-2.132107
-2.137371
-2.148033
-2.141915
-2.137209
-2.133122
-2.126562
-2.130374
-2.130481
-2.126998
-2.133080
-2.135366
-2.137642
-2.128406
-2.128840
-2.140092
-2.136254
-2.126346
-2.134008
-2.132722
-2.122553
-2.132162
-2.147333
-2.137317
-2.121129
-2.134231
-2.142467
-2.143488
-2.155343
-2.152589
-2.144844
-2.147144
-2.152017
-2.143957
-2.137327
-2.126759
-2.135725
-2.140857
-2.149286
-2.152641
-2.143412
-2.126597
-2.119789
-2.136818
-2.132833
-2.131522
-2.125501
-2.126859
-2.138885
-2.155605
-2.155401
-2.145985
-2.140679
-2.124986
-2.125382
-2.128897
-2.132617
-2.139190
-2.142140
-2.131608
-2.133504
-2.126013
-2.113598
-2.117959
-2.134673
-2.143240
-2.142645
-2.150816
-2.149347
-2.145229
-2.128464
-2.123211
-2.130760
-2.119207
-2.124707
-2.131635
-2.136592
-2.137332
-2.139784
-2.129849
-2.127956
-2.141243
-2.150661
-2.145495
-2.137767
-2.133131
-2.142392
-2.150047
-2.152712
-2.139288
-2.124926
-2.122305
-2.124894
-2.137816
-2.138534
-2.143514
-2.140876
-2.127684
-2.133103
-2.150223
-2.166952
-2.168025
-2.156517
-2.143434
-2.146195
-2.148480
-2.146809
-2.134081
-2.129595
-2.139519
-2.140043
-2.145530
-2.160427
-2.161649
-2.165962
-2.166121
-2.152094
-2.152572
-2.143546
-2.147573
-2.165763
-2.170325
-2.170424
-2.170007
-2.180960
-2.169017
-2.155249
-2.151894
-2.156380
-2.160538
-2.166325
-2.158695
-2.158623
-2.169117
-2.174107
-2.170661
-2.171485
-2.171355
-2.175990
-2.175370
-2.173322
-2.170657
-2.167873
-2.166584
-2.165289
-2.160305
-2.168060
-2.175086
-2.180975
-2.186763
-2.189090
-2.177438
-2.170719
-2.175779
-2.190178
-2.204445
-2.215034
-2.206821
-2.194748
-2.193461
-2.188282
-2.186009
-2.186412
-2.183655
-2.193910
-2.188145
-2.183990
-2.183637
-2.181659
-2.172347
-2.168340
-2.179515
-2.185899
-2.184026
-2.195770
-2.187648
-2.187575
-2.186757
-2.181405
-2.179676
-2.182768
-2.199472
-2.211313
-2.212651
-2.211096
-2.200413
-2.197143
-2.195757
-2.197053
-2.196146
-2.200564
-2.209006
-2.212270
-2.205895
-2.192768
-2.184379
-2.185568
-2.210153
-2.223145
-2.230421
-2.223789
-2.222626
-2.215657
-2.213940
-2.216625
-2.212576
-2.219178
-2.209909
-2.199791
-2.198110
-2.199541
-2.200453
-2.193099
-2.193272
-2.197356
-2.206344
-2.213616
-2.209783
-2.208650
-2.209753
-2.223093
-2.215759
-2.204154
-2.193433
-2.189485
-2.200350
-2.206185
-2.189980
-2.180221
-2.194115
-2.200991
-2.215644
-2.221065
-2.218221
-2.211692
-2.222304
-2.227336
-2.229937
-2.225911
-2.228427
-2.229017
-2.225894
-2.221819
-2.220902
-2.217128
-2.204735
-2.201209
-2.197524
-2.192544
-2.198208
-2.204518
-2.202843
-2.202042
-2.197917
-2.182763
-2.173688
-2.174384
-2.186907
-2.206707
-2.204351
-2.193943
-2.185724
-2.179404
-2.184934
-2.188622
-2.194659
-2.186291
-2.175899
-2.166123
-2.177755
-2.189019
-2.184341
-2.174457
-2.181965
-2.185988
-2.175412
-2.172516
-2.173695
-2.173947
-2.169735
-2.180793
-2.184437
-2.178452
-2.166333
-2.161934
-2.169322
-2.175195
-2.176415
-2.175944
-2.175395
-2.181677
-2.187911
-2.184651
-2.178457
-2.177044
-2.174307
-2.175636
-2.187438
-2.196615
-2.196182
-2.203865
-2.203377
-2.200378
-2.196337
-2.202329
-2.205967
-2.199834
-2.188572
-2.199380
-2.200475
-2.195205
-2.201949
-2.187984
-2.201530
-2.193987
-2.200621
-2.202375
-2.201086
-2.199859
-2.190723
-2.195549
-2.185008
-2.181144
-2.184192
-2.181820
-2.185025
-2.199895
-2.203973
-2.209377
-2.203735
-2.196662
-2.195888
-2.197195
-2.192870
-2.191664
-2.184479
-2.186465
-2.201614
-2.209421
-2.204947
-2.205699
-2.201085
-2.182252
-2.184448
-2.199755
-2.207577
-2.212228
-2.200037
-2.182876
-2.198415
-2.212511
-2.212525
-2.215173
-2.210358
-2.206119
-2.201812
-2.197496
-2.208465
-2.207321
-2.205096
-2.212955
-2.213422
-2.208142
-2.202316
-2.201230
-2.202149
-2.210225
-2.215775
-2.208383
-2.213951
-2.217005
-2.203706
-2.198554
-2.200844
-2.196808
-2.196375
-2.199731
-2.204894
-2.201454
-2.198208
-2.189342
-2.173631
-2.182661
-2.197585
-2.202143
-2.198992
-2.201051
-2.192790
-2.174106
-2.163312
-2.162496
-2.160634
-2.152514
-2.155243
-2.176986
-2.182545
-2.183386
-2.175083
-2.156442
-2.160191
-2.160607
-2.154609
-2.165502
-2.171978
-2.173908
-2.184174
-2.195796
-2.192543
-2.187416
-2.194055
-2.204038
-2.206647
-2.212862
-2.205418
-2.192095
-2.193715
-2.197313
-2.201861
-2.205735
-2.208108
-2.212369
-2.214126
-2.226568
-2.228661
-2.216671
-2.213190
-2.203259
-2.217575
-2.215066
-2.224323
-2.223419
-2.217499
-2.215816
-2.216552
-2.228504
-2.228585
-2.230747
-2.234946
-2.220870
-2.210974
-2.220405
-2.221145
-2.205532
-2.193503
-2.206284
-2.207082
-2.208114
-2.200792
-2.203692
-2.200409
-2.204131
-2.207264
-2.204554
-2.211354
-2.203710
-2.210987
-2.201921
-2.204448
-2.221049
-2.222031
-2.219669
-2.214544
-2.215623
-2.228989
-2.230057
-2.216302
-2.215699
-2.219285
-2.225355
-2.227899
-2.232820
-2.232152
-2.225239
-2.215744
-2.215312
-2.212054
-2.214479
-2.218620
-2.215926
-2.205590
-2.204923
-2.215930
-2.215307
-2.214505
-2.224208
-2.220111
-2.217618
-2.223802
-2.227498
-2.219589
-2.219812
-2.227531
-2.223015
-2.222846
-2.226263
-2.225160
-2.218255
-2.221496
-2.216296
-2.219111
-2.225510
-2.227230
-2.229201
-2.244158
-2.257156
-2.253252
-2.237288
-2.236652
-2.247333
-2.238111
-2.226754
-2.228321
-2.224367
-2.222665
-2.241041
-2.235643
-2.229654
-2.239704
-2.240594
-2.249965
-2.255320
-2.247458
-2.243300
-2.255029
-2.250971
-2.230365
-2.219637
-2.225988
-2.225529
-2.218440
-2.225241
-2.237533
-2.243027
-2.255996
-2.269613
-2.271340
-2.271732
-2.267555
-2.258288
-2.254351
-2.257553
-2.254880
-2.269379
-2.280058
-2.262868
-2.255933
-2.257182
-2.249097
-2.237084
-2.246476
-2.264802
-2.267002
-2.261095
-2.258552
-2.260214
-2.266091
-2.262569
-2.269653
-2.273916
-2.269510
-2.266747
-2.267984
-2.270213
-2.266775
-2.267893
-2.276136
-2.286351
-2.279971
-2.279080
-2.274034
-2.276570
-2.282515
-2.286134
-2.289029
-2.283658
-2.267924
-2.268431
-2.285104
-2.300610
-2.306183
-2.287592
-2.290074
-2.307193
-2.310675
-2.306218
-2.301901
-2.293757
-2.297218
-2.297378
-2.296523
-2.282609
-2.267038
-2.272041
-2.285140
-2.292722
-2.294646
-2.293281
-2.293735
-2.288719
-2.284124
-2.282752
-2.293763
-2.305941
-2.299634
-2.293541
-2.294919
-2.306025
-2.313859
-2.318131
-2.316462
-2.307592
-2.303277
-2.302771
-2.300107
-2.305765
-2.311147
-2.323702
-2.322565
-2.312424
-2.303795
-2.294513
-2.297778
-2.308563
-2.313028
-2.323405
-2.317893
-2.311809
-2.321500
-2.321729
-2.308120
-2.292866
-2.306364
-2.318022
-2.322397
-2.331713
-2.324918
-2.309436
-2.309641
-2.313596
-2.307802
-2.313545
-2.323273
-2.332298
-2.324967
-2.311730
-2.306395
-2.313478
-2.319284
-2.318071
-2.325951
-2.338569
-2.334194
-2.331200
-2.322345
-2.319101
-2.311757
-2.315520
-2.320912
-2.317794
-2.302577
-2.300954
-2.304999
-2.309274
-2.334380
-2.349272
-2.334448
-2.315941
-2.311194
-2.301589
-2.303668
-2.323048
-2.327532
-2.317818
-2.315038
-2.321987
-2.325259
-2.319537
-2.317087
-2.316360
-2.322158
-2.332214
-2.331760
-2.320953
-2.306601
-2.305517
-2.308397
-2.304379
-2.308755
-2.316083
-2.323428
-2.331309
-2.327976
-2.319646
-2.314450
-2.306481
-2.281947
-2.284654
-2.280810
-2.277587
-2.268570
-2.279809
-2.281751
-2.290611
-2.281150
-2.276461
-2.275794
-2.271025
-2.274542
-2.285674
-2.290278
-2.284091
-2.276723
-2.268453
-2.250873
-2.264033
-2.279802
-2.274928
-2.274106
-2.267098
-2.266829
-2.254786
-2.262966
-2.264792
-2.265942
-2.272296
-2.264927
-2.255598
-2.254991
-2.253039
-2.254524
-2.267307
-2.258578
-2.244037
-2.238863
-2.230063
-2.222554
-2.226996
-2.237571
-2.238168
-2.240191
-2.254830
-2.262399
-2.253668
-2.240089
-2.233194
-2.242679
-2.248413
-2.239634
-2.241124
-2.251257
-2.257101
-2.264795
-2.263018
-2.259741
-2.252473
-2.243168
-2.250939
-2.252469
-2.233413
-2.234184
-2.236659
-2.238451
-2.227345
-2.224307
-2.225032
-2.235559
-2.238227
-2.236762
-2.238443
-2.236370
-2.243260
-2.248698
-2.253885
-2.256475
-2.250242
-2.247523
-2.262274
-2.269578
-2.266791
-2.254159
-2.248503
-2.251571
-2.256237
-2.262737
-2.269306
-2.273778
-2.271663
-2.261674
-2.262448
-2.269295
-2.268725
-2.265777
-2.273627
-2.274183
-2.270320
-2.271222
-2.271511
-2.277931
-2.270903
-2.269277
-2.274237
-2.283948
-2.287540
-2.271524
-2.253583
-2.267414
-2.276164
-2.276191
-2.285765
-2.295856
-2.300106
-2.294465
-2.301461
-2.295384
-2.294603
-2.298986
-2.292922
-2.295064
-2.302345
-2.295920
-2.302812
-2.317282
-2.334760
-2.337802
-2.332104
-2.325049
-2.312354
-2.319333
-2.337786
-2.353327
-2.343800
-2.354586
-2.352526
-2.352509
-2.335986
-2.342445
-2.355163
-2.357719
-2.353427
-2.360259
-2.357434
-2.352128
-2.364865
-2.375232
-2.383206
-2.386812
-2.374507
-2.373401
-2.387045
-2.394842
-2.391906
-2.393185
-2.396484
-2.394597
-2.396454
-2.403389
-2.406191
-2.403585
-2.403059
-2.402994
-2.413770
-2.424707
-2.429795
-2.427766
-2.422627
-2.431314
-2.420161
-2.415202
-2.431846
-2.442525
-2.438198
-2.431623
-2.432717
-2.439551
-2.433929
-2.429861
-2.439289
-2.433783
-2.426616
-2.432168
-2.442500
-2.433678
-2.430026
-2.437540
-2.436391
-2.421348
-2.410439
-2.403457
-2.403884
-2.411517
-2.436229
-2.440153
-2.431599
-2.417067
-2.415670
-2.412203
-2.396674
-2.390749
-2.380865
-2.371431
-2.377287
-2.400807
-2.405143
-2.423536
-2.418636
-2.410913
-2.414768
-2.415973
-2.416077
-2.414891
-2.416190
-2.424305
-2.422727
-2.418758
-2.417687
-2.416697
-2.419305
-2.420836
-2.421030
-2.410969
-2.404905
-2.394653
-2.404102
-2.401233
-2.403915
-2.410228
-2.402591
-2.402190
-2.407984
-2.412013
-2.412228
-2.425707
-2.441393
-2.440456
-2.431244
-2.421683
-2.425070
-2.422967
-2.421334
-2.408861
-2.412004
-2.411997
-2.420188
-2.430587
-2.423161
-2.421562
-2.427342
-2.423510
-2.417581
-2.412952
-2.416403
-2.428921
-2.436699
-2.426895
-2.416928
-2.414128
-2.409235
-2.412188
-2.424724
-2.437957
-2.439247
-2.430916
-2.438976
-2.452566
-2.447701
-2.431286
-2.411060
-2.413279
-2.416072
-2.415040
-2.402219
-2.393088
-2.407628
-2.419870
-2.422994
-2.412019
-2.408545
-2.414067
-2.410395
-2.420794
-2.428215
-2.422077
-2.408941
-2.403101
-2.396391
-2.400499
-2.416828
-2.408570
-2.401603
-2.406333
-2.412521
-2.413176
-2.410794
-2.422846
-2.424397
-2.415489
-2.401839
-2.405227
-2.409161
-2.415482
-2.420838
-2.426351
-2.435479
-2.430414
-2.422678
-2.427649
-2.426678
-2.420878
-2.412783
-2.398616
-2.405304
-2.401382
-2.400919
-2.415240
-2.419467
-2.415706
-2.413961
-2.397533
-2.373513
-2.375674
-2.389541
-2.395624
-2.415823
-2.410849
-2.409396
-2.402794
-2.396379
-2.387322
-2.391160
-2.405483
-2.413041
-2.405088
-2.394320
-2.384944
-2.388807
-2.396584
-2.406704
-2.409771
-2.403314
-2.401335
-2.391472
-2.379453
-2.376798
-2.390028
-2.400481
-2.393264
-2.378117
-2.371417
-2.389232
-2.395931
-2.382273
-2.383963
-2.385169
-2.376000
-2.372722
-2.386515
-2.395181
-2.389327
-2.384754
-2.382365
-2.372922
-2.386661
-2.404981
-2.393284
-2.376171
-2.365571
-2.376167
-2.391210
-2.390729
-2.391416
-2.400430
-2.393439
-2.375750
-2.373223
-2.383988
-2.395782
-2.388736
-2.388916
-2.393618
-2.395596
-2.408190
-2.413544
-2.399844
-2.391521
-2.391884
-2.406398
-2.413978
-2.410204
-2.408799
-2.406053
-2.401207
-2.401314
-2.403068
-2.398815
-2.408109
-2.419246
-2.403483
-2.400071
-2.410647
-2.399528
-2.376618
-2.371313
-2.378235
-2.390535
-2.407765
-2.407934
-2.410992
-2.414583
-2.403566
-2.403182
-2.402284
-2.400304
-2.404461
-2.414999
-2.400001
-2.395653
-2.417430
-2.416077
-2.417796
-2.423509
-2.406918
-2.399609
-2.394526
-2.401157
-2.395932
-2.397207
-2.409655
-2.421520
-2.418190
-2.413919
-2.418811
-2.427736
-2.425276
-2.423914
-2.408056
-2.396789
-2.409786
-2.420191
-2.408307
-2.401812
-2.387787
-2.389757
-2.409236
-2.415281
-2.409198
-2.412475
-2.404536
-2.393685
-2.396761
-2.401062
-2.403291
-2.402918
-2.406320
-2.413417
-2.409703
-2.408552
-2.398261
-2.391703
-2.393739
-2.399042
-2.416571
-2.422403
-2.416015
-2.416350
-2.406393
-2.390336
-2.386187
-2.403264
-2.421369
-2.412062
-2.397592
-2.394967
-2.398035
-2.396073
-2.395988
-2.407162
-2.414082
-2.405638
-2.405094
-2.401659
-2.397671
-2.400723
-2.407889
-2.405707
-2.397210
-2.396436
-2.402402
-2.391400
-2.387474
-2.392776
-2.395304
-2.382686
-2.375291
-2.370135
-2.372407
-2.381941
-2.381034
-2.391488
-2.403938
-2.396229
-2.385825
-2.386391
-2.387849
-2.370224
-2.396041
-2.369045
-2.380883
-2.379541
-2.386984
-2.397667
-2.403119
-2.397110
-2.394638
-2.393822
-2.400375
-2.405424
-2.395058
-2.385049
-2.385622
-2.388117
-2.393377
-2.393758
-2.381433
-2.385366
-2.382632
-2.396639
-2.395013
-2.390962
-2.379341
-2.396004
-2.400794
-2.399608
-2.380716
-2.364687
-2.368807
-2.380207
-2.387980
-2.391749
-2.371294
-2.379246
-2.383962
-2.374913
-2.378957
-2.381428
-2.384968
-2.391205
-2.388400
-2.385352
-2.395131
-2.397044
-2.400290
-2.398850
-2.395658
-2.393597
-2.392185
-2.391984
-2.389322
-2.392997
-2.392874
-2.388942
-2.387626
-2.404241
-2.415735
-2.403115
-2.393664
-2.407535
-2.403253
-2.400515
-2.388215
-2.382306
-2.403481
-2.416514
-2.411885
-2.400024
-2.397942
-2.402997
-2.411961
-2.419372
-2.409852
-2.410843
-2.427136
-2.434965
-2.428713
-2.425025
-2.413678
-2.415332
-2.412436
-2.415446
-2.428543
-2.437201
-2.435045
-2.410152
-2.407201
-2.424860
-2.432804
-2.422180
-2.421197
-2.418435
-2.419765
-2.416875
-2.417482
-2.412226
-2.410267
-2.423701
-2.429300
-2.420837
-2.406004
-2.405134
-2.412571
-2.415219
-2.409744
-2.392109
-2.390200
-2.397433
-2.398502
-2.413332
-2.413117
-2.405120
-2.409247
-2.408980
-2.416133
-2.428861
-2.430625
-2.405188
-2.398884
-2.401386
-2.396910
-2.398635
-2.400180
-2.389734
-2.407326
-2.407598
-2.399466
-2.399122
-2.408528
-2.396323
-2.374681
-2.365245
-2.390518
-2.396305
-2.407049
-2.412329
-2.400812
-2.401230
-2.411355
-2.422626
-2.422020
-2.413449
-2.409698
-2.403759
-2.398972
-2.405941
-2.397602
-2.404172
-2.412695
-2.414970
-2.402242
-2.389167
-2.391126
-2.385962
-2.391374
-2.389773
-2.392043
-2.407255
-2.408172
-2.401438
-2.400975
-2.404610
-2.409748
-2.412761
-2.413753
-2.410859
-2.405881
-2.413802
-2.420663
-2.410660
-2.396329
-2.387732
-2.384931
-2.395729
-2.396748
-2.420780
-2.435426
-2.418173
-2.414726
-2.414200
-2.406214
-2.395053
-2.394205
-2.407693
-2.413111
-2.410476
-2.402125
-2.395060
-2.407824
-2.418396
-2.401249
-2.386619
-2.404674
-2.410003
-2.409806
-2.405831
-2.408917
-2.415944
-2.423040
-2.430049
-2.416409
-2.414613
-2.412635
-2.429691
-2.436707
-2.422069
-2.411879
-2.423442
-2.420491
