-1.041467
-1.055281
-0.986322
-1.021609
-1.131555
-1.169079
-1.228598
-1.298299
-1.325514
-1.381334
-1.410447
-1.406590
-1.440691
-1.461799
-1.487703
-1.512572
-1.523915
-1.547515
-1.550727
-1.585980
-1.583497
-1.616480
-1.618594
-1.614061
-1.623955
-1.651520
-1.674618
-1.675556
-1.678666
-1.696616
-1.697143
-1.714057
-1.729190
-1.729066
-1.752696
-1.764217
-1.759530
-1.770807
-1.773726
-1.712204
-1.662450
-1.837605
-1.925165
-1.790679
-1.869005
-1.964421
-1.960319
-1.969178
-2.015250
-2.045657
-2.061915
-2.069085
-2.110130
-2.096947
-2.122511
-2.115814
-2.153384
-2.150979
-2.140156
-2.167928
-2.173280
-2.170531
-2.178838
-2.175889
-2.180160
-2.181924
-2.186581
-2.195123
-2.204526
-2.205502
-2.207840
-2.202587
-2.210245
-2.198014
-2.200800
-2.228449
-2.212286
-2.212307
-2.232897
-2.214861
-2.204446
-2.213817
-2.221369
-2.210472
-2.226070
-2.210726
-2.215349
-2.210869
-2.228127
-2.222309
-2.218894
-2.216735
-2.193153
-2.215176
-2.238011
-2.239288
-2.231425
-2.225662
-2.223820
-2.228651
-2.207037
-2.233535
-2.234912
-2.231694
-2.220292
-2.238875
-2.238414
-2.220172
-2.217116
-2.209006
-2.227607
-2.249216
-2.241550
-2.256415
-2.254217
-2.263211
-2.251884
-2.267380
-2.250701
-2.263238
-2.256760
-2.248660
-2.262279
-2.267027
-2.260444
-2.259181
-2.259726
-2.239809
-2.258697
-2.264013
-2.259959
-2.253506
-2.264815
-2.255749
-2.271120
-2.269512
-2.271682
-2.265230
-2.265881
-2.263628
-2.269129
-2.273912
-2.285460
-2.267370
-2.283339
-2.270635
-2.277769
-2.264447
-2.279682
-2.289258
-2.288287
-2.275456
-2.264983
-2.284270
-2.272541
-2.277963
-2.290658
-2.310894
-2.299688
-2.283821
-2.290670
-2.304985
-2.311294
-2.312212
-2.307354
-2.306741
-2.335178
-2.312176
-2.310147
-2.322618
-2.311615
-2.301153
-2.304797
-2.314110
-2.299289
-2.322188
-2.331223
-2.305285
-2.318624
-2.306933
-2.287735
-2.301916
-2.292531
-2.307212
-2.295995
-2.288686
-2.286461
-2.290238
-2.303816
-2.301839
-2.317469
-2.320742
-2.317164
-2.303778
-2.314379
-2.308411
-2.320527
-2.312885
-2.316885
-2.301394
-2.305888
-2.305988
-2.311625
-2.329888
-2.329892
-2.307418
-2.336419
-2.319995
-2.328157
-2.309265
-2.303111
-2.297216
-2.302709
-2.290640
-2.331569
-2.313048
-2.319888
-2.311212
-2.305676
-2.317003
-2.315682
-2.307691
-2.327885
-2.280772
-2.287773
-2.311216
-2.300343
-2.293117
-2.288707
-2.290823
-2.281709
-2.276847
-2.282697
-2.279768
-2.281201
-2.269712
-2.278290
-2.284326
-2.280450
-2.298414
-2.317189
-2.297754
-2.313917
-2.306558
-2.316170
-2.320461
-2.312797
-2.313770
-2.305554
-2.322947
-2.325887
-2.330834
-2.328113
-2.323182
-2.318301
-2.300396
-2.329769
-2.316234
-2.321334
-2.327333
-2.323465
-2.326879
-2.320114
-2.303607
-2.295422
-2.306158
-2.311018
-2.314979
-2.312738
-2.298632
-2.292977
-2.303405
-2.296756
-2.298117
-2.296247
-2.303543
-2.306403
-2.286982
-2.274478
-2.265217
-2.277119
-2.276628
-2.287189
-2.281664
-2.275485
-2.290376
-2.277638
-2.260029
-2.265007
-2.235927
-2.251659
-2.287372
-2.288121
-2.295181
-2.302828
-2.302282
-2.298144
-2.284604
-2.293139
-2.303288
-2.294106
-2.285717
-2.287426
-2.281766
-2.306323
-2.292962
-2.300820
-2.310053
-2.299828
-2.292328
-2.285009
-2.297209
-2.298318
-2.307904
-2.307809
-2.305848
-2.315124
-2.305307
-2.306490
-2.326796
-2.319081
-2.313955
-2.331262
-2.313123
-2.315806
-2.305244
-2.290615
-2.305904
-2.297210
-2.299021
-2.310940
-2.286059
-2.313985
-2.325633
-2.169313
-2.224512
-2.318879
-2.352395
-2.371692
-2.415164
-2.404787
-2.400595
-2.423716
-2.436235
-2.436216
-2.436790
-2.469302
-2.477681
-2.485444
-2.480060
-2.489487
-2.515043
-2.505704
-2.510390
-2.528652
-2.531208
-2.508203
-2.529666
-2.543768
-2.530242
-2.547414
-2.535416
-2.548319
-2.536325
-2.549323
-2.551533
-2.540337
-2.547585
-2.528058
-2.538607
-2.516689
-2.534191
-2.537101
-2.540039
-2.531378
-2.554518
-2.557476
-2.556224
-2.557249
-2.533908
-2.525340
-2.538081
-2.540159
-2.539923
-2.523739
-2.533075
-2.559501
-2.555939
-2.537024
-2.546387
-2.544135
-2.553456
-2.537503
-2.548901
-2.550724
-2.536642
-2.543548
-2.535545
-2.546899
-2.522036
-2.548169
-2.538611
-2.533265
-2.530728
-2.524334
-2.505840
-2.506547
-2.527696
-2.538485
-2.509965
-2.515289
-2.508253
-2.528478
-2.523413
-2.522694
-2.520409
-2.516721
-2.506853
-2.530125
-2.521187
-2.518435
-2.524030
-2.518438
-2.529359
-2.510798
-2.515237
-2.504095
-2.517650
-2.500518
-2.516269
-2.514101
-2.508605
-2.527887
-2.507701
-2.504876
-2.491523
-2.481218
-2.479222
-2.512868
-2.492477
-2.484772
-2.461768
-2.466948
-2.461185
-2.461438
-2.465645
-2.469350
-2.445098
-2.448818
-2.456476
-2.450651
-2.453092
-2.457600
-2.455520
-2.459091
-2.436460
-2.444426
-2.427124
-2.417192
-2.431605
-2.411902
-2.417307
-2.413376
-2.381997
-2.385041
-2.401179
-2.408549
-2.386399
-2.376571
-2.380163
-2.368072
-2.346395
-2.371119
-2.368765
-2.389544
-2.381995
-2.372181
-2.349292
-2.363856
-2.357532
-2.364711
-2.357831
-2.368514
-2.348793
-2.356290
-2.356651
-2.363759
-2.351045
-2.340299
-2.362705
-2.356182
-2.376621
-2.362487
-2.361873
-2.361903
-2.362124
-2.371108
-2.357091
-2.354897
-2.358922
-2.346793
-2.348043
-2.352148
-2.353738
-2.341963
-2.343559
-2.331931
-2.331717
-2.345891
-2.337513
-2.338581
-2.349888
-2.328567
-2.335644
-2.315153
-2.327560
-2.339208
-2.335406
-2.322819
-2.316356
-2.327443
-2.318248
-2.320678
-2.319293
-2.325535
-2.318215
-2.308268
-2.331157
-2.333593
-2.351231
-2.342012
-2.311157
-2.330359
-2.341987
-2.343351
-2.351231
-2.357630
-2.342724
-2.344627
-2.362647
-2.337570
-2.374082
-2.366866
-2.367152
-2.375932
-2.369294
-2.371145
-2.379773
-2.371298
-2.393322
-2.396128
-2.364943
-2.375276
-2.381627
-2.375944
-2.378403
-2.383547
-2.392435
-2.387665
-2.376141
-2.384695
-2.391808
-2.396046
-2.388079
-2.388509
-2.393836
-2.398064
-2.397994
-2.400307
-2.412875
-2.420182
-2.399288
-2.401355
-2.390253
-2.411981
-2.426386
-2.385235
-2.413483
-2.388067
-2.382835
-2.379571
-2.385696
-2.354918
-2.378915
-2.384668
-2.369778
-2.366022
-2.370100
-2.365322
-2.381588
-2.369481
-2.360827
-2.360879
-2.363321
-2.362048
-2.355515
-2.327258
-2.357846
-2.358542
-2.339620
-2.335113
-2.343052
-2.334962
-2.323140
-2.334093
-2.331504
-2.313257
-2.318220
-2.325912
-2.334014
-2.318348
-2.325093
-2.301538
-2.312682
-2.298988
-2.261068
-2.287816
-2.295135
-2.297052
-2.304274
-2.287231
-2.285498
-2.291669
-2.308999
-2.272982
-2.279494
-2.283291
-2.283481
-2.299257
-2.280780
-2.260769
-2.268393
-2.278986
-2.278924
-2.269123
-2.252315
-2.280141
-2.294133
-2.273246
-2.285286
-2.282481
-2.273648
-2.282846
-2.285692
-2.292903
-2.282968
-2.303690
-2.290702
-2.283196
-2.285626
-2.281406
-2.278857
-2.285146
-2.279675
-2.270620
-2.269406
-2.289226
-2.277968
-2.258910
-2.288062
-2.284358
-2.302958
-2.287287
-2.281907
-2.273344
-2.297692
-2.290402
-2.270202
-2.284282
-2.281991
-2.291119
-2.284207
-2.293863
-2.277556
-2.284147
-2.298874
-2.286146
-2.290920
-2.271173
-2.273776
-2.279544
-2.290171
-2.286157
-2.263836
-2.274503
-2.261524
-2.261035
-2.265789
-2.265235
-2.274098
-2.258405
-2.262413
-2.244530
-2.271576
-2.239427
-2.259703
-2.274756
-2.283558
-2.269080
-2.291780
-2.263871
-2.252277
-2.254605
-2.244900
-2.261866
-2.232914
-2.242773
-2.219034
-2.257018
-2.241328
-2.237896
-2.256026
-2.235497
-2.239335
-2.236399
-2.214929
-2.248185
-2.240418
-2.243181
-2.212841
-2.221157
-2.226898
-2.223287
-2.224212
-2.217581
-2.217209
-2.233179
-2.241610
-2.238303
-2.254496
-2.253604
-2.248814
-2.252649
-2.256279
-2.267908
-2.276029
-2.271509
-2.253141
-2.247309
-2.245899
-2.260866
-2.270854
-2.252946
-2.246625
-2.252743
-2.258256
-2.269787
-2.270237
-2.276292
-2.273343
-2.264895
-2.284316
-2.290019
-2.266088
-2.274024
-2.272588
-2.260890
-2.248463
-2.269300
-2.264287
-2.269639
-2.276868
-2.269160
-2.260650
-2.263554
-2.267583
-2.294717
-2.273672
-2.241881
-2.278992
-2.292613
-2.288397
-2.287371
-2.305506
-2.304533
-2.311655
-2.298415
-2.300268
-2.318949
-2.295079
-2.307585
-2.285920
-2.295944
-2.305224
-2.318469
-2.306149
-2.309937
-2.317558
-2.314577
-2.337707
-2.322898
-2.312560
-2.335056
-2.328503
-2.321387
-2.331036
-2.350421
-2.339370
-2.342934
-2.351360
-2.339888
-2.352745
-2.352548
-2.358452
-2.354432
-2.362267
-2.361569
-2.336942
-2.347705
-2.352123
-2.355860
-2.378510
-2.378260
-2.348481
-2.351893
-2.364913
-2.363249
-2.387475
-2.368024
-2.376592
-2.389285
-2.371052
-2.366746
-2.367333
-2.397022
-2.393022
-2.391644
-2.396410
-2.385019
-2.373348
-2.383857
-2.370407
-2.392298
-2.370880
-2.355353
-2.376240
-2.371839
-2.369960
-2.375196
-2.356443
-2.349168
-2.375931
-2.361655
-2.362360
-2.352417
-2.385423
-2.383943
-2.375872
-2.381728
-2.386480
-2.383458
-2.392545
-2.397521
-2.382010
-2.397712
-2.401794
-2.395257
-2.367428
-2.394954
-2.390806
-2.365790
-2.380974
-2.384339
-2.379144
-2.391507
-2.376626
-2.356548
-2.373526
-2.365584
-2.386660
-2.381516
-2.379221
-2.375391
-2.389043
-2.375941
-2.389856
-2.390933
-2.389511
-2.379203
-2.378519
-2.354065
-2.345477
-2.361653
-2.359031
-2.382669
-2.380861
-2.379577
-2.365631
-2.348766
-2.358090
-2.349846
-2.352838
-2.361904
-2.376802
-2.385153
-2.350277
-2.350447
-2.362626
-2.377603
-2.346930
-2.360891
-2.379244
-2.356378
-2.357515
-2.353520
-2.343728
-2.343321
-2.344564
-2.361892
-2.371719
-2.350813
-2.324462
-2.322316
-2.332593
-2.321393
-2.315278
-2.329964
-2.311319
-2.312979
-2.298226
-2.316758
-2.327474
-2.297751
-2.306122
-2.324866
-2.279065
-2.316061
-2.290902
-2.285099
-2.312544
-2.291436
-2.294288
-2.302221
-2.291584
-2.273884
-2.302268
-2.305428
-2.287010
-2.308930
-2.292170
-2.289047
-2.300663
-2.301051
-2.299634
-2.313419
-2.313084
-2.312711
-2.318787
-2.325492
-2.328571
-2.331556
-2.318825
-2.334363
-2.346591
-2.346538
-2.344302
-2.319769
-2.328545
-2.342183
-2.322394
-2.324021
-2.335742
-2.315786
-2.318939
-2.323181
-2.310631
-2.323315
-2.319805
-2.334550
-2.326464
-2.325836
-2.332614
-2.347005
-2.329463
-2.328501
-2.341519
-2.339526
-2.366075
-2.356425
-2.345802
-2.332113
-2.342187
-2.334360
-2.309809
-2.343842
-2.343906
-2.331398
-2.341277
-2.339149
-2.348805
-2.337583
-2.337835
-2.351788
-2.348582
-2.347232
-2.360806
-2.359064
-2.366257
-2.347369
-2.358482
-2.371823
-2.360177
-2.368103
-2.382804
-2.381163
-2.377573
-2.380978
-2.381806
-2.367570
-2.372420
-2.367797
-2.377224
-2.380338
-2.377638
-2.370484
-2.381855
-2.394025
-2.378980
-2.385389
-2.392089
-2.394365
-2.399184
-2.372494
-2.373771
-2.371322
-2.393096
-2.377789
-2.419356
-2.410211
-2.387981
-2.403785
-2.399567
-2.420997
-2.400667
-2.413204
-2.424863
-2.427215
-2.437470
-2.439644
-2.455736
-2.453035
-2.433715
-2.444643
-2.459078
-2.452281
-2.444107
-2.469582
-2.481149
-2.460974
-2.479783
-2.489028
-2.473342
-2.492525
-2.489823
-2.483697
-2.489179
-2.483301
-2.502057
-2.476359
-2.496872
-2.504851
-2.491063
-2.489166
-2.474006
-2.498727
-2.488411
-2.489358
-2.469170
-2.482301
-2.472664
-2.471902
-2.467093
-2.465379
-2.462185
-2.456832
-2.470979
-2.456306
-2.449034
-2.475173
-2.456191
-2.454736
-2.436895
-2.450342
-2.453569
-2.462695
-2.436093
-2.434088
-2.399790
-2.406082
-2.405184
-2.404909
-2.390139
-2.388060
-2.374467
-2.389210
-2.391988
-2.389603
-2.374035
-2.373285
-2.370063
-2.363080
-2.370178
-2.350253
-2.366263
-2.380738
-2.339557
-2.345860
-2.340021
-2.363337
-2.338779
-2.348545
-2.331027
-2.327470
-2.320535
-2.335337
-2.322733
-2.341652
-2.319904
-2.308872
-2.305551
-2.316939
-2.320698
-2.315555
-2.303361
-2.298352
-2.313076
-2.331951
-2.312737
-2.337319
-2.323770
-2.317757
-2.321189
-2.313910
-2.326819
-2.308397
-2.308152
-2.315079
-2.309993
-2.322880
-2.308130
-2.317992
-2.334118
-2.344098
-2.339005
-2.328032
-2.328169
-2.332026
-2.337501
-2.332483
-2.345743
-2.348014
-2.326730
-2.338915
-2.326424
-2.351820
-2.338464
-2.349641
-2.332145
-2.347624
-2.348037
-2.357193
-2.343370
-2.336936
-2.361926
-2.346032
-2.338631
-2.368571
-2.356791
-2.347452
-2.361480
-2.355200
-2.375815
-2.364595
-2.355060
-2.376837
-2.368540
-2.507937
-2.564877
-2.505845
-2.527530
-2.535243
-2.549833
-2.532583
-2.546468
-2.533731
-2.573379
-2.575362
-2.599452
-2.604551
-2.606231
-2.610510
-2.622673
-2.622033
-2.611006
-2.624010
-2.621531
-2.621380
-2.633471
-2.617892
-2.626378
-2.648311
-2.642466
-2.641168
-2.644101
-2.653291
-2.643422
-2.643952
-2.642293
-2.629620
-2.630943
-2.649643
-2.628668
-2.634540
-2.625061
-2.604315
-2.618958
-2.615479
-2.625534
-2.632839
-2.611037
-2.596602
-2.611195
-2.614091
-2.610613
-2.594456
-2.587407
-2.579174
-2.600341
-2.577305
-2.584770
-2.568733
-2.577094
-2.568525
-2.561616
-2.570346
-2.563520
-2.561991
-2.559620
-2.567198
-2.557667
-2.545339
-2.558494
-2.539082
-2.547653
-2.551445
-2.528793
-2.510315
-2.510845
-2.518983
-2.508399
-2.505460
-2.501819
-2.507255
-2.530285
-2.496216
-2.494487
-2.503967
-2.493613
-2.473727
-2.486513
-2.470717
-2.468729
-2.479404
-2.474651
-2.484614
-2.483768
-2.484317
-2.474868
-2.459365
-2.452562
-2.441309
-2.435704
-2.419020
-2.437421
-2.433569
-2.419745
-2.441290
-2.429635
-2.419125
-2.404458
-2.440465
-2.405876
-2.404761
-2.419031
-2.420593
-2.417659
-2.402603
-2.390223
-2.367311
-2.392592
-2.387922
-2.377675
-2.375664
-2.368080
-2.360798
-2.355108
-2.349457
-2.356945
-2.363301
-2.358454
-2.338365
-2.338750
-2.348681
-2.341504
-2.328957
-2.343079
-2.310205
-2.333654
-2.310151
-2.321677
-2.317169
-2.324322
-2.325074
-2.320868
-2.305680
-2.325095
-2.310582
-2.309445
-2.304917
-2.291996
-2.323822
-2.317931
-2.310709
-2.290547
-2.298126
-2.298628
-2.297843
-2.300425
-2.322805
-2.310306
-2.296977
-2.291691
-2.314817
-2.317770
-2.313503
-2.315983
-2.329210
-2.320403
-2.319533
-2.345896
-2.346983
-2.340399
-2.314190
-2.347036
-2.339017
-2.348036
-2.356484
-2.336266
-2.332498
-2.325119
-2.322955
-2.314367
-2.335739
-2.344925
-2.328690
-2.317752
-2.337870
-2.324954
-2.303935
-2.328369
-2.329039
-2.329244
-2.340392
-2.331868
-2.316977
-2.320898
-2.326445
-2.332211
-2.343182
-2.344093
-2.337714
-2.346582
-2.345959
-2.346976
-2.342145
-2.353617
-2.337047
-2.351366
-2.349243
-2.356185
-2.343362
-2.340519
-2.334481
-2.341280
-2.354668
-2.334202
-2.353152
-2.333327
-2.342794
-2.333140
-2.334548
-2.340300
-2.332204
-2.336652
-2.322908
-2.337366
-2.326233
-2.303954
-2.338241
-2.332517
-2.306583
-2.292474
-2.306895
-2.303018
-2.301553
-2.300093
-2.293404
-2.289744
-2.298619
-2.291779
-2.281871
-2.257263
-2.272444
-2.270394
-2.262919
-2.279261
-2.274654
-2.277474
-2.279401
-2.270293
-2.297277
-2.285904
-2.264758
-2.282578
-2.283706
-2.294144
-2.299088
-2.315480
-2.294436
-2.315411
-2.299702
-2.324783
-2.304912
-2.301007
-2.291494
-2.293235
-2.303429
-2.292160
-2.324737
-2.297608
-2.319757
-2.306017
-2.298233
-2.285469
-2.286921
-2.285652
-2.313434
-2.299693
-2.294634
-2.286043
-2.301580
-2.309552
-2.305630
-2.318329
-2.311361
-2.322156
-2.339980
-2.326041
-2.325985
-2.329922
-2.332000
-2.332491
-2.344111
-2.337659
-2.333570
-2.360862
-2.344146
-2.332934
-2.329197
-2.344291
-2.337771
-2.326154
-2.344562
-2.336543
-2.313009
-2.319151
-2.317248
-2.317562
-2.300183
-2.310333
-2.325922
-2.322036
-2.306609
-2.317027
-2.330426
-2.320956
-2.316633
-2.314431
-2.322725
-2.295822
-2.313525
-2.322839
-2.314470
-2.332602
-2.327046
-2.315937
-2.323190
-2.305154
-2.307016
-2.304052
