1.495613
1.508106
1.503844
1.500247
1.521129
1.494429
1.494809
1.506580
1.507316
1.483971
1.505677
1.492150
1.506660
1.504322
1.514962
1.496102
1.503857
1.498352
1.496763
1.495117
1.497397
1.511810
1.497125
1.502385
1.490491
1.502301
1.518027
1.499308
1.501070
1.509214
1.487814
1.493466
1.510312
1.501920
1.504414
1.497832
1.506770
1.487846
1.497631
1.489619
1.497566
1.492592
1.514957
1.487163
1.488042
1.488521
1.516514
1.488892
1.497351
1.506014
1.500741
1.501857
1.480259
1.505401
1.474964
1.490245
1.480548
1.493162
1.516991
1.497871
1.529499
1.519857
1.504269
1.498130
1.505294
1.498712
1.510994
1.484583
1.506836
1.502751
1.504358
1.499582
1.482842
1.496701
1.486453
1.513354
1.504285
1.509821
1.506601
1.508927
1.490698
1.507544
1.509770
1.500224
1.514175
1.498423
1.489013
1.489856
1.514173
1.492101
1.488352
1.506478
1.495010
1.502231
1.503333
1.491253
1.496421
1.492642
1.485958
1.503385
1.493545
1.492626
1.474812
1.501621
1.494804
1.506597
1.503427
1.498349
1.506535
1.498919
1.507162
1.504645
1.481723
1.490581
1.500998
1.494476
1.494173
1.496438
1.491985
1.498268
1.505136
1.503057
1.499863
1.492798
1.518080
1.507156
1.513925
1.503931
1.496528
1.487376
1.504639
1.492591
1.508915
1.502472
1.470229
1.501951
1.497436
1.515387
1.494433
1.502872
1.507654
1.490925
1.516285
1.507913
1.511016
1.481315
1.490993
1.493249
1.490222
1.513171
1.478182
1.508936
1.479134
1.494252
1.496953
1.499385
1.514686
1.497070
1.514477
1.517567
1.509568
1.504653
1.498127
1.495451
1.523407
1.500704
1.503638
1.497880
1.474469
1.501961
1.500221
1.492722
1.502158
1.495209
1.509931
1.500752
1.507177
1.495580
1.492025
1.505093
1.499594
1.492349
1.493181
1.506102
1.499540
1.497447
1.511932
1.511942
1.498223
1.504277
1.513237
1.510640
1.475349
1.490737
1.483724
1.510505
1.484592
1.507434
1.512683
1.493901
1.510343
1.509543
1.517896
1.496211
1.506569
1.493046
1.510221
1.523196
1.498606
1.502282
1.503660
1.500775
1.506977
1.504143
1.514440
1.513089
1.491872
1.505705
1.507389
1.496164
1.487897
1.494986
1.477651
1.489840
1.506684
1.500272
1.503486
1.497051
1.506972
1.499605
1.488177
1.490573
1.526589
1.490353
1.518780
1.493597
1.491498
1.482443
1.512463
1.510876
1.488569
1.498467
1.508163
1.491663
1.477485
1.500151
1.499114
1.509516
1.489940
1.510704
1.502171
1.504066
1.495514
1.497745
1.500119
1.500731
1.496465
1.492555
1.502884
1.506014
1.476166
1.499795
1.501201
1.492655
1.478944
1.500649
1.503467
1.506228
1.487080
1.501896
1.490460
1.505971
1.498969
1.503982
1.493380
1.499602
1.497393
1.507384
1.498885
1.497811
1.501365
1.498159
1.495193
1.498695
1.500417
1.501265
1.503258
1.500677
1.498578
1.504374
1.481200
1.505582
1.500031
1.513433
1.508634
1.495334
1.483352
1.508688
1.516389
1.497543
1.487681
1.503379
1.491131
1.499685
1.487856
1.487191
1.509237
1.493971
1.513963
1.494563
1.521816
1.501560
1.505757
1.512082
1.491983
1.498417
1.502957
1.502567
1.495728
1.502455
1.523041
1.488847
1.512460
1.497991
1.491743
1.498303
1.495191
1.503308
1.492540
1.497862
1.512641
1.504339
1.500177
1.491772
1.494218
1.502372
1.493057
1.497775
1.498743
1.498023
1.493597
1.500873
1.493737
1.507501
1.489895
1.504660
1.495386
1.494675
1.489221
1.502935
1.493570
1.498693
1.489314
1.493553
1.501328
1.498687
1.504986
1.513328
1.494848
1.486479
1.517095
1.493246
1.510791
1.503328
1.497984
1.499919
1.498814
1.507466
1.518374
1.489458
1.519798
1.508937
1.500832
1.488327
1.504409
1.497080
1.476992
1.497739
1.500014
1.494399
1.503432
1.505251
1.503976
1.499615
1.506940
1.503606
1.509737
1.513716
1.486155
1.517265
1.496589
1.500576
1.489616
1.501769
1.506147
1.498131
1.468513
1.485507
1.505718
1.491023
1.496034
1.503558
1.489588
1.507027
1.513810
1.503882
1.489390
1.496599
1.494375
1.494707
1.493163
1.492537
1.508862
1.501558
1.487689
1.503488
1.497887
1.488568
1.512708
1.514121
1.510021
1.506779
1.511622
1.498480
1.495571
1.503654
1.496847
1.499144
1.517736
1.492972
1.500669
1.501151
1.509186
1.489425
1.498455
1.493774
1.505851
1.499085
1.482869
1.499236
1.492600
1.501784
1.500057
1.498443
1.483885
1.496521
1.507918
1.498051
1.513647
1.503027
1.494354
1.497150
1.488346
1.488516
1.502706
1.509056
1.531408
1.493902
1.489699
1.493290
1.511212
1.504188
1.515525
1.507108
1.483463
1.506821
1.485066
1.498273
1.491038
1.494098
1.511864
1.492959
1.503939
1.498391
1.516629
1.489884
1.486339
1.502995
1.503449
1.501294
1.476394
1.501005
1.500933
1.507494
1.506702
1.507440
1.503004
1.497633
1.516074
1.495036
1.494186
1.503929
1.496922
1.505661
1.497660
1.506453
1.488144
1.491784
1.495175
1.496606
1.494105
1.489740
1.495749
1.508914
1.508606
1.494082
1.501369
1.500825
1.479153
1.498091
1.481963
1.506955
1.484410
1.514930
1.486185
1.495766
1.497058
1.499599
1.487880
1.493011
1.509844
1.500740
1.494124
1.505387
1.505271
1.493418
1.514954
1.499319
1.504972
1.500926
1.495603
1.517942
1.500576
1.498974
1.484478
1.506714
1.483076
1.500758
1.508704
1.494650
1.498458
1.506557
1.503048
1.491639
1.488847
1.498717
1.499742
1.500620
1.510582
1.493183
1.483385
1.484615
1.511633
1.502164
1.514294
1.497751
1.510009
1.492630
1.504780
1.498127
1.513533
1.494152
1.508951
1.501250
1.485545
1.487078
1.510707
1.517924
1.507695
1.499272
1.509684
1.504083
1.482161
1.493609
1.487800
1.506875
1.489405
1.505347
1.496823
1.507432
1.501654
1.506653
1.502108
1.508741
1.494002
1.489126
1.494143
1.495444
1.515228
1.498989
1.487783
1.497774
1.507354
1.498768
1.508296
1.497317
1.497272
1.503293
1.510599
1.504541
1.504490
1.498909
1.504811
1.501875
1.501349
1.502750
1.494334
1.487686
1.493569
1.507705
1.490506
1.492033
1.493316
1.497753
1.489312
1.490591
1.509765
1.498685
1.484055
1.498622
1.497964
1.511083
1.508468
1.506089
1.488700
1.495878
1.488310
1.502903
1.499466
1.495461
1.510357
1.508177
1.531622
1.496797
1.501827
1.485958
1.500583
1.497906
1.511600
1.500475
1.492752
1.494900
1.487211
1.498216
1.488533
1.492497
1.494968
1.490968
1.478383
1.502491
1.493978
1.498112
1.509684
1.498224
1.517440
1.505027
1.485475
1.502291
1.490048
1.504166
1.514700
1.497223
1.487827
1.498561
1.481496
1.503531
1.487816
1.498300
1.502220
1.499695
1.500828
1.501226
1.492659
1.497383
1.490398
1.502539
1.497481
1.511040
1.517517
1.500355
1.498440
1.499431
1.498232
1.505771
1.497140
1.497417
1.510535
1.504002
1.502087
1.506123
1.501416
1.505887
1.488274
1.491818
1.503389
1.494540
1.493839
1.507692
1.491787
1.488267
1.484252
1.498164
1.503672
1.510960
1.504133
1.493376
1.483377
1.500723
1.498107
1.504667
1.499796
1.503202
1.497560
1.510080
1.493209
1.496937
1.505309
1.506093
1.489876
1.511515
1.509373
1.506469
1.498495
1.510276
1.490315
1.500455
1.526308
1.498453
1.521968
1.514918
1.497680
1.499661
1.500209
1.499660
1.488474
1.494925
1.507943
1.505332
1.503459
1.509809
1.507619
1.504144
1.494678
1.495694
1.509522
1.495213
1.494790
1.500864
1.499624
1.499569
1.510937
1.499533
1.494432
1.507805
1.503123
1.505963
1.516529
1.492818
1.487967
1.499976
1.482195
1.504127
1.503119
1.496220
1.493733
1.499038
1.484095
1.489638
1.492515
1.491156
1.498109
1.490638
1.515123
1.505424
1.508783
1.504167
1.503908
1.503714
1.502462
1.498484
1.490481
1.500652
1.501598
1.500094
1.513644
1.496400
1.493288
1.491053
1.500025
1.496279
1.491180
1.493256
1.508404
1.502523
1.480600
1.495794
1.496341
1.501514
1.501475
1.504480
1.495824
1.499912
1.503252
1.507669
1.491365
1.500843
1.489655
1.505121
1.482366
1.490661
1.516050
1.489012
1.493872
1.499273
1.491139
1.490523
1.492712
1.494955
1.495408
1.490968
1.493572
1.494830
1.508931
1.487291
1.509937
1.513429
1.508293
1.510804
1.482613
1.499157
1.521294
1.507583
1.493261
1.495332
1.485314
1.503930
1.520753
1.498475
1.508982
1.505111
1.499705
1.496618
1.505099
1.516483
1.495658
1.492870
1.490352
1.500715
1.498174
1.499723
1.477619
1.493958
1.493991
1.508383
1.486681
1.497681
1.500933
1.501113
1.509847
1.509415
1.509992
1.501095
1.499669
1.495799
1.514820
1.498412
1.477172
1.499483
1.494052
1.514779
1.498975
1.497647
1.510674
1.507227
1.504826
1.492430
1.503697
1.495042
1.498880
1.497204
1.504046
1.493513
1.516681
1.493986
1.480505
1.499571
1.520911
1.502612
1.505196
1.503669
1.482042
1.494838
1.481219
1.513647
1.500871
1.498596
1.501648
1.502926
1.489102
1.488855
1.499080
1.507011
1.507933
1.499506
1.489993
1.492380
1.486053
1.509905
1.501495
1.494838
1.498955
1.505171
1.486434
1.514379
1.478854
1.502905
1.484672
1.494370
1.503890
1.491139
1.516599
1.515973
1.498235
1.508850
1.499081
1.497291
1.494362
1.502075
1.502608
1.509183
1.514744
1.490169
1.514776
1.495625
1.478393
1.491361
1.489962
1.500361
1.506996
1.500581
1.486980
1.501549
1.480731
1.510667
1.482960
1.495564
1.490248
1.507657
1.494202
1.496965
1.504795
1.509626
1.507120
1.502858
1.514452
1.504480
1.498824
1.501333
1.505409
1.492494
1.494708
1.494229
1.491154
1.490291
1.493635
1.495050
1.503833
1.503461
1.513535
1.499735
1.475216
1.497400
1.495106
1.506573
1.499894
1.493414
1.504251
1.507485
1.492621
1.491528
1.489179
1.489902
1.485943
1.497711
1.498829
1.503437
1.499512
1.493022
1.494859
1.512762
1.497753
1.497487
1.511582
1.495869
1.498010
1.506738
1.507036
1.503961
1.489222
1.495435
1.524636
1.509311
1.480241
1.504222
1.484132
1.505903
1.508458
1.496380
1.493661
1.496755
1.485578
1.507214
1.496033
1.506360
1.479964
1.504846
1.518065
1.507472
1.500533
1.503328
1.507383
1.500911
1.490954
1.490211
1.507053
1.500972
1.504375
1.496313
1.489937
1.496266
1.485401
1.511220
1.492732
1.496753
1.522848
1.502583
1.506505
1.499787
1.505711
1.501231
1.489818
1.505153
1.493758
1.493736
1.503626
1.510141
1.493102
1.497276
1.490844
1.505622
1.506493
1.500747
1.498764
1.496972
1.493539
1.511714
1.495088
1.503958
1.493973
1.493734
1.480591
1.495377
1.495216
1.505811
1.506495
1.502466
1.482474
1.497734
1.504565
1.491281
1.491194
1.506882
1.499203
1.500559
1.504267
1.488476
1.515775
1.505932
1.509209
1.493191
1.500024
1.495486
1.521229
1.490845
1.487708
1.498710
1.496159
1.504699
1.514346
1.497075
1.522927
1.496066
1.500002
1.485233
1.508774
1.506390
1.483796
1.502649
1.498843
1.503452
1.493558
1.511268
1.503013
1.485286
1.512571
1.492571
1.490294
1.511738
1.494193
1.504929
1.511121
1.511008
1.505130
1.515992
1.496681
1.510471
1.503425
1.493646
1.513698
1.522044
1.520843
1.491193
1.502246
1.494723
1.507528
1.503895
1.499471
1.501502
1.502982
1.494287
1.493086
1.505881
1.496665
1.503924
1.488253
1.513559
1.520557
1.492549
1.494905
1.492202
1.477960
1.506802
1.512681
1.503499
1.494850
1.499748
1.495477
1.494100
1.476661
1.485840
1.495025
1.501213
1.500946
1.495763
1.488369
1.488900
1.498817
1.493786
1.515678
1.504434
1.491243
1.495072
1.494073
1.501933
1.484862
1.511916
1.486101
1.488020
1.505760
1.500695
1.517520
1.493854
1.497412
1.497111
1.502197
1.504686
1.493188
1.495607
1.514507
1.487221
1.479104
1.496784
1.489238
1.498509
1.495672
1.506243
1.508816
1.500938
1.499814
1.501466
1.506002
1.490309
1.512263
1.507682
1.509000
1.505474
1.495864
1.503109
1.503960
1.506431
1.500614
1.504223
1.471924
1.501493
1.499828
1.497800
1.508159
1.500752
1.507287
1.506403
1.498463
1.512234
1.477407
1.502329
1.484611
1.502151
1.494630
1.505918
1.491621
1.519268
1.491288
1.488375
1.502947
1.496645
1.506574
1.505453
1.516657
1.504291
1.479389
1.498245
1.522108
1.496015
1.501632
1.491555
1.509156
1.489754
1.488949
1.506041
1.493755
1.505834
1.516479
1.497730
1.503645
1.502034
1.483085
1.508066
1.494350
1.489420
1.498742
1.502708
1.498559
1.491606
1.489214
1.496593
1.498209
1.496424
1.518275
1.493407
1.493487
1.494570
1.497834
1.496560
1.523779
1.504547
1.499123
1.495227
1.489422
1.503547
1.506758
1.495169
1.483691
1.504761
1.509382
1.494546
1.498901
1.486358
1.492829
1.493099
1.500267
1.508298
1.500905
1.502256
1.499934
1.516211
1.490262
1.505111
1.497231
1.494526
1.494474
1.502360
1.491615
1.512423
1.494064
1.507494
1.493341
1.498384
1.514147
1.498875
1.490132
1.505999
1.484036
1.499426
1.483536
1.500834
1.510205
1.500771
1.495758
1.491660
1.487024
1.495604
1.499123
1.495735
1.501911
1.515026
1.519343
1.504831
1.503965
1.500632
1.518572
1.495716
1.484947
1.509073
1.514597
1.501681
1.496774
1.502426
1.514930
1.500056
1.502405
1.497858
1.494545
1.489902
1.489693
1.510486
1.479988
1.495806
1.506591
1.493365
1.489363
1.509899
1.517715
1.506178
1.514136
1.501414
1.497417
1.504984
1.501141
1.495710
1.518877
1.507304
1.497690
1.507013
1.488274
1.496906
1.489177
1.506267
1.482283
1.507334
1.480686
1.508142
1.506664
1.501462
1.504333
1.503826
1.506415
1.500879
1.499233
1.505902
1.492096
1.500512
1.486296
1.499706
1.487241
1.497671
1.498638
1.489365
1.492146
1.503111
1.508420
1.496764
1.506354
1.496829
1.490651
1.499631
1.512258
1.509812
1.488036
1.497255
1.500884
1.500396
1.497952
1.488547
1.499873
1.486210
1.489988
1.502249
1.493739
1.495598
1.484365
1.508006
1.498359
1.498698
1.521320
1.498760
1.508713
1.501238
1.489568
1.499403
1.486496
1.500170
1.475409
1.500728
1.512410
1.501318
1.492414
1.506305
1.506451
1.496215
1.496284
1.506113
1.510240
1.505160
1.501037
1.495948
1.496336
1.498902
1.477886
1.493980
1.501263
1.508227
1.507420
1.505934
1.482817
1.497633
1.493720
1.504210
1.522220
1.505952
1.496010
1.493008
1.496244
1.498981
1.498404
1.502758
1.499621
1.509073
1.508178
1.487451
1.514382
1.510911
1.498229
1.499462
1.499905
1.503391
1.495504
1.500592
1.507535
1.500651
1.509916
1.504444
1.519071
1.499169
1.502596
1.504387
1.500253
1.506132
1.484766
1.508074
1.492781
1.508786
1.501018
1.507231
1.515780
1.505785
1.512282
1.494001
1.495442
1.507909
1.517763
1.509778
1.507723
1.493583
1.506814
1.502146
1.508041
1.503171
1.502074
1.489795
1.497864
1.498121
1.500469
1.499174
1.491486
1.498385
1.501046
1.497195
1.499633
1.501058
1.489236
1.498394
1.491006
1.497410
1.505240
1.514051
1.501799
1.504104
1.475431
1.495071
1.504105
1.496526
1.496500
1.490744
1.502843
1.503472
1.495050
1.488819
1.500674
1.492673
1.503338
1.501178
1.496744
1.493088
1.502264
1.494470
1.502907
1.493303
1.489471
1.491923
1.508096
1.509656
1.526161
1.500325
1.516304
1.495667
1.487518
1.500975
1.489504
1.501523
1.493407
1.502049
1.486620
1.491383
1.506863
1.503141
1.501335
1.499074
1.474936
1.493071
1.485204
1.500868
1.502350
1.511307
1.502125
1.506184
1.501076
1.497210
1.484831
1.491809
1.497484
1.500133
1.491151
1.500942
1.475152
1.505475
1.506791
1.506258
1.503148
1.503684
1.502891
1.513269
1.497436
1.493553
1.511951
1.508078
1.503989
1.503712
1.508286
1.494153
1.503778
1.498699
1.513710
1.506070
1.500109
1.497872
1.508605
1.506869
1.529768
1.499657
1.500964
1.503762
1.500012
1.510600
1.490337
1.495691
1.498996
1.517769
1.490449
1.515431
1.501004
1.494951
1.495576
1.503351
1.497974
1.503866
1.494572
1.499451
1.517872
1.501197
1.505507
1.498572
1.503000
1.507746
1.511153
1.504269
1.482259
1.502578
1.510418
1.484005
1.505176
1.501970
1.507787
1.495657
1.499410
1.502881
1.521053
1.500807
1.504852
1.494778
1.498856
1.507358
1.488653
1.511039
1.477312
1.499293
1.521287
1.488744
1.502018
1.513248
1.487534
1.501578
1.485133
1.506688
1.501229
1.510424
1.507611
1.491994
1.475383
1.499644
1.493385
1.491136
1.510091
1.501217
1.504797
1.514932
1.478578
1.513185
1.514731
1.499428
1.502163
1.496310
1.504070
1.501283
1.508536
1.497245
1.493888
1.501468
1.505381
1.513085
1.502450
1.502832
1.504612
1.506463
1.499370
1.480587
1.487815
1.498222
1.490340
1.507169
1.514316
1.505243
1.483834
1.503571
1.505849
1.510119
1.506206
1.490615
1.505708
1.510691
1.477301
1.504823
1.498668
1.495678
1.496211
1.505327
1.504774
1.511633
1.491631
1.500793
1.484386
1.490428
1.489355
1.505545
1.490574
1.501447
1.498549
1.504373
1.513796
1.498992
1.504812
1.490599
1.504425
1.488858
1.507780
1.513804
1.493543
1.510327
1.506431
1.499171
1.498495
1.498457
1.487983
1.506002
1.491066
1.497375
1.518965
1.485125
1.510053
1.490023
1.517444
1.502008
1.525935
1.501600
1.515712
1.499904
1.481331
1.488361
1.496361
1.507561
1.476742
1.492333
1.499638
1.496131
1.506224
1.499332
1.491656
1.491697
1.493554
1.487670
1.513305
1.489819
1.512395
1.499681
1.500612
1.503308
1.509336
1.489350
1.487722
1.502000
1.515679
1.508795
1.476312
1.492794
1.510513
1.501394
1.494848
1.489383
1.486947
1.485949
1.497307
1.496909
1.495845
1.501755
1.499403
1.513294
1.493291
1.505240
1.512976
1.498472
1.506926
1.505911
1.489193
1.501820
1.478819
1.501404
1.505705
1.496541
1.492730
1.494899
1.499305
1.495172
1.507536
1.498315
1.493826
1.497646
1.494976
1.504905
1.505778
1.501547
1.495083
1.496725
1.497815
1.488519
1.527731
1.501228
1.488508
1.507183
1.487712
1.503766
1.490652
1.492963
1.502166
1.492109
1.508030
1.502423
1.489596
1.491493
1.492466
1.494230
1.509401
1.490424
1.502741
1.499782
1.509134
1.502631
1.507145
1.498022
1.489256
1.505613
1.483585
1.497930
1.502181
1.502733
1.512526
1.494281
1.494529
1.508101
1.507418
1.477329
1.496822
1.503312
1.515352
1.498885
1.507124
1.500952
1.513496
1.492726
1.499264
1.505280
1.501647
1.503847
1.492477
1.510130
1.506517
1.500344
1.496054
1.497654
1.510194
1.501303
1.504015
1.491383
1.489651
1.505491
1.505928
1.498239
1.505535
1.501227
1.495065
1.499382
1.498917
1.508616
1.514472
1.495200
1.485509
1.497553
1.512788
1.504785
1.501817
1.507973
1.500533
1.494951
1.488702
1.488193
1.516753
1.502715
1.504256
1.491393
1.516685
1.498652
1.492346
1.497566
1.509493
1.502479
1.498023
1.504636
1.496897
1.509859
1.489001
1.491098
1.507016
1.489445
1.503053
1.513398
1.492229
1.507019
1.509091
1.509808
1.494567
1.499708
1.490292
1.486738
1.515499
1.503288
1.518848
1.511663
1.517685
1.503095
1.489892
1.503438
1.506728
1.507539
1.520520
1.503813
1.504586
1.502441
1.500727
1.491009
1.508257
1.501640
1.500225
1.489829
1.487608
1.494505
1.508801
1.513602
1.489334
1.496210
1.494918
1.508866
1.491779
1.502802
1.485225
1.492641
1.485490
1.510640
1.499136
1.495667
1.497217
1.497156
1.521035
1.506486
1.509301
1.501380
1.501151
1.490156
1.513839
1.499876
1.494460
1.512140
1.519845
1.491457
1.499033
1.500301
1.495447
1.501428
1.493835
1.496960
1.494296
1.514356
1.497290
1.500009
1.507052
1.495631
1.499819
1.500509
1.511382
1.494247
1.505444
1.511214
1.502195
1.493540
1.493179
1.496649
1.488670
1.510381
1.501336
1.493318
1.504970
1.491906
1.510745
1.494456
1.501800
1.497691
1.498320
1.500746
1.494815
1.490277
1.502930
1.499006
1.496090
1.503051
1.487278
1.503505
1.519788
1.496596
1.504842
1.496996
1.490365
1.510428
1.508870
1.504480
1.503744
1.502881
1.475586
1.506215
1.498500
1.503284
1.499797
1.490725
1.477010
1.496032
1.510884
1.487310
1.504303
1.509411
1.501384
1.492574
1.501968
1.495996
1.508914
1.497650
1.506600
1.498356
1.495464
1.498359
1.495838
1.504777
1.503223
1.503396
1.502190
1.512126
1.491320
1.513654
1.491361
1.502863
1.488817
1.502339
1.499716
1.487746
1.524753
1.488907
1.500773
1.487418
1.503946
1.503841
1.512692
1.519076
1.487472
1.504737
1.521054
1.508511
1.508271
1.493898
1.504497
1.502789
1.512493
1.513567
1.497955
1.497176
1.491504
1.501700
1.499168
1.491220
1.490812
1.510635
1.504568
1.506737
1.513892
1.484212
1.503440
1.504473
1.492706
1.501340
1.516264
1.501539
1.492610
1.507172
1.498124
1.501463
1.502135
1.494566
1.491726
1.517208
1.503436
1.492994
1.495897
1.501837
1.500319
1.500772
1.512385
1.497272
1.526216
1.487376
1.508814
1.484384
1.502009
1.499308
1.490080
1.508798
1.511363
1.494657
1.496816
1.504688
1.528618
1.494154
1.513668
1.496663
1.499381
1.501697
1.478063
1.490850
1.498885
1.501811
1.493028
1.510791
1.486219
1.498801
1.497285
1.489675
1.512588
1.501570
1.511908
1.490688
1.507667
1.497657
1.503795
1.512032
1.489799
1.493403
1.495946
1.505034
1.500892
1.488763
1.513094
1.502073
1.494836
1.502972
1.515758
1.493188
1.498120
1.505699
1.499985
1.512356
1.506129
1.504272
1.503573
1.489541
1.509126
1.501683
1.502598
1.499543
1.498638
1.490860
1.507637
1.515430
1.502321
1.489110
1.510822
1.500058
1.491516
1.493688
1.501289
1.500446
1.507779
1.492625
1.501119
1.497219
1.486093
1.493766
1.509879
1.508041
1.503547
1.497870
1.491567
1.497705
1.510923
1.503135
1.484221
1.505380
1.492902
1.493536
1.495393
1.492251
1.504721
1.513165
1.487221
1.497797
1.490844
1.510692
1.482005
1.501586
1.506681
1.492601
1.519655
1.490533
1.491967
1.499289
1.499077
1.505917
1.491189
1.510543
1.494396
1.508030
1.500060
1.495986
1.492792
1.490747
1.502085
1.517211
1.473407
1.492525
1.510731
1.493416
1.498740
1.497097
1.476649
1.506588
1.490696
1.498468
1.508638
1.514156
1.499709
1.500035
1.505494
1.501084
1.519460
1.502443
1.489610
1.496568
1.517573
1.492073
1.491191
1.484769
1.497749
1.488014
1.520695
1.495578
1.479249
1.499325
1.497742
1.487596
1.503072
1.495664
1.488753
1.495341
1.498661
1.503680
1.509123
1.492459
1.510368
1.498951
1.520682
1.506725
1.500528
1.495400
1.498793
1.500626
1.496429
1.510789
1.481539
1.497651
1.489548
1.485435
1.512844
1.502532
1.489082
1.498498
1.501416
1.489370
1.496706
1.493859
1.514417
1.498753
1.493482
1.495060
1.487363
1.505466
1.494467
1.511326
1.493527
1.495735
1.488535
1.499956
1.497222
1.492385
1.511665
1.487984
1.488126
1.487276
1.502672
1.505680
1.497575
1.483971
1.502954
1.496653
1.502646
1.493838
1.500683
1.491707
1.503759
1.499881
1.484847
1.493055
1.482643
1.499264
1.496726
1.487040
1.482339
1.503101
1.485046
1.499839
1.515528
1.504021
1.500139
1.501039
1.481226
1.489533
1.487459
1.487121
1.520652
1.509287
1.486626
1.495898
1.501102
1.481280
1.493308
1.505911
1.494179
1.501037
1.488655
1.494431
1.519481
1.502587
1.487920
1.503397
1.497602
1.495901
1.495151
1.495961
1.495728
1.492613
1.508666
1.503449
1.508137
1.494503
1.498845
1.485226
1.504995
1.511923
1.503906
1.514457
1.516794
1.495495
1.497052
1.493608
1.512687
1.496095
1.494285
1.494830
1.507653
1.501657
1.496160
1.501894
1.489400
1.503374
1.528454
1.486610
1.513836
1.501458
1.491430
1.489396
1.497206
1.506805
1.492172
1.488960
1.506154
1.514073
1.487323
1.493087
1.492349
1.504608
1.523940
1.502635
1.515354
1.515986
1.489009
1.503793
1.483544
1.505235
1.521415
1.506301
1.506171
1.506009
1.499103
1.494300
1.506924
1.515142
1.496870
1.495146
1.493056
1.506088
1.477959
1.492897
1.505292
1.494092
1.495847
1.503434
1.484497
1.504026
1.504312
1.503567
1.492638
1.502430
1.511126
1.492026
1.510585
1.498452
1.506940
1.503829
1.500309
1.502237
1.483681
1.507300
1.498565
1.493176
1.508097
1.504767
1.505207
1.514886
1.487521
1.508218
1.506976
1.488797
1.494566
1.497392
1.494048
1.507771
1.499655
1.504782
1.510831
1.499042
1.520442
1.482460
1.499221
1.501755
1.529227
1.512865
1.493755
1.503343
1.493603
1.493711
1.511273
1.492836
1.495892
1.500365
1.516533
1.506624
1.505335
1.494813
1.482514
1.505507
1.495499
1.488746
1.496013
1.485183
1.497071
1.488452
1.494090
1.508613
1.497469
1.495450
1.507390
1.507330
1.506189
1.506130
1.510525
1.497561
1.499931
1.502685
1.485299
1.506507
1.494435
1.500762
1.506076
1.495401
1.483347
1.514371
1.515807
1.506517
1.508683
1.501854
1.503282
1.502309
1.516640
1.506812
1.509751
1.500274
1.473223
1.504788
1.506283
1.495354
1.500707
1.503165
1.504705
1.500031
1.512851
1.497207
1.506862
1.497706
1.472674
1.505014
1.492489
1.502663
1.501697
1.500584
1.491248
1.510913
1.494969
1.496463
1.491130
1.499452
1.525479
1.507676
1.503003
1.499566
1.486164
1.495708
1.519025
1.500458
1.505294
1.491876
1.500250
1.499197
1.467400
1.504767
1.482878
1.492244
1.490163
1.499147
1.507994
1.496354
1.494075
1.495910
1.500641
1.497275
1.495537
1.500955
1.519089
1.504329
1.517157
1.487586
1.499403
1.502414
1.499795
1.493390
1.503456
1.510376
1.511216
1.498132
1.510315
1.495947
1.514500
1.493471
1.509720
1.487273
1.481934
1.495716
1.508041
1.490472
1.510891
1.503721
1.526200
1.502130
1.490805
1.498004
1.503412
1.507703
1.502485
1.511555
1.497265
1.490765
1.512873
1.492583
1.496824
1.505586
1.506887
1.495469
1.501568
1.492811
1.488130
1.495966
1.521618
1.488890
1.491082
1.495260
1.503494
1.491644
1.479008
1.496344
1.519294
1.487383
1.510420
1.516474
1.495096
1.499775
1.506096
1.500136
1.511397
1.506583
1.501122
1.511365
1.473202
1.484979
1.501942
1.501368
1.504481
1.502343
1.494014
1.506577
1.515486
1.491462
1.489555
1.492925
1.490510
1.510617
1.485321
1.507607
1.484204
1.494346
1.500427
1.489276
1.514858
1.511484
1.510080
1.509454
1.503905
1.491800
1.517411
1.504292
1.495166
1.500224
1.492218
1.492732
1.503440
1.491555
1.488245
1.503441
1.493104
1.504969
1.499481
1.496343
1.484676
1.503851
1.499781
1.503489
1.489517
1.502797
1.492666
1.493236
1.521078
1.506785
1.500898
1.506086
1.515140
1.499402
1.505536
1.494540
1.498718
1.496890
1.492068
1.496657
1.485106
1.503335
1.497803
1.491458
1.479595
1.491401
1.526910
1.517954
1.504699
1.503099
1.496468
1.501059
1.496625
1.511946
1.510796
1.496139
1.520787
1.492106
1.501651
1.494869
1.482665
1.501264
1.490697
1.503184
1.509658
1.517323
1.502676
1.504086
1.500007
1.499189
1.473270
1.505490
1.495786
1.501737
1.511742
1.513270
1.487732
1.497083
1.525216
1.498370
1.498146
1.502670
1.514363
1.500915
1.505775
1.509101
1.501746
1.479220
1.487655
1.498445
1.479011
1.492265
1.488223
1.503503
1.481527
1.513688
1.484875
1.492630
1.507154
1.499050
1.486532
1.505045
1.502843
1.492349
1.513868
1.501636
1.508796
1.490031
1.508863
1.502782
1.506243
1.488013
1.489507
1.493892
1.504426
1.489707
1.503341
1.496429
1.486783
1.488259
1.485398
1.481722
1.499909
1.500841
1.487889
1.500140
1.510314
1.497542
1.500459
1.496598
1.507283
1.493556
1.505832
1.487924
1.484806
1.507480
1.501109
1.501953
1.499010
1.498280
1.494186
1.503179
1.496693
1.494919
1.498148
1.489249
1.488679
1.499243
1.494949
1.501001
1.508144
1.500532
1.497862
1.514966
1.490267
1.499450
1.502063
1.499277
1.494774
1.491781
1.498939
1.499974
1.485741
1.499295
1.511021
1.504844
1.509975
1.519369
1.493570
1.493987
1.490933
1.512464
1.491811
1.497773
1.520041
1.495673
1.488416
1.496811
1.502670
1.509665
1.482796
1.500389
1.484637
1.499808
1.491583
1.490140
1.493248
1.499776
1.502904
1.494033
1.501300
1.492995
1.487459
1.510118
1.508518
1.494003
1.502112
1.507162
1.481760
1.501020
1.503977
1.489141
1.514100
1.499439
1.500116
1.501871
1.496401
1.500101
1.506258
1.494118
1.495391
1.499380
1.500703
1.512873
1.497609
1.491567
1.480144
1.507437
1.494067
1.500688
1.512546
1.502289
1.505982
1.496965
1.505990
1.494640
1.495773
1.496910
1.492293
1.501455
1.494703
1.509576
1.481822
1.502654
1.499370
1.501158
1.504926
1.502311
1.507234
1.504448
1.521272
1.496323
1.491944
1.495047
1.520984
1.491440
1.498171
1.493952
1.493746
1.502168
1.496748
1.502232
1.492337
1.509099
1.504285
1.500423
1.495431
1.491317
1.493425
1.499711
1.523371
1.495446
1.483159
1.500340
1.496630
1.497195
1.504709
1.495782
1.488759
1.499585
1.501246
1.499256
1.518732
1.498773
1.497543
1.501569
1.511529
1.493694
1.519387
1.503540
1.508504
1.497849
1.504673
1.493301
1.486088
1.490571
1.503245
1.500586
1.513960
1.501852
1.503004
1.497136
1.502514
1.505041
1.503232
1.503443
1.495109
1.503235
1.489036
1.493057
1.498392
1.502792
1.502313
1.505949
1.516048
1.496488
1.488234
1.509816
1.504631
1.508283
1.519140
1.495390
1.487170
1.499964
1.493656
1.498192
1.501339
1.502971
1.487150
1.490541
1.488449
1.491053
1.496162
1.500487
1.502184
1.500671
1.500240
1.500621
1.482973
1.504228
1.499349
1.509082
1.506475
1.499269
1.503367
1.510112
1.477283
1.511545
1.505114
1.490346
1.495671
1.511585
1.505830
1.515598
1.506052
1.508197
1.506320
1.501530
1.479488
1.501678
1.500155
1.499626
1.483487
1.507209
1.493254
1.488994
1.492486
1.484820
1.501860
1.501935
1.512779
1.505411
1.508100
1.505908
1.504053
1.501681
1.507437
1.500317
1.491263
1.496939
1.496006
1.497746
1.500854
1.507054
1.506100
1.492400
1.510612
1.497952
1.485571
1.502059
1.493015
1.510539
1.497694
1.482669
1.506553
1.496245
1.500388
1.502451
1.520480
1.492491
1.488445
1.496193
1.501933
1.506231
1.497443
1.493280
1.510290
1.493726
1.485696
1.500957
1.483652
1.491205
1.501563
1.492223
1.478642
1.487968
1.509508
1.509966
1.515210
1.498724
1.508136
1.509499
1.513434
1.510068
1.492764
1.518718
1.509077
1.518872
1.506887
1.509238
1.498110
1.490966
1.510277
1.491137
1.511195
1.512660
1.506814
1.505045
1.483846
1.505666
1.505374
1.501474
1.498892
1.507521
1.494357
1.501555
1.500168
1.494041
1.515593
1.501871
1.499963
1.506271
1.474800
1.509742
1.512289
1.500284
1.506624
1.505690
1.507010
1.502985
1.519571
1.502430
1.498864
1.496312
1.500088
1.508748
1.477067
1.506142
1.487125
1.503995
1.482324
1.501900
1.498551
1.496051
1.501780
1.488589
1.511558
1.505222
1.501906
1.500209
1.501314
1.498829
1.476233
1.503813
1.513568
1.500747
1.501978
1.487039
1.495621
1.495094
1.503980
1.499520
1.500731
1.501117
1.495701
1.486972
1.480857
1.501082
1.491858
1.503299
1.499747
1.488658
1.505038
1.507360
1.502656
1.505636
1.486285
1.501415
1.506820
1.505949
1.505496
1.498321
1.492519
1.497402
1.501168
1.507166
1.494272
1.502684
1.498754
1.497616
1.502929
1.499114
1.496564
1.496655
1.499176
1.494986
1.510398
1.502781
1.510133
1.498313
1.512104
1.499140
1.494054
1.497275
1.505931
1.498900
1.504375
1.506717
1.504173
1.504817
1.499405
1.491741
1.502881
1.493576
1.504797
1.503210
1.491225
1.495421
1.497062
1.506929
1.484311
1.510930
1.487353
1.503635
1.518009
1.499047
1.519522
1.498532
1.494658
1.498441
1.488744
1.504848
1.504393
1.507197
1.497897
1.503261
1.469956
1.499424
1.491513
1.499619
1.509026
1.511867
1.504840
1.512416
1.507601
1.506782
1.509360
1.503533
1.500993
1.504741
1.499289
1.496509
1.511866
1.497945
1.499129
1.506136
1.500804
1.506861
1.496121
1.510473
1.502526
1.496039
1.501377
1.502435
1.505679
1.520228
1.496110
1.501745
1.502789
1.492471
1.506234
1.502882
1.491851
1.488889
1.501183
1.503191
1.499653
1.499270
1.512208
1.497139
1.506316
1.502201
1.496781
1.490278
1.498630
1.501542
1.488103
1.502222
1.492351
1.493113
1.503628
1.500524
1.512172
1.507793
1.489015
1.506179
1.492545
1.502737
1.487140
1.510919
1.491247
1.517842
1.495999
1.506985
1.492501
1.499175
1.502722
1.497542
1.503471
1.487785
1.478654
1.506163
1.489745
1.500565
1.487438
1.505181
1.503379
1.502558
1.510288
1.495184
1.513850
1.505049
1.492163
1.506837
1.481092
1.495069
1.483709
1.493906
1.504535
1.501718
1.505359
1.502802
1.500237
1.498189
1.497241
1.484302
1.495307
1.497902
1.508256
1.499533
1.499523
1.503309
1.496004
1.497931
1.482920
1.505717
1.493695
1.495303
1.502634
1.506093
1.493753
1.494939
1.518648
1.497690
1.506594
1.509043
1.506694
1.489584
1.496705
1.511137
1.500770
1.500186
1.497359
1.501040
1.503911
1.491612
1.507820
1.493151
1.500642
1.507246
1.488883
1.501045
1.483534
1.496996
1.503233
1.512050
1.507034
1.506065
1.492384
1.511818
1.514603
1.509730
1.497826
1.494232
1.494162
1.493458
1.481124
1.498565
1.501045
1.504224
1.494920
1.502556
1.476333
1.500629
1.500082
1.504843
1.497915
1.496147
1.528814
1.500698
1.488184
1.498823
1.486451
1.505118
1.492631
1.504297
1.500966
1.497383
1.500667
1.499569
1.504094
1.507671
1.485684
1.495460
1.492123
1.503041
1.498079
1.505710
1.493409
1.492707
1.500561
1.495396
1.528544
1.495912
1.498789
1.498226
1.486327
1.491381
1.498623
1.508731
1.498035
1.503933
1.484395
1.498635
1.481418
1.505022
1.511972
1.503333
1.502589
1.497077
1.496654
1.507439
1.498431
1.503711
1.481623
1.497109
1.480794
1.505981
1.497817
1.504437
1.511274
1.501004
1.495860
1.495361
1.491995
1.499373
1.508014
1.500943
1.494596
1.501557
1.497202
1.509704
1.521674
1.489354
1.477516
1.494081
1.481855
1.484306
1.497333
1.497326
1.493397
1.483221
1.495261
1.503682
1.486729
1.504691
1.514402
1.499243
1.517486
1.504785
1.491185
1.490740
1.504829
1.516141
1.485902
1.505963
1.491572
1.509713
1.511958
1.502203
1.496364
1.502970
1.504972
1.491981
1.500077
1.491745
1.515033
1.504122
1.500136
1.503098
1.497674
1.498762
1.505136
1.500688
1.512563
1.506407
1.505397
1.504010
1.481073
1.504839
1.485151
1.492235
1.502588
1.510519
1.495339
1.500681
1.503607
1.505635
1.479064
1.506656
1.487438
1.499335
1.501615
1.490532
1.507764
1.503334
1.501219
1.492163
1.507629
1.489626
1.497973
1.497435
1.484341
1.498001
1.508383
1.495927
1.507045
1.501467
1.513153
1.500991
1.498495
1.509084
1.476508
1.518442
1.487703
1.510483
1.502281
1.491221
1.508442
1.504762
1.493586
1.501305
1.499777
1.499244
1.512185
1.511029
1.497724
1.497517
1.511853
1.497509
1.503534
1.502882
1.504639
1.506198
1.497562
1.491493
1.481632
1.491822
1.495997
1.489954
1.498582
1.507229
1.499705
1.502249
1.501039
1.505662
1.492176
1.498810
1.493770
1.495044
1.510039
1.502988
1.490135
1.505200
1.505198
1.495450
1.508982
1.495173
1.512233
1.502413
1.498684
1.516958
1.501399
1.503564
1.504322
1.500918
1.509219
1.500255
1.505932
1.500711
1.490744
1.502002
1.483989
1.500836
1.503800
1.495640
1.490648
1.493666
1.498394
1.513275
1.507840
1.506225
1.502988
1.500284
1.504376
1.501095
1.457615
1.495618
1.498976
1.498167
1.493896
1.511573
1.474366
1.504762
1.491109
1.494377
1.493877
1.483677
1.509394
1.504065
1.501993
1.501213
1.506935
1.499470
1.487674
1.495053
1.478074
1.493907
1.512733
1.495758
1.521962
1.509119
1.507630
1.501869
1.495379
1.484943
1.515838
1.506611
1.502920
1.510029
1.499877
1.493380
1.503985
1.499217
1.507490
1.496631
1.513424
1.503080
1.508750
1.502024
1.482208
1.507980
1.508328
1.508480
1.493984
1.502821
1.493701
1.499795
1.494820
1.513300
1.476393
1.485712
1.496174
1.511400
1.492846
1.497660
1.503825
1.510421
1.488873
1.493787
1.502308
1.498416
1.510600
1.500898
1.512954
1.507779
1.485018
1.499152
1.497210
1.498776
1.495349
1.502354
1.503480
1.500969
1.488091
1.500459
1.512397
1.497839
1.485297
1.498436
1.499026
1.503608
1.500741
1.497032
1.502617
1.495426
1.512088
1.502167
1.503104
1.503578
1.508724
1.510502
1.500102
1.501643
1.499180
1.507260
1.492897
1.491718
1.501625
1.500362
1.497176
1.494257
1.509857
1.500771
1.485726
1.498613
1.499930
1.496276
1.507327
1.504255
1.510149
1.503537
1.475397
1.500700
1.506443
1.499942
1.500604
1.508179
1.489390
1.504325
1.511042
1.498052
1.500885
1.498560
1.489594
1.497707
1.480600
1.499228
1.487730
1.491804
1.495250
1.490229
1.507251
1.508416
1.499479
1.501875
1.508879
1.499957
1.501517
1.502074
1.504466
1.508301
1.504768
1.497203
1.514718
1.497379
1.492811
1.511746
1.506887
1.505221
1.497494
1.497981
1.499060
1.493487
1.494178
1.497224
1.495928
1.495817
1.503922
1.498629
1.498482
1.509442
1.493217
1.498691
1.495874
1.497881
1.523732
1.501512
1.485999
1.498300
1.500252
1.505297
1.498586
1.499751
1.496113
1.479460
1.487565
1.498193
1.497302
1.499212
1.492863
1.504049
1.510677
1.493817
1.494252
1.493771
1.500601
1.500426
1.507116
1.494296
1.500334
1.509455
1.520725
1.510386
1.502625
1.492679
1.503634
1.504127
1.501958
1.493579
1.492359
1.503559
1.508622
1.504000
1.490563
1.497492
1.503186
1.495433
1.505659
1.498970
1.499249
1.505860
1.478348
1.495277
1.485247
1.485892
1.498043
1.498461
1.521203
1.495096
1.505410
1.493464
1.508565
1.502887
1.494721
1.503129
1.503286
1.495129
1.504492
1.509729
1.507588
1.504450
1.493305
1.495996
1.500298
1.497449
1.490940
1.505232
1.471612
1.497099
1.497621
1.497517
1.509675
1.503140
1.491701
1.496221
1.487613
1.486502
1.511677
1.505231
1.494629
1.499917
1.504861
1.508432
1.481481
1.498393
1.491431
1.504329
1.493535
1.502661
1.488484
1.501817
1.497377
1.498011
1.509829
1.503063
1.490618
1.483148
1.499038
1.493407
1.495373
1.496469
1.501759
1.494881
1.482141
1.497884
1.495650
1.502738
1.500482
1.500492
1.495497
1.513491
1.472119
1.510385
1.491725
1.502155
1.488778
1.487218
1.518085
1.516389
1.505773
1.512641
1.504583
1.506036
1.504497
1.515666
1.516108
1.503188
1.497816
1.500406
1.496002
1.505813
1.499123
1.497400
1.489147
1.505096
1.486720
1.489878
1.517452
1.509576
1.494392
1.495985
1.511926
1.493716
1.503473
1.504347
1.527739
1.492898
1.500688
1.501817
1.507207
1.509826
1.502485
1.501131
1.479440
1.508484
1.499410
1.513310
1.492013
1.501182
1.493789
1.502928
1.505717
1.495463
1.497073
1.501290
1.487365
1.499342
1.504697
1.503238
1.507842
1.504005
1.503962
1.489028
1.498960
1.499866
1.498495
1.498494
1.501734
1.497380
1.485464
1.504289
1.498185
1.485447
1.509730
1.492075
1.489699
1.499745
1.488064
1.508250
1.485815
1.496337
1.513961
1.504161
1.499341
1.494894
1.512955
1.497203
1.483342
1.499379
1.476286
1.507502
1.495243
1.501806
1.501268
1.502535
1.516514
1.493020
1.505328
1.494836
1.486682
1.507825
1.502800
1.500123
1.493024
1.489787
1.529523
1.487971
1.499255
1.501041
1.501347
1.510155
1.519366
1.505033
1.511624
1.483612
1.488818
1.500875
1.480730
1.503484
1.495313
1.497717
1.512016
1.497428
1.502405
1.501705
1.512954
1.494390
1.496437
1.499226
1.515664
1.496284
1.504557
1.495985
1.509743
1.498578
1.503429
1.497366
1.511090
1.505393
1.479280
1.509868
1.485865
1.503690
1.507699
1.500134
1.493658
1.508633
1.503459
1.502381
1.504473
1.501005
1.495611
1.502540
1.509003
1.491862
1.513813
1.502290
1.516609
1.507722
1.489363
1.502847
1.500786
1.485671
1.500616
1.497953
1.509582
1.498598
1.505698
1.506513
1.499389
1.493940
1.480251
1.501014
1.487407
1.504982
1.512627
1.509066
1.507728
1.498345
1.500305
1.506551
1.502144
1.508656
1.491885
1.505453
1.480901
1.508865
1.479077
1.504220
1.502403
1.498837
1.515394
1.508304
1.474154
1.502806
1.487632
1.505712
1.510613
1.485555
1.492430
1.503494
1.486835
1.491170
1.479430
1.503008
1.501525
1.493522
1.491772
1.512614
1.490636
1.502266
1.512888
1.500105
1.495513
1.511077
1.498271
1.488231
1.519724
1.500430
1.510884
1.489666
1.490645
1.507342
1.498330
1.497118
1.478349
1.499928
1.501475
1.516392
1.500568
1.506320
1.498897
1.494375
1.498798
1.489042
1.499086
1.510519
1.509917
1.509895
1.487711
1.490807
1.495959
1.500844
1.507993
1.513046
1.500554
1.503422
1.489999
1.492364
1.515335
1.510845
1.501924
1.497565
1.507544
1.494088
1.499915
1.491304
1.503902
1.493315
1.495952
1.495793
1.487278
1.489087
1.489335
1.491843
1.508612
1.498194
1.490856
1.499196
1.508242
1.486747
1.488573
1.492294
1.509079
1.512081
1.500980
1.513670
1.502964
1.507420
1.486837
1.495001
1.491338
1.508304
1.505827
1.487893
1.499451
1.490672
1.502507
1.506273
1.492919
1.486549
1.510183
1.496044
1.513511
1.508400
1.506716
1.515676
1.502350
1.503633
1.501362
1.497132
1.486144
1.507185
1.520481
1.512587
1.506981
1.494506
1.500712
1.500553
1.519145
1.497836
1.520616
1.505348
1.502575
1.494276
1.505205
1.513692
1.492305
1.504300
1.506607
1.512450
1.493318
1.495233
1.500751
1.494825
1.513019
1.499807
1.500465
1.515183
1.503563
1.501132
1.508924
1.501392
1.500979
1.502750
1.505592
1.500069
1.506769
1.489949
1.508766
1.497784
1.516138
1.498272
1.509709
1.495452
1.481866
1.509921
1.487524
1.509814
1.518376
1.499842
1.495173
1.507294
1.506586
1.506358
1.490148
1.498171
1.496014
1.499145
1.493716
1.502426
1.492039
1.506032
1.497705
1.509077
1.484730
1.499335
1.483256
1.501378
1.484468
1.515110
1.486369
1.508710
1.487818
1.504789
1.509273
1.498867
1.508052
1.498257
1.491987
1.501768
1.489165
1.503449
1.494932
1.504926
1.527480
1.501889
1.493801
1.498954
1.476316
1.492429
1.503117
1.499350
1.498991
1.499540
1.530670
1.492330
1.506461
1.492456
1.506343
1.493926
1.501734
1.504545
1.496190
1.493599
1.516145
1.503857
1.495242
1.501779
1.516327
1.502253
1.503083
1.493637
1.506532
1.484269
1.512010
1.497569
1.500547
1.498289
1.510688
1.495886
1.487536
1.503095
1.488225
1.499347
1.491947
1.503747
1.494314
1.505783
1.486792
1.506816
1.496507
1.504903
1.503313
1.500592
1.495450
1.504606
1.485265
1.512145
1.506418
1.515108
1.486395
1.507664
1.501469
1.496305
1.503244
1.495331
1.508508
1.510015
1.495990
1.500921
1.498942
1.511451
1.502064
1.497665
1.513160
1.505963
1.490293
1.487988
1.499467
1.495255
1.489159
1.515361
1.487881
1.506113
1.498797
1.498387
1.518861
1.491888
1.527177
1.494103
1.512734
1.501983
1.487153
1.495340
1.505489
1.494523
1.494745
1.491793
1.501937
1.508991
1.487244
1.496490
1.496018
1.504310
1.509979
1.507731
1.481769
1.501975
1.485431
1.509888
1.508037
1.496061
1.499667
1.501158
1.508044
1.507829
1.511027
1.498746
1.502653
1.511528
1.497936
1.489925
1.501789
1.502427
1.496083
1.503521
1.507656
1.499450
1.509947
1.497790
1.506696
1.502532
1.503213
1.493293
1.487356
1.493284
1.519712
1.490137
1.510455
1.500604
1.494959
1.505191
1.495433
1.495197
1.506500
1.501158
1.515380
1.490009
1.487292
1.497476
1.500958
1.505920
1.516826
1.507169
1.490668
1.507647
1.506418
1.503281
1.497090
1.507730
1.497674
1.493992
1.509449
1.495631
1.490346
1.496675
1.493943
1.492252
1.499062
1.501000
1.506845
1.504448
1.479749
1.501637
1.501361
1.495742
1.496228
1.510578
1.495983
1.494390
1.514947
1.490520
1.489489
1.492115
1.484479
1.496738
1.488034
1.505210
1.487656
1.505284
1.499908
1.501434
1.486718
1.494919
1.494918
1.493230
1.507622
1.506896
1.493295
1.509985
1.513282
1.504622
1.493730
1.501037
1.500344
1.509550
1.480629
1.502352
1.492085
1.485904
1.497700
1.500297
1.515198
1.501571
1.503116
1.491038
1.481819
1.494526
1.484740
1.508079
1.482321
1.505977
1.479814
1.510877
1.496233
1.500175
1.517010
1.480127
1.488918
1.496832
1.512567
1.495876
1.477942
1.499569
1.477616
1.498244
1.515415
1.498820
1.480525
1.506274
1.496311
1.495205
1.488759
1.497059
1.501039
1.500908
1.512785
1.504400
1.504937
1.491258
1.519152
1.499738
1.498940
1.504656
1.502931
1.503932
1.508585
1.494988
1.511620
1.494693
1.488417
1.503120
1.498568
1.494409
1.497713
1.512690
1.488550
1.498667
1.500925
1.494562
1.514799
1.494798
1.486541
1.496214
1.513063
1.503819
1.501086
1.493139
1.490684
1.495296
1.500783
1.491258
1.501500
1.493867
1.484411
1.486568
1.495942
1.503894
1.501963
1.501210
1.497460
1.492222
1.490805
1.501570
1.505583
1.499192
1.498933
1.510855
1.492912
1.498757
1.511007
1.495218
1.518184
1.499238
1.498830
1.492189
1.488151
1.502276
1.524965
1.488851
1.495213
1.500983
1.514826
1.492944
1.500907
1.516421
1.503277
1.504835
1.514077
1.496709
1.495278
1.496045
1.507171
1.496249
1.522093
1.497720
1.505207
1.489410
1.492669
1.501612
1.504960
1.499826
1.518957
1.497443
1.487468
1.504557
1.487207
1.508473
1.514536
1.502922
1.501440
1.507127
1.495481
1.500638
1.491324
1.500255
1.502713
1.504741
1.480341
1.497592
1.496941
1.503176
1.505856
1.500045
1.497964
1.496625
1.502476
1.514070
1.495540
1.489233
1.514520
1.500378
1.495885
1.501593
1.512283
1.503632
1.498601
1.500728
1.500881
1.502962
1.496146
1.500266
1.502998
1.487586
1.498667
1.495912
1.506939
1.507657
1.494719
1.504648
1.474486
1.484517
1.494577
1.498786
1.497202
1.509383
1.490697
1.486714
1.495428
1.506785
1.502914
1.488570
1.495542
1.497665
1.488519
1.509121
1.491317
1.502383
1.476673
1.483702
1.498777
1.501338
1.517668
1.500706
1.505930
1.484831
1.503923
1.499287
1.504409
1.506149
1.506142
1.509066
1.500648
1.504338
1.491567
1.512614
1.489883
1.500893
1.493496
1.501168
1.516841
1.510730
1.499479
1.501730
1.490960
1.495196
1.501981
1.498752
1.493887
1.497276
1.496305
1.506736
1.507522
1.491386
1.477067
1.496559
1.499929
1.501862
1.506780
1.505310
1.499322
1.484222
1.506966
1.487429
1.489609
1.496191
1.498438
1.495730
1.514013
1.489912
1.504687
1.499802
1.503836
1.508791
1.510570
1.486139
1.499609
1.490550
1.503784
1.515823
1.490927
1.497188
1.483164
1.488371
1.517823
1.503271
1.517969
1.505111
1.512537
1.492420
1.499454
1.494960
1.491185
1.502413
1.488235
1.497425
1.487937
1.491193
1.519928
1.500475
1.506111
1.507955
1.497119
1.498426
1.515097
1.496472
1.498661
1.504408
1.507847
1.516118
1.494301
1.489705
1.487016
1.499198
1.493368
1.501797
1.501678
1.504916
1.484618
1.504335
1.488612
1.498683
1.487817
1.493471
1.503912
1.499183
1.502759
1.510253
1.504396
1.492046
1.511913
1.493306
1.515269
1.503877
1.517652
1.505162
1.519754
1.501254
1.490022
1.494538
1.495997
1.510761
1.499945
1.488656
1.503127
1.507537
1.502329
1.496441
1.487800
1.505150
1.514444
1.504445
1.497016
1.498091
1.521463
1.490108
1.510555
1.498809
1.490591
1.498473
1.506165
1.503599
1.504166
1.501008
1.505535
1.517449
1.497967
1.489040
1.493338
1.499465
1.495730
1.512652
1.504781
1.511840
1.497159
1.494225
1.484969
1.511460
1.515997
1.500387
1.504239
1.498321
1.507392
1.503531
1.507702
1.500136
1.501145
1.495086
1.508975
1.501615
1.489459
1.500708
1.504904
1.499889
1.504119
1.496563
1.502456
1.506021
1.496858
1.508206
1.492129
1.486613
1.490479
1.510073
1.503302
1.499373
1.500412
1.503327
1.495676
1.494768
1.513053
1.505216
1.499710
1.492187
1.497401
1.489179
1.492999
1.498432
1.507319
1.499429
1.522150
1.514321
1.516485
1.495218
1.503537
1.501357
1.497893
1.501607
1.482685
1.501285
1.504404
1.503249
1.501444
1.511423
1.496647
1.495524
1.490244
1.496848
1.498544
1.501686
1.495509
1.501457
1.500438
1.498722
1.493165
1.501716
1.489607
1.505891
1.496142
1.498826
1.495660
1.496567
1.516351
1.490794
1.514079
1.490587
1.501493
1.493303
1.516605
1.488596
1.511010
1.483701
1.495137
1.505356
1.481003
1.506843
1.513267
1.497060
1.492552
1.500952
1.487102
1.492270
1.493151
1.494895
1.506017
1.494048
1.519494
1.496943
1.503096
1.496796
1.497547
1.492432
1.509284
1.503721
1.526731
1.501949
1.493900
1.495411
1.501981
1.495563
1.512329
1.496070
1.487048
1.503655
1.488316
1.499055
1.519166
1.495133
1.495586
1.488508
1.496014
1.491012
1.501828
1.501709
1.502182
1.501264
1.487731
1.493755
1.513592
1.492703
1.502744
1.490481
1.511618
1.490208
1.499751
1.500620
1.479079
1.501949
1.518781
1.498745
1.485707
1.499908
1.504985
1.491277
1.502793
1.497393
1.496626
1.500930
1.490029
1.493555
1.509327
1.494231
1.511230
1.503555
1.501470
1.495803
1.528178
1.500993
1.492480
1.489871
1.491934
1.492749
1.497500
1.500006
1.507540
1.497613
1.510898
1.505902
1.511063
1.493509
1.499684
1.494050
1.527613
1.497231
1.508751
1.494703
1.490249
1.489562
1.506872
1.498621
1.498622
1.509448
1.505088
1.499724
1.501665
1.502337
1.502347
1.493127
1.503459
1.498181
1.511087
1.497508
1.493984
1.493813
1.506525
1.498763
1.501117
1.498336
