0.000702
0.004558
0.012637
0.024518
0.039318
0.058647
0.079342
0.104482
0.132950
0.160543
0.191902
0.223098
0.256937
0.288838
0.321742
0.355072
0.385877
0.416532
0.444422
0.472000
0.494080
0.514735
0.537543
0.551722
0.567120
0.576772
0.582898
0.586020
0.587735
0.584908
0.581585
0.572332
0.563348
0.549220
0.536302
0.520818
0.502877
0.484795
0.462847
0.442052
0.421988
0.398560
0.377073
0.353517
0.333290
0.310420
0.287103
0.267252
0.247160
0.229767
0.209645
0.192240
0.175280
0.158483
0.144262
0.130387
0.117952
0.105068
0.094495
0.085395
0.074798
0.066892
0.059158
0.052390
0.046448
0.039488
0.035478
0.030750
0.026670
0.023253
0.019843
0.017070
0.014598
0.012598
0.010902
0.009355
0.007690
0.006532
0.005440
0.004743
0.003920
0.003253
0.002742
0.002358
0.001935
0.001627
0.001263
0.001120
0.000817
0.000673
0.000627
0.000445
0.000435
0.000277
0.000217
0.000198
0.000173
0.000138
0.000093
0.000087
0.000073
0.000045
0.000043
0.000048
0.000022
0.000033
0.000020
0.000017
0.000013
0.000017
0.000003
0.000000
0.000002
0.000000
0.000002
0.000000
0.000002
0.000000
0.000000
0.000000
0.000000
0.000000
0.000000
0.000000
0.000000
0.000000
0.000000
0.000002
0.000000
0.000002
0.000000
0.000000
0.000000
0.000000
0.000000
0.000000
0.000000
0.000000
0.000000
0.000000
