0.000000
0.000000
0.000000
0.000000
0.000000
0.000000
0.000000
0.000000
0.000000
0.000000
0.000000
0.000000
0.000000
0.000000
0.000000
0.000000
0.000000
0.000202
0.039509
0.491816
1.471550
2.178119
2.301149
2.112169
1.852751
1.612540
1.421890
1.275990
1.169056
1.090972
1.035386
0.996807
0.972640
0.960469
0.956635
0.964253
0.977477
0.997612
1.022614
1.050057
1.077925
1.101072
1.116053
1.121750
1.118223
1.109099
1.096430
1.081841
1.067455
1.055576
1.044402
1.036625
1.029922
1.025271
1.023078
1.021797
1.021804
1.023228
1.024924
1.026992
1.028707
1.030297
1.031824
1.031458
1.031110
1.030087
1.028206
1.026660
1.024554
1.021711
1.019879
1.018073
1.016632
1.015057
1.014525
1.013467
1.013229
1.012703
1.012781
1.011808
1.012307
1.011452
1.011458
1.011153
1.010498
1.009870
1.009895
1.009323
1.008869
1.008093
1.008126
1.007091
1.006896
1.006562
1.006130
1.005571
1.005134
1.005241
1.004697
1.004676
1.004454
1.004371
1.003649
1.003968
1.003038
1.003319
1.003089
1.003063
1.002871
1.002279
1.002551
1.002202
1.002081
1.001737
1.001347
1.001132
1.001231
1.001085
1.000886
1.000508
1.000478
1.000653
1.000229
1.000101
0.999985
1.000077
0.999849
0.999931
0.999725
0.999775
0.999424
0.999331
0.999300
0.999285
0.999098
0.999083
0.999055
0.998831
0.998787
0.998754
0.998674
0.998686
0.998207
0.998431
0.998539
0.998473
0.998263
0.998437
0.998555
0.998315
0.998276
0.998355
0.998165
0.998300
0.998167
0.998127
0.998058
0.997838
0.997646
0.997742
0.997553
0.997719
0.997739
0.997748
0.997765
0.997673
0.997540
0.997526
0.997712
0.997686
0.997365
0.997503
0.997482
0.997693
0.997396
0.997510
0.997453
0.997261
0.997186
0.997221
0.997178
0.997374
0.996998
0.997058
0.997208
0.997430
0.997205
0.997345
0.997052
0.997066
0.997027
0.997068
0.997196
0.997239
0.997077
0.997039
0.996989
0.997186
0.997008
0.996835
