-1.742606
-1.747795
-1.756326
-1.736334
-1.766669
-1.746257
-1.745372
-1.735913
-1.735613
-1.726078
-1.740331
-1.728660
-1.730788
-1.728428
-1.747859
-1.730550
-1.751340
-1.732608
-1.748586
-1.739837
-1.737942
-1.761980
-1.753706
-1.756723
-1.747458
-1.750913
-1.763577
-1.774859
-1.776181
-1.772609
-1.786160
-1.792952
-1.810812
-1.784446
-1.794955
-1.784999
-1.784100
-1.772415
-1.760836
-1.761024
-1.758590
-1.755328
-1.752782
-1.742551
-1.737059
-1.742023
-1.760848
-1.729223
-1.757518
-1.735239
-1.738764
-1.745931
-1.728730
-1.747860
-1.727406
-1.738464
-1.741453
-1.735289
-1.765743
-1.766926
-1.789844
-1.779399
-1.795974
-1.797321
-1.794821
-1.801458
-1.812131
-1.778471
-1.787593
-1.791145
-1.768228
-1.761695
-1.764115
-1.760306
-1.760931
-1.784758
-1.766118
-1.786204
-1.791183
-1.777554
-1.770783
-1.785098
-1.790118
-1.773541
-1.790526
-1.762527
-1.755836
-1.772050
-1.770275
-1.749048
-1.753275
-1.748495
-1.748811
-1.751032
-1.753839
-1.753583
-1.751450
-1.762149
-1.756960
-1.755684
-1.757773
-1.762242
-1.727808
-1.754823
-1.738893
-1.753124
-1.752721
-1.747466
-1.763400
-1.764993
-1.759885
-1.762939
-1.750940
-1.756479
-1.752611
-1.757933
-1.755354
-1.761423
-1.751632
-1.736322
-1.741429
-1.735078
-1.739892
-1.746140
-1.756107
-1.746410
-1.754912
-1.752663
-1.754280
-1.737025
-1.753665
-1.742628
-1.751852
-1.743439
-1.721104
-1.747012
-1.747051
-1.753500
-1.749957
-1.758959
-1.766657
-1.763626
-1.762250
-1.773658
-1.788021
-1.773003
-1.778846
-1.791297
-1.779146
-1.759377
-1.746950
-1.760090
-1.745891
-1.739522
-1.757380
-1.759204
-1.749065
-1.750373
-1.772693
-1.768540
-1.763069
-1.744659
-1.748069
-1.745724
-1.762068
-1.732528
-1.746965
-1.744263
-1.728362
-1.744544
-1.742713
-1.731991
-1.740688
-1.711747
-1.729457
-1.724007
-1.722633
-1.714819
-1.724352
-1.739869
-1.730300
-1.718152
-1.730232
-1.715213
-1.739485
-1.704166
-1.732619
-1.717698
-1.723582
-1.714116
-1.758934
-1.736066
-1.719143
-1.728106
-1.720900
-1.715849
-1.725661
-1.735780
-1.733733
-1.745266
-1.753664
-1.754010
-1.764921
-1.753794
-1.743455
-1.732795
-1.731219
-1.738646
-1.743339
-1.742638
-1.758782
-1.753151
-1.761210
-1.756469
-1.765165
-1.776355
-1.766376
-1.792900
-1.788333
-1.799549
-1.797054
-1.794859
-1.777157
-1.773300
-1.775655
-1.784689
-1.778763
-1.777770
-1.771772
-1.754531
-1.752022
-1.758874
-1.756926
-1.751753
-1.774119
-1.735517
-1.764330
-1.762090
-1.773861
-1.766560
-1.775825
-1.789945
-1.777023
-1.765124
-1.752812
-1.777939
-1.769513
-1.768905
-1.756538
-1.773812
-1.774829
-1.759508
-1.768475
-1.756034
-1.772660
-1.763220
-1.762496
-1.756901
-1.750733
-1.749497
-1.728022
-1.751013
-1.755830
-1.738428
-1.735733
-1.755687
-1.764396
-1.773180
-1.755016
-1.757071
-1.760850
-1.751546
-1.765164
-1.758258
-1.750367
-1.748149
-1.742149
-1.735784
-1.723753
-1.749619
-1.724583
-1.736026
-1.732065
-1.740053
-1.740881
-1.745140
-1.742833
-1.750002
-1.758079
-1.740473
-1.732714
-1.746389
-1.740454
-1.731490
-1.744756
-1.728137
-1.739163
-1.743592
-1.753068
-1.744985
-1.732823
-1.744489
-1.735027
-1.725152
-1.735294
-1.738147
-1.757196
-1.750228
-1.757244
-1.747093
-1.776866
-1.764437
-1.775471
-1.769005
-1.769717
-1.771572
-1.771139
-1.784639
-1.764622
-1.768601
-1.765481
-1.746033
-1.753110
-1.749047
-1.736208
-1.740397
-1.746251
-1.756470
-1.746348
-1.752671
-1.754113
-1.740956
-1.745441
-1.722140
-1.723001
-1.743458
-1.729366
-1.729373
-1.740680
-1.747801
-1.737276
-1.749535
-1.740511
-1.742225
-1.737008
-1.761706
-1.770987
-1.768915
-1.772676
-1.803418
-1.778286
-1.780666
-1.764247
-1.776353
-1.766009
-1.761719
-1.770972
-1.783571
-1.768995
-1.762231
-1.788956
-1.764901
-1.769820
-1.784378
-1.782522
-1.788526
-1.802404
-1.797078
-1.817881
-1.771787
-1.802650
-1.784547
-1.794304
-1.785910
-1.785851
-1.768713
-1.764111
-1.750131
-1.757540
-1.758860
-1.762007
-1.759250
-1.766299
-1.749716
-1.776337
-1.757712
-1.767934
-1.792325
-1.767467
-1.790929
-1.786400
-1.797484
-1.782041
-1.787966
-1.796661
-1.797928
-1.772922
-1.790018
-1.785516
-1.773408
-1.780397
-1.789380
-1.778141
-1.785389
-1.799850
-1.770652
-1.769861
-1.780466
-1.781786
-1.780582
-1.769388
-1.752689
-1.768583
-1.754597
-1.750117
-1.753066
-1.748191
-1.748492
-1.760705
-1.763497
-1.766305
-1.774604
-1.782385
-1.760742
-1.750083
-1.774037
-1.768019
-1.759123
-1.773776
-1.751316
-1.767876
-1.765049
-1.770773
-1.756205
-1.763640
-1.764261
-1.760194
-1.762448
-1.757293
-1.775533
-1.766657
-1.790575
-1.775027
-1.778305
-1.771196
-1.777345
-1.773541
-1.762701
-1.749042
-1.741276
-1.752664
-1.758837
-1.750249
-1.737224
-1.757349
-1.762307
-1.768709
-1.748990
-1.768848
-1.756614
-1.773100
-1.758591
-1.766921
-1.757726
-1.746769
-1.768942
-1.762677
-1.785157
-1.781925
-1.790301
-1.771880
-1.794801
-1.789156
-1.775211
-1.789532
-1.761904
-1.759376
-1.780814
-1.780059
-1.767897
-1.757909
-1.765378
-1.773403
-1.756911
-1.763563
-1.756566
-1.749883
-1.753690
-1.762360
-1.741603
-1.769196
-1.759227
-1.744832
-1.768260
-1.752303
-1.765760
-1.758084
-1.759842
-1.761504
-1.775050
-1.776005
-1.787845
-1.776275
-1.802782
-1.805828
-1.775254
-1.791165
-1.787939
-1.782131
-1.773537
-1.780592
-1.771700
-1.757998
-1.782069
-1.744007
-1.766798
-1.767364
-1.778592
-1.767534
-1.755175
-1.773685
-1.773960
-1.763037
-1.766104
-1.771867
-1.763193
-1.777826
-1.766380
-1.774788
-1.766788
-1.758322
-1.784374
-1.764380
-1.755981
-1.754008
-1.770278
-1.741930
-1.774894
-1.773712
-1.782956
-1.781870
-1.790211
-1.787117
-1.780271
-1.765199
-1.781547
-1.790402
-1.788694
-1.795381
-1.776530
-1.778769
-1.760738
-1.779559
-1.776563
-1.781162
-1.766887
-1.774578
-1.781532
-1.780644
-1.767118
-1.769777
-1.761934
-1.779707
-1.773526
-1.769000
-1.760713
-1.787106
-1.790398
-1.785775
-1.789809
-1.790012
-1.777613
-1.769064
-1.785444
-1.766866
-1.775177
-1.765157
-1.779941
-1.780012
-1.781851
-1.789939
-1.782869
-1.769598
-1.788454
-1.779750
-1.768903
-1.772497
-1.763573
-1.772552
-1.761073
-1.750733
-1.768928
-1.777030
-1.764827
-1.761972
-1.764023
-1.758465
-1.776190
-1.773198
-1.790195
-1.788231
-1.809976
-1.790674
-1.786601
-1.793042
-1.796511
-1.779062
-1.794569
-1.796601
-1.798372
-1.798948
-1.791921
-1.791742
-1.798784
-1.787157
-1.807742
-1.802460
-1.796283
-1.772273
-1.769885
-1.782135
-1.779129
-1.784326
-1.783258
-1.762432
-1.765879
-1.743306
-1.755820
-1.758277
-1.746009
-1.749696
-1.762232
-1.757361
-1.735959
-1.749766
-1.736093
-1.751568
-1.738085
-1.754047
-1.733126
-1.739250
-1.758471
-1.725737
-1.728221
-1.725095
-1.727634
-1.721606
-1.711550
-1.707244
-1.740073
-1.731604
-1.730986
-1.754855
-1.753895
-1.765381
-1.776993
-1.775946
-1.765950
-1.770630
-1.775382
-1.785179
-1.762737
-1.773699
-1.758262
-1.762533
-1.762593
-1.760075
-1.773087
-1.762181
-1.788340
-1.780437
-1.785011
-1.768536
-1.773947
-1.768592
-1.746792
-1.766421
-1.777142
-1.781284
-1.761277
-1.784818
-1.751884
-1.775811
-1.761802
-1.773312
-1.753394
-1.769221
-1.787075
-1.766040
-1.774916
-1.762369
-1.787411
-1.770416
-1.766256
-1.771377
-1.785305
-1.761773
-1.790893
-1.770957
-1.780958
-1.756671
-1.766846
-1.770687
-1.755561
-1.750724
-1.748804
-1.747416
-1.762363
-1.754162
-1.779284
-1.778765
-1.791160
-1.790802
-1.780784
-1.772485
-1.780556
-1.773509
-1.775079
-1.766395
-1.764434
-1.780277
-1.763753
-1.773139
-1.779041
-1.781328
-1.797553
-1.796169
-1.781880
-1.799087
-1.780531
-1.770938
-1.770921
-1.761718
-1.769409
-1.745986
-1.767717
-1.787941
-1.778375
-1.763715
-1.768570
-1.746990
-1.765496
-1.748013
-1.760555
-1.777058
-1.771873
-1.762324
-1.780852
-1.777857
-1.773941
-1.788591
-1.775961
-1.755039
-1.760366
-1.727459
-1.753681
-1.756711
-1.771878
-1.762344
-1.781881
-1.765898
-1.795137
-1.792017
-1.783431
-1.784341
-1.778092
-1.775232
-1.761976
-1.755201
-1.755429
-1.773584
-1.758258
-1.778982
-1.775271
-1.786185
-1.775518
-1.776022
-1.786466
-1.779175
-1.776154
-1.758276
-1.769444
-1.757946
-1.755777
-1.777437
-1.756305
-1.754624
-1.755405
-1.752888
-1.752916
-1.755885
-1.756743
-1.759129
-1.783556
-1.755601
-1.774975
-1.765774
-1.750561
-1.772774
-1.768462
-1.759927
-1.759968
-1.759002
-1.780603
-1.764974
-1.766640
-1.768979
-1.781781
-1.767303
-1.768785
-1.793842
-1.773071
-1.785243
-1.791537
-1.760483
-1.774855
-1.772091
-1.779030
-1.772138
-1.759522
-1.750501
-1.769459
-1.760829
-1.768492
-1.778274
-1.790451
-1.767005
-1.792170
-1.774525
-1.781633
-1.779367
-1.766691
-1.767544
-1.746213
-1.753271
-1.746594
-1.763917
-1.763149
-1.777047
-1.788943
-1.779567
-1.779616
-1.784503
-1.797635
-1.805625
-1.791827
-1.803320
-1.810445
-1.806259
-1.805750
-1.776655
-1.780201
-1.797437
-1.802835
-1.776294
-1.796745
-1.783251
-1.792007
-1.799907
-1.787824
-1.797315
-1.816308
-1.792727
-1.794237
-1.820208
-1.824088
-1.800181
-1.794738
-1.788554
-1.804230
-1.772877
-1.805191
-1.797595
-1.799302
-1.800368
-1.796762
-1.787771
-1.792734
-1.799152
-1.814478
-1.815405
-1.814698
-1.811638
-1.796598
-1.771000
-1.773139
-1.771014
-1.767044
-1.771353
-1.768989
-1.754703
-1.756355
-1.741922
-1.775328
-1.761166
-1.747600
-1.771034
-1.774211
-1.773191
-1.784748
-1.789984
-1.789268
-1.795586
-1.796431
-1.784222
-1.780673
-1.782875
-1.783527
-1.774964
-1.769524
-1.768757
-1.785323
-1.771536
-1.787844
-1.778053
-1.797585
-1.786206
-1.791600
-1.797499
-1.776145
-1.791864
-1.801499
-1.799599
-1.812329
-1.819213
-1.814775
-1.817542
-1.833180
-1.819799
-1.801507
-1.792239
-1.788318
-1.783815
-1.764541
-1.758174
-1.763752
-1.758571
-1.761120
-1.788391
-1.773784
-1.768733
-1.779100
-1.773482
-1.802143
-1.794331
-1.792796
-1.783118
-1.783879
-1.782645
-1.769639
-1.777565
-1.789124
-1.781035
-1.792815
-1.778550
-1.785192
-1.781972
-1.767526
-1.789709
-1.759483
-1.762119
-1.765648
-1.734689
-1.735552
-1.755406
-1.737077
-1.742263
-1.747486
-1.766421
-1.727887
-1.741465
-1.747473
-1.741443
-1.758529
-1.745861
-1.737163
-1.746967
-1.756940
-1.764682
-1.749647
-1.749506
-1.755886
-1.761317
-1.774193
-1.767847
-1.746454
-1.763466
-1.754734
-1.757232
-1.756546
-1.766520
-1.752969
-1.762827
-1.759004
-1.749232
-1.765693
-1.782152
-1.780121
-1.777257
-1.783440
-1.796682
-1.793932
-1.789677
-1.803150
-1.789322
-1.801553
-1.799377
-1.796121
-1.802093
-1.794812
-1.787273
-1.787067
-1.784059
-1.787165
-1.784172
-1.799726
-1.786829
-1.802239
-1.801215
-1.763552
-1.789839
-1.797167
-1.775305
-1.773914
-1.770813
-1.773057
-1.790917
-1.780640
-1.773436
-1.781430
-1.752587
-1.778907
-1.748261
-1.757156
-1.776666
-1.775239
-1.779836
-1.765420
-1.771377
-1.770406
-1.769524
-1.765014
-1.746687
-1.747869
-1.754885
-1.753442
-1.746314
-1.758466
-1.747477
-1.760045
-1.772384
-1.773640
-1.768613
-1.769357
-1.765841
-1.753802
-1.758478
-1.745960
-1.761143
-1.759568
-1.744635
-1.772938
-1.776764
-1.752365
-1.749538
-1.768919
-1.739602
-1.744844
-1.744094
-1.716489
-1.717713
-1.717528
-1.718620
-1.735213
-1.732639
-1.722598
-1.737152
-1.743893
-1.747816
-1.734885
-1.751263
-1.736845
-1.755979
-1.730007
-1.740951
-1.725467
-1.714714
-1.739020
-1.734091
-1.728432
-1.746972
-1.743465
-1.741156
-1.733481
-1.759913
-1.738076
-1.733974
-1.740288
-1.745332
-1.741832
-1.760904
-1.763482
-1.747907
-1.759538
-1.770061
-1.756410
-1.747254
-1.755621
-1.762907
-1.770194
-1.758660
-1.758365
-1.752039
-1.752340
-1.723860
-1.740750
-1.737150
-1.725286
-1.741946
-1.741074
-1.749740
-1.752247
-1.743547
-1.745557
-1.748557
-1.750397
-1.754335
-1.759252
-1.773033
-1.762347
-1.773074
-1.755240
-1.755868
-1.752270
-1.747075
-1.758855
-1.776817
-1.776721
-1.771073
-1.764756
-1.742379
-1.750672
-1.739767
-1.752422
-1.749249
-1.752036
-1.749441
-1.749772
-1.753427
-1.740447
-1.754142
-1.771835
-1.760309
-1.746803
-1.741589
-1.738498
-1.720092
-1.747205
-1.750366
-1.744762
-1.745280
-1.742097
-1.730715
-1.722402
-1.729212
-1.731892
-1.724959
-1.733682
-1.744817
-1.729519
-1.768994
-1.770373
-1.762164
-1.772873
-1.787618
-1.783908
-1.771955
-1.792470
-1.799940
-1.798147
-1.786925
-1.814161
-1.788615
-1.774402
-1.771066
-1.774637
-1.773761
-1.781261
-1.774307
-1.767852
-1.768817
-1.765408
-1.780403
-1.774432
-1.785552
-1.781067
-1.778725
-1.780130
-1.777374
-1.781525
-1.780583
-1.792284
-1.772935
-1.772897
-1.788615
-1.785830
-1.777462
-1.785915
-1.784922
-1.788164
-1.770302
-1.766645
-1.756745
-1.769156
-1.757962
-1.750322
-1.764491
-1.756021
-1.762971
-1.773218
-1.749241
-1.737580
-1.769680
-1.755039
-1.776151
-1.764790
-1.785117
-1.787588
-1.764661
-1.792911
-1.803032
-1.782164
-1.800654
-1.784457
-1.793610
-1.775461
-1.768691
-1.772697
-1.773694
-1.777107
-1.788181
-1.777040
-1.773792
-1.787667
-1.764611
-1.772938
-1.769232
-1.768788
-1.768643
-1.773258
-1.774802
-1.759230
-1.752325
-1.747978
-1.757686
-1.756196
-1.769705
-1.759929
-1.743470
-1.749050
-1.757774
-1.765586
-1.778911
-1.778587
-1.782184
-1.763598
-1.759732
-1.775863
-1.771019
-1.789499
-1.772124
-1.775591
-1.780764
-1.785486
-1.757200
-1.770173
-1.758302
-1.764295
-1.763638
-1.773615
-1.774010
-1.784988
-1.779884
-1.776391
-1.775816
-1.791729
-1.766778
-1.777253
-1.775742
-1.789401
-1.779894
-1.787982
-1.778846
-1.774477
-1.773289
-1.784439
-1.791374
-1.804809
-1.790807
-1.805170
-1.792170
-1.800786
-1.789543
-1.803022
-1.795858
-1.792677
-1.769473
-1.756727
-1.740582
-1.736968
-1.746098
-1.737646
-1.748874
-1.758289
-1.761606
-1.740672
-1.751236
-1.747724
-1.743986
-1.746130
-1.759959
-1.741521
-1.764976
-1.763850
-1.764600
-1.761561
-1.754609
-1.744533
-1.754921
-1.743333
-1.765581
-1.742314
-1.729438
-1.736580
-1.731162
-1.738577
-1.747914
-1.752344
-1.726361
-1.746704
-1.748119
-1.746292
-1.740919
-1.731918
-1.718133
-1.721242
-1.732101
-1.715159
-1.732737
-1.734201
-1.723762
-1.731871
-1.733065
-1.747340
-1.750157
-1.765177
-1.746669
-1.784784
-1.745254
-1.767318
-1.765668
-1.758274
-1.761617
-1.766600
-1.777004
-1.763404
-1.768122
-1.767492
-1.761926
-1.774656
-1.775976
-1.781162
-1.760849
-1.785442
-1.766930
-1.792353
-1.768824
-1.795850
-1.802475
-1.789367
-1.780988
-1.781974
-1.768209
-1.768376
-1.765833
-1.773299
-1.760439
-1.757304
-1.764717
-1.757003
-1.759834
-1.745334
-1.758055
-1.738861
-1.759117
-1.765455
-1.763423
-1.769792
-1.759339
-1.770168
-1.770657
-1.780427
-1.778028
-1.782135
-1.785644
-1.778890
-1.780834
-1.780373
-1.782312
-1.771114
-1.759000
-1.761882
-1.770439
-1.753839
-1.768773
-1.790974
-1.802615
-1.802662
-1.803106
-1.793533
-1.810798
-1.797034
-1.786065
-1.785972
-1.796645
-1.767524
-1.771895
-1.778542
-1.783348
-1.786297
-1.780830
-1.783327
-1.747677
-1.751421
-1.733947
-1.767927
-1.765342
-1.760174
-1.762431
-1.762019
-1.764947
-1.790043
-1.781557
-1.794911
-1.783220
-1.798651
-1.775893
-1.777951
-1.782412
-1.772187
-1.783151
-1.756097
-1.767356
-1.764414
-1.760839
-1.770062
-1.756638
-1.749101
-1.758255
-1.754353
-1.773139
-1.760304
-1.755742
-1.745789
-1.743847
-1.742879
-1.758931
-1.773485
-1.767177
-1.774613
-1.749530
-1.763538
-1.758815
-1.772285
-1.789405
-1.778083
-1.784755
-1.774290
-1.771538
-1.777193
-1.768400
-1.766797
-1.766846
-1.780142
-1.775975
-1.773145
-1.765403
-1.747785
-1.757344
-1.755268
-1.763807
-1.758852
-1.762658
-1.762558
-1.758016
-1.776750
-1.777290
-1.790848
-1.802082
-1.811588
-1.818048
-1.829555
-1.835155
-1.837756
-1.826744
-1.821169
-1.802371
-1.828307
-1.814238
-1.818253
-1.801317
-1.790005
-1.797470
-1.787090
-1.789715
-1.790703
-1.817330
-1.824262
-1.818267
-1.829830
-1.831209
-1.814753
-1.835876
-1.829904
-1.824484
-1.813082
-1.817606
-1.831357
-1.836511
-1.812874
-1.832996
-1.820596
-1.837236
-1.819648
-1.832154
-1.825013
-1.813840
-1.807236
-1.827289
-1.818953
-1.795881
-1.786758
-1.795786
-1.799640
-1.797590
-1.789986
-1.777136
-1.789591
-1.774913
-1.777718
-1.806305
-1.794313
-1.793769
-1.791187
-1.801293
-1.793472
-1.785981
-1.767569
-1.801479
-1.798583
-1.811888
-1.807798
-1.782527
-1.807840
-1.809544
-1.818436
-1.803533
-1.803478
-1.808726
-1.822604
-1.797672
-1.793990
-1.815219
-1.820416
-1.804625
-1.806584
-1.803359
-1.799506
-1.799236
-1.797842
-1.787320
-1.777014
-1.770273
-1.785569
-1.780149
-1.769468
-1.769290
-1.772039
-1.775849
-1.786199
-1.778535
-1.796865
-1.786024
-1.798183
-1.782701
-1.800995
-1.774548
-1.780860
-1.785732
-1.795349
-1.792367
-1.782338
-1.782606
-1.783433
-1.768744
-1.762591
-1.767464
-1.750123
-1.757574
-1.749630
-1.765523
-1.762835
-1.757944
-1.753196
-1.757640
-1.753278
-1.762634
-1.746600
-1.762547
-1.778133
-1.779679
-1.776958
-1.784323
-1.771456
-1.796655
-1.783066
-1.804267
-1.776871
-1.777031
-1.791281
-1.772589
-1.802191
-1.767215
-1.782328
-1.794133
-1.776862
-1.776460
-1.775539
-1.764719
-1.762205
-1.750280
-1.775955
-1.760091
-1.769546
-1.757162
-1.757459
-1.742564
-1.754027
-1.752081
-1.751514
-1.759920
-1.752509
-1.753662
-1.774687
-1.766865
-1.765139
-1.791799
-1.768859
-1.765434
-1.772151
-1.758261
-1.773327
-1.778276
-1.792685
-1.771233
-1.774069
-1.779708
-1.778655
-1.764777
-1.773278
-1.768496
-1.778694
-1.779108
-1.759547
-1.761064
-1.773671
-1.762831
-1.755074
-1.764695
-1.763204
-1.751168
-1.767131
-1.778512
-1.780257
-1.777781
-1.772798
-1.782172
-1.783865
-1.770405
-1.783511
-1.778219
-1.779288
-1.770234
-1.782838
-1.772528
-1.794891
-1.777816
-1.782768
-1.779520
-1.788499
-1.791658
-1.808898
-1.800877
-1.791341
-1.791218
-1.806866
-1.787467
-1.766154
-1.783803
-1.790451
-1.795128
-1.790171
-1.795045
-1.798272
-1.783308
-1.805192
-1.796462
-1.807832
-1.806993
-1.812692
-1.787739
-1.800170
-1.802868
-1.799823
-1.811070
-1.804832
-1.809177
-1.775697
-1.787916
-1.774852
-1.788374
-1.784610
-1.805639
-1.790918
-1.804054
-1.794309
-1.790301
-1.800390
-1.759697
-1.770577
-1.781041
-1.767296
-1.790187
-1.795825
-1.790864
-1.780497
-1.759082
-1.758817
-1.771844
-1.762741
-1.787353
-1.775164
-1.797904
-1.798988
-1.797725
-1.786549
-1.767874
-1.769961
-1.787259
-1.773167
-1.749927
-1.763011
-1.762611
-1.752974
-1.758814
-1.751460
-1.757174
-1.760891
-1.753556
-1.743086
-1.745436
-1.742047
-1.755518
-1.772985
-1.750565
-1.774532
-1.784734
-1.786527
-1.799635
-1.786465
-1.785350
-1.784733
-1.771559
-1.749462
-1.771105
-1.764964
-1.773445
-1.774198
-1.763638
-1.768951
-1.772993
-1.769507
-1.774138
-1.765112
-1.768051
-1.771258
-1.764091
-1.758412
-1.752255
-1.754249
-1.749745
-1.751311
-1.771630
-1.763689
-1.751706
-1.744784
-1.736234
-1.738521
-1.722867
-1.758939
-1.762338
-1.752768
-1.756971
-1.754221
-1.734375
-1.758128
-1.760948
-1.748373
-1.748970
-1.725668
-1.738170
-1.722710
-1.735328
-1.751398
-1.746358
-1.748647
-1.741488
-1.751819
-1.741395
-1.765065
-1.745452
-1.762109
-1.767019
-1.775848
-1.752117
-1.773167
-1.772309
-1.760035
-1.765717
-1.746569
-1.764894
-1.733189
-1.762355
-1.729388
-1.764868
-1.758728
-1.774222
-1.756603
-1.774886
-1.760052
-1.768365
-1.763097
-1.766859
-1.759653
-1.753117
-1.740581
-1.769949
-1.764940
-1.771867
-1.764060
-1.764890
-1.779532
-1.763503
-1.759598
-1.757653
-1.751474
-1.749833
-1.755700
-1.763262
-1.766427
-1.753372
-1.752519
-1.729099
-1.750253
-1.755774
-1.746279
-1.747780
-1.759437
-1.760559
-1.759693
-1.750480
-1.744926
-1.752153
-1.740056
-1.746921
-1.747023
-1.752870
-1.754071
-1.754659
-1.771540
-1.771017
-1.753632
-1.771303
-1.761459
-1.776906
-1.777286
-1.764652
-1.782073
-1.786789
-1.774254
-1.773987
-1.794783
-1.774213
-1.782893
-1.768360
-1.757075
-1.767016
-1.739801
-1.745213
-1.747465
-1.751545
-1.756056
-1.759350
-1.764253
-1.775092
-1.758455
-1.779208
-1.770444
-1.788947
-1.786893
-1.805129
-1.805211
-1.796018
-1.800051
-1.800541
-1.798243
-1.798197
-1.785426
-1.784447
-1.780864
-1.786935
-1.766900
-1.789371
-1.792992
-1.756600
-1.756958
-1.774605
-1.748470
-1.749005
-1.753335
-1.752086
-1.755610
-1.735537
-1.756329
-1.736385
-1.728922
-1.747286
-1.730416
-1.750253
-1.750302
-1.758598
-1.746711
-1.753805
-1.743134
-1.751661
-1.753729
-1.738969
-1.770206
-1.762750
-1.755851
-1.750199
-1.748538
-1.750156
-1.750256
-1.734035
-1.737862
-1.728193
-1.744972
-1.736139
-1.728650
-1.726397
-1.723682
-1.720657
-1.727808
-1.733412
-1.720253
-1.730613
-1.738347
-1.751227
-1.758480
-1.774862
-1.746045
-1.736694
-1.749888
-1.757602
-1.744618
-1.761201
-1.756498
-1.756481
-1.740835
-1.755061
-1.766706
-1.753722
-1.766713
-1.751492
-1.770108
-1.764835
-1.758574
-1.756702
-1.756106
-1.741449
-1.752296
-1.751859
-1.736407
-1.761280
-1.751032
-1.743771
-1.741065
-1.737735
-1.749620
-1.750848
-1.727376
-1.736002
-1.761941
-1.745006
-1.748464
-1.746115
-1.726126
-1.727795
-1.731240
-1.744435
-1.723462
-1.748074
-1.747849
-1.742226
-1.731903
-1.728133
-1.713838
-1.723429
-1.743146
-1.739120
-1.742428
-1.733296
-1.763532
-1.747808
-1.738634
-1.753629
-1.761868
-1.766546
-1.771854
-1.753201
-1.755252
-1.727993
-1.757475
-1.733123
-1.759526
-1.741979
-1.737945
-1.766830
-1.744920
-1.749173
-1.751625
-1.750943
-1.761829
-1.754402
-1.753442
-1.743281
-1.758697
-1.763763
-1.765309
-1.776876
-1.754018
-1.759209
-1.749500
-1.763626
-1.778701
-1.769723
-1.778248
-1.787171
-1.767168
-1.784132
-1.769113
-1.761764
-1.772851
-1.762784
-1.764383
-1.772013
-1.763316
-1.753124
-1.760229
-1.757896
-1.762016
-1.772167
-1.778699
-1.758571
-1.765220
-1.763888
-1.757624
-1.778612
-1.771082
-1.761221
-1.757174
-1.755753
-1.752948
-1.763067
-1.758513
-1.757778
-1.751232
-1.748121
-1.749943
-1.765055
-1.753756
-1.758772
-1.762772
-1.759861
-1.775913
-1.758342
-1.774398
-1.774635
-1.784723
-1.767352
-1.775157
-1.793608
-1.776182
-1.798234
-1.780600
-1.789834
-1.793124
-1.777474
-1.780157
-1.773857
-1.799585
-1.807077
-1.824294
-1.803388
-1.806166
-1.809173
-1.800591
-1.799097
-1.805611
-1.802762
-1.783722
-1.796742
-1.797027
-1.775783
-1.796513
-1.768346
-1.739736
-1.748439
-1.733446
-1.734837
-1.714428
-1.741323
-1.725119
-1.744323
-1.743281
-1.756949
-1.738359
-1.751107
-1.740444
-1.745349
-1.758087
-1.759366
-1.751318
-1.756872
-1.753152
-1.757985
-1.734320
-1.744140
-1.751464
-1.734530
-1.743983
-1.751796
-1.769291
-1.771503
-1.753524
-1.762552
-1.755167
-1.747143
-1.731518
-1.753765
-1.747204
-1.751355
-1.745668
-1.749721
-1.748062
-1.739226
-1.762862
-1.755494
-1.737823
-1.755989
-1.749920
-1.725770
-1.760138
-1.757388
-1.753327
-1.736479
-1.744207
-1.737711
-1.730312
-1.748018
-1.753593
-1.762894
-1.779953
-1.769913
-1.760362
-1.773157
-1.774580
-1.749243
-1.768979
-1.770749
-1.769884
-1.781024
-1.767485
-1.759275
-1.772277
-1.749730
-1.754206
-1.754795
-1.758061
-1.746681
-1.753121
-1.756251
-1.748085
-1.740919
-1.735964
-1.735540
-1.728457
-1.723369
-1.721946
-1.722969
-1.724615
-1.707716
-1.724255
-1.704359
-1.725866
-1.713294
-1.721347
-1.730316
-1.735310
-1.734193
-1.736829
-1.746627
-1.743593
-1.745533
-1.755124
-1.749475
-1.753382
-1.769249
-1.755411
-1.771905
-1.772610
-1.769678
-1.772013
-1.785173
-1.771765
-1.768985
-1.774274
-1.776878
-1.770226
-1.781272
-1.776872
-1.785501
-1.801865
-1.802464
-1.801738
-1.777757
-1.779622
-1.772876
-1.756262
-1.766563
-1.761869
-1.762568
-1.751667
-1.749828
-1.767523
-1.759146
-1.768081
-1.737484
-1.752501
-1.737743
-1.734296
-1.755318
-1.744208
-1.741651
-1.747407
-1.749738
-1.752717
-1.760701
-1.758946
-1.772270
-1.765102
-1.751347
-1.740050
-1.746224
-1.744396
-1.727857
-1.733910
-1.739145
-1.730102
-1.727232
-1.725408
-1.736320
-1.743158
-1.750645
-1.734095
-1.720765
-1.725632
-1.729604
-1.737579
-1.720628
-1.718022
-1.735450
-1.727246
-1.746635
-1.735505
-1.743449
-1.750815
-1.752345
-1.750593
-1.750662
-1.756846
-1.741888
-1.760561
-1.756072
-1.741820
-1.740143
-1.758821
-1.735072
-1.746714
-1.739547
-1.731704
-1.751779
-1.772584
-1.762102
-1.757559
-1.738587
-1.744703
-1.755372
-1.735014
-1.729869
-1.731336
-1.722539
-1.737236
-1.738947
-1.759255
-1.770505
-1.752705
-1.773877
-1.759716
-1.785798
-1.770660
-1.756350
-1.764546
-1.751847
-1.740422
-1.723251
-1.741824
-1.724894
-1.720401
-1.727606
-1.727494
-1.717180
-1.720307
-1.735059
-1.735507
-1.748218
-1.746847
-1.732110
-1.758707
-1.750866
-1.739359
-1.742050
-1.742032
-1.750578
-1.736166
-1.741708
-1.752304
-1.767784
-1.770145
-1.754954
-1.761780
-1.748494
-1.775605
-1.774197
-1.749241
-1.776228
-1.758133
-1.761628
-1.741454
-1.754203
-1.759327
-1.740312
-1.739832
-1.734171
-1.748250
-1.736093
-1.753464
-1.762399
-1.777191
-1.777916
-1.742883
-1.770996
-1.757771
-1.742903
-1.745833
-1.749790
-1.754709
-1.765000
-1.760226
-1.770322
-1.775836
-1.761420
-1.752449
-1.774228
-1.788608
-1.778068
-1.772101
-1.766796
-1.763968
-1.746271
-1.766749
-1.766413
-1.766618
-1.749467
-1.752117
-1.754080
-1.751608
-1.758691
-1.756617
-1.751849
-1.760637
-1.759232
-1.747628
-1.750474
-1.779370
-1.767681
-1.770931
-1.768353
-1.766616
-1.749946
-1.752475
-1.765227
-1.751597
-1.767435
-1.764525
-1.772764
-1.764683
-1.761580
-1.783125
-1.778666
-1.783205
-1.775826
-1.795408
-1.790514
-1.790954
-1.782222
-1.785993
-1.796525
-1.783499
-1.792115
-1.768167
-1.795645
-1.799690
-1.806687
-1.798409
-1.796203
-1.797850
-1.789152
-1.800253
-1.796655
-1.794852
-1.796485
-1.798842
-1.823727
-1.817809
-1.823773
-1.809432
-1.807444
-1.814246
-1.814501
-1.807952
-1.811600
-1.793234
-1.800807
-1.805655
-1.804166
-1.819681
-1.804914
-1.800514
-1.804738
-1.810550
-1.788576
-1.805075
-1.780678
-1.788421
-1.782123
-1.804145
-1.784438
-1.809359
-1.805424
-1.785841
-1.802822
-1.776394
-1.775248
-1.805996
-1.804212
-1.792161
-1.798317
-1.809252
-1.795680
-1.795473
-1.829217
-1.803904
-1.807521
-1.792080
-1.783567
-1.787916
-1.799104
-1.790518
-1.801710
-1.793159
-1.788969
-1.789285
-1.796921
-1.789578
-1.794984
-1.793140
-1.770825
-1.803563
-1.791696
-1.767245
-1.788616
-1.782444
-1.769225
-1.782924
-1.768487
-1.766282
-1.767068
-1.794358
-1.792772
-1.775645
-1.785141
-1.782733
-1.778720
-1.781409
-1.790533
-1.783106
-1.788027
-1.768346
-1.791126
-1.796965
-1.777067
-1.804127
-1.789891
-1.780129
-1.777779
-1.766082
-1.774451
-1.756912
-1.761672
-1.759780
-1.760422
-1.777212
-1.766676
-1.795095
-1.789875
-1.780379
-1.786564
-1.766527
-1.788792
-1.770318
-1.780219
-1.772769
-1.785516
-1.778996
-1.789209
-1.784077
-1.796365
-1.768031
-1.792678
-1.754040
-1.773019
-1.756658
-1.749887
-1.743172
-1.746311
-1.743142
-1.756906
-1.769470
-1.764801
-1.756030
-1.754343
-1.760569
-1.751627
-1.741535
-1.748226
-1.744483
-1.764014
-1.758862
-1.769609
-1.773834
-1.761597
-1.782211
-1.774859
-1.759676
-1.763772
-1.762793
-1.750691
-1.762066
-1.760506
-1.745157
-1.756558
-1.737378
-1.761230
-1.765249
-1.743361
-1.770936
-1.754650
-1.754174
-1.767222
-1.764430
-1.766354
-1.766950
-1.760694
-1.771381
-1.768973
-1.772261
-1.760751
-1.763026
-1.750630
-1.754798
-1.779352
-1.764307
-1.766531
-1.774596
-1.771135
-1.783065
-1.793534
-1.769476
-1.787366
-1.789086
-1.783279
-1.792677
-1.777518
-1.791480
-1.768038
-1.770245
-1.770945
-1.762672
-1.771206
-1.767476
-1.769529
-1.765974
-1.754926
-1.741884
-1.748887
-1.728254
-1.728054
-1.745179
-1.720043
-1.730685
-1.727701
-1.725193
-1.727461
-1.749055
-1.746841
-1.759478
-1.751265
-1.755884
-1.741237
-1.750120
-1.758118
-1.747849
-1.732058
-1.738370
-1.735487
-1.740410
-1.746634
-1.748966
-1.765511
-1.761250
-1.761385
-1.756087
-1.746459
-1.761964
-1.772065
-1.751638
-1.766870
-1.758579
-1.753934
-1.770015
-1.755070
-1.748134
-1.746074
-1.745735
-1.771025
-1.762698
-1.765919
-1.776205
-1.758285
-1.764348
-1.757204
-1.770509
-1.767217
-1.756337
-1.781424
-1.762222
-1.777220
-1.762330
-1.741281
-1.753020
-1.740487
-1.738460
-1.752905
-1.763262
-1.761469
-1.764743
-1.764385
-1.755907
-1.765035
-1.778143
-1.766009
-1.776462
-1.769509
-1.757215
-1.753319
-1.777451
-1.790222
-1.790053
-1.777981
-1.790280
-1.801461
-1.794061
-1.789268
-1.787067
-1.788187
-1.752289
-1.772256
-1.778043
-1.756627
-1.770265
-1.757006
-1.749867
-1.728627
-1.748249
-1.744325
-1.752475
-1.763667
-1.753907
-1.749824
-1.753391
-1.759184
-1.755545
-1.757338
-1.744885
-1.761908
-1.744815
-1.762701
-1.744571
-1.747307
-1.721123
-1.718033
-1.723162
-1.729234
-1.693011
-1.722726
-1.715916
-1.705069
-1.699628
-1.720680
-1.699566
-1.710671
-1.721973
-1.728038
-1.723765
-1.734030
-1.753144
-1.761450
-1.751729
-1.754448
-1.759606
-1.766587
-1.759614
-1.751447
-1.756902
-1.745451
-1.748035
-1.756610
-1.742610
-1.746277
-1.726456
-1.724163
-1.720865
-1.724402
-1.723057
-1.717881
-1.737677
-1.743918
-1.764257
-1.757658
-1.776126
-1.767747
-1.777383
-1.768708
-1.788735
-1.766300
-1.771900
-1.773109
-1.785560
-1.779604
-1.799692
-1.777946
-1.797474
-1.798431
-1.815562
-1.800336
-1.806198
-1.790356
-1.798367
-1.780171
-1.798576
-1.782691
-1.789784
-1.802420
-1.789461
-1.785733
-1.788817
-1.779631
-1.778741
-1.778395
-1.791940
-1.778084
-1.797692
-1.783458
-1.775474
-1.780444
-1.782938
-1.782383
-1.784218
-1.766749
-1.778581
-1.765965
-1.783182
-1.770416
-1.762999
-1.760782
-1.777146
-1.763683
-1.765331
-1.766026
-1.733730
-1.763603
-1.748240
-1.761105
-1.765972
-1.762856
-1.756890
-1.778026
-1.768618
-1.767299
-1.771841
-1.795830
-1.774826
-1.772612
-1.777260
-1.773490
-1.781238
-1.766215
-1.787658
-1.778783
-1.792804
-1.785978
-1.771210
-1.775093
-1.761288
-1.757291
-1.749858
-1.742623
-1.760145
-1.749224
-1.765596
-1.760514
-1.765965
-1.767033
-1.768682
-1.763969
-1.762360
-1.757879
-1.758050
-1.775256
-1.758953
-1.770404
-1.776443
-1.780842
-1.765482
-1.769039
-1.762736
-1.751073
-1.754443
-1.740515
-1.729096
-1.726020
-1.744205
-1.741076
-1.739609
-1.737646
-1.732724
-1.724717
-1.730857
-1.742701
-1.738540
-1.735193
-1.749425
-1.751881
-1.743255
-1.744150
-1.717570
-1.720508
-1.733228
-1.732377
-1.728677
-1.744223
-1.750361
-1.755568
-1.750342
-1.746276
-1.744523
-1.745085
-1.743864
-1.747452
-1.734047
-1.735128
-1.725146
-1.714228
-1.716017
-1.706382
-1.721544
-1.734803
-1.750881
-1.738943
-1.736396
-1.741160
-1.731234
-1.728247
-1.745088
-1.749316
-1.736527
-1.734545
-1.739609
-1.721244
-1.712308
-1.719144
-1.733741
-1.725966
-1.717861
-1.718755
-1.744110
-1.721861
-1.725916
-1.726233
-1.713487
-1.708553
-1.713542
-1.709665
-1.706316
-1.716631
-1.724141
-1.718032
-1.709963
-1.717378
-1.711007
-1.703456
-1.714909
-1.723640
-1.723431
-1.727973
-1.717611
-1.710724
-1.725291
-1.720766
-1.737162
-1.732682
-1.747733
-1.748920
-1.739982
-1.726610
-1.717186
-1.711073
-1.695139
-1.708224
-1.731776
-1.736339
-1.742680
-1.732731
-1.739718
-1.742137
-1.737496
-1.730738
-1.745562
-1.739784
-1.738205
-1.722138
-1.724701
-1.712892
-1.726551
-1.702705
-1.723830
-1.709369
-1.722076
-1.707787
-1.742974
-1.739849
-1.734043
-1.735197
-1.748960
-1.752052
-1.760752
-1.754922
-1.750497
-1.742054
-1.750840
-1.751999
-1.752311
-1.762651
-1.744372
-1.760047
-1.767599
-1.749895
-1.751694
-1.757493
-1.744117
-1.737136
-1.712001
-1.741617
-1.732708
-1.744689
-1.745519
-1.764312
-1.751668
-1.755563
-1.766605
-1.756979
-1.759591
-1.763877
-1.751898
-1.781325
-1.743940
-1.797414
-1.791381
-1.773943
-1.768434
-1.766908
-1.753089
-1.751976
-1.724738
-1.746683
-1.749425
-1.737961
-1.730434
-1.744148
-1.744955
-1.750814
-1.746249
-1.748415
-1.773463
-1.762525
-1.749491
-1.767416
-1.762411
-1.754561
-1.752606
-1.756255
-1.737529
-1.756933
-1.776985
-1.761272
-1.772260
-1.750401
-1.761143
-1.745938
-1.756957
-1.759621
-1.763721
-1.753495
-1.773253
-1.761774
-1.756127
-1.777220
-1.767588
-1.773752
-1.778184
-1.776180
-1.787879
-1.789240
-1.784758
-1.802141
-1.805764
-1.813674
-1.799755
-1.801776
-1.806902
-1.782518
-1.801709
-1.798592
-1.794142
-1.790623
-1.801584
-1.785588
-1.799263
-1.798794
-1.812297
-1.793957
-1.793788
-1.808699
-1.789716
-1.787092
-1.789753
-1.791443
-1.797259
-1.795731
-1.800299
-1.785341
-1.809787
-1.818649
-1.813687
-1.798385
-1.790677
-1.797441
-1.789897
-1.812229
-1.798292
-1.800364
-1.799098
-1.789338
-1.775547
-1.761819
-1.765573
-1.762313
-1.755185
-1.753600
-1.748885
-1.780465
-1.754072
-1.779137
-1.780048
-1.779777
-1.803858
-1.778488
-1.768615
-1.774318
-1.769996
-1.747193
-1.767775
-1.780722
-1.789761
-1.766903
-1.760833
-1.769930
-1.762856
-1.772348
-1.768507
-1.774790
-1.754533
-1.767577
-1.767144
-1.777102
-1.774172
-1.777650
-1.762701
-1.759126
-1.758931
-1.740405
-1.737184
-1.751693
-1.737234
-1.763308
-1.762957
-1.775878
-1.771002
-1.769414
-1.770864
-1.779107
-1.769700
-1.777436
-1.769578
-1.776630
-1.778282
-1.791876
-1.777157
-1.789274
-1.801719
-1.783399
-1.780743
-1.790828
-1.780748
-1.787786
-1.760240
-1.765251
-1.770731
-1.768364
-1.777379
-1.758162
-1.787771
-1.791025
-1.771187
-1.761373
-1.754811
-1.755356
-1.751207
-1.757719
-1.755631
-1.765983
-1.783656
-1.779443
-1.776367
-1.777143
-1.794300
-1.779697
-1.777608
-1.777484
-1.762537
-1.778932
-1.766853
-1.758024
-1.757487
-1.743598
-1.742846
-1.726873
-1.732533
-1.739311
-1.732632
-1.740885
-1.735453
-1.746343
-1.761931
-1.757928
-1.741294
-1.756441
-1.737285
-1.744035
-1.753256
-1.743293
-1.754169
-1.761236
-1.760741
-1.758950
-1.763948
-1.760609
-1.746797
-1.759410
-1.764897
-1.738728
-1.741372
-1.757360
-1.758090
-1.743861
-1.766190
-1.740141
-1.759834
-1.748040
-1.720719
-1.740577
-1.752142
-1.725590
-1.753084
-1.741051
-1.724261
-1.719505
-1.756862
-1.741611
-1.750507
-1.737779
-1.742724
-1.746617
-1.744222
-1.746309
-1.755227
-1.748318
-1.719749
-1.722270
-1.743810
-1.720962
-1.738231
-1.731502
-1.753906
-1.732441
-1.740118
-1.747103
-1.721179
-1.746987
-1.749132
-1.739654
-1.762503
-1.746967
-1.743878
-1.747563
-1.752000
-1.753858
-1.777556
-1.767325
-1.765164
-1.782166
-1.780653
-1.767019
-1.752658
-1.762365
-1.772988
-1.773890
-1.767434
-1.763914
-1.765165
-1.761184
-1.757309
-1.758981
-1.778236
-1.768782
-1.760970
-1.777322
-1.782580
-1.761057
-1.768684
-1.775222
-1.758063
-1.761419
-1.750188
-1.760242
-1.769734
-1.770028
-1.799727
-1.769132
-1.756451
-1.754605
-1.778651
-1.775511
-1.781244
-1.783624
-1.781366
-1.783257
-1.778485
-1.791073
-1.785654
-1.764500
-1.767881
-1.758784
-1.773462
-1.779668
-1.779909
-1.770343
-1.769520
-1.775339
-1.750103
-1.765891
-1.742833
-1.734826
-1.724435
-1.710617
-1.722351
-1.737130
-1.750221
-1.727619
-1.755694
-1.741412
-1.755538
-1.770087
-1.748228
-1.759286
-1.749386
-1.763544
-1.759520
-1.749810
-1.758873
-1.747238
-1.766801
-1.755403
-1.774953
-1.764256
-1.759855
-1.771356
-1.767454
-1.786688
-1.779236
-1.762090
-1.751663
-1.757355
-1.748596
-1.749041
-1.757703
-1.754409
-1.759862
-1.769493
-1.771626
-1.787968
-1.767319
-1.774045
-1.772087
-1.759501
-1.751079
-1.762338
-1.771063
-1.771493
-1.761733
-1.759376
-1.759759
-1.749795
-1.762309
-1.776269
-1.761642
-1.755445
-1.747597
-1.748432
-1.754251
-1.744089
-1.768399
-1.767094
-1.775502
-1.763106
-1.774866
-1.762087
-1.772205
-1.766611
-1.759477
-1.763336
-1.762554
-1.771612
-1.765987
-1.759939
-1.760950
-1.768479
-1.790969
-1.767216
-1.788622
-1.795035
-1.770490
-1.772059
-1.779115
-1.762029
-1.752768
-1.762853
-1.764475
-1.753103
-1.761012
-1.770492
-1.750180
-1.763649
-1.769041
-1.771697
-1.769960
-1.790332
-1.776103
-1.774798
-1.787117
-1.774566
-1.786025
-1.788867
-1.801385
-1.791869
-1.785000
-1.803593
-1.781909
-1.787351
-1.785548
-1.771541
-1.765851
-1.761722
-1.741988
-1.757329
-1.770117
-1.761016
-1.752717
-1.754337
-1.763126
-1.741985
-1.754520
-1.770490
-1.754965
-1.767180
-1.747790
-1.736257
-1.753090
-1.738608
-1.736034
-1.756276
-1.755820
-1.752702
-1.764055
-1.760423
-1.776524
-1.787202
-1.800013
-1.793789
-1.800933
-1.768819
-1.764391
-1.762299
-1.757854
-1.770748
-1.772941
-1.772592
-1.745599
-1.766592
-1.755587
-1.768459
-1.752793
-1.774340
-1.762830
-1.773013
-1.764680
-1.792962
-1.790784
-1.778093
-1.768320
-1.769701
-1.771691
-1.753327
-1.761692
-1.752967
-1.753103
-1.758386
-1.758146
-1.757651
-1.762367
-1.769514
-1.772774
-1.787834
-1.790961
-1.771309
-1.789446
-1.795159
-1.778298
-1.785823
-1.770664
-1.786168
-1.779274
-1.776585
-1.766511
-1.761423
-1.755822
-1.747696
-1.748661
-1.754747
-1.774985
-1.772936
-1.760912
-1.774889
-1.774263
-1.776417
-1.759587
-1.761813
-1.787687
-1.789006
-1.799479
-1.781058
-1.779785
-1.787181
-1.773229
-1.777033
-1.787199
-1.786329
-1.780982
-1.773757
-1.771761
-1.773814
-1.776099
-1.769655
-1.765438
-1.763300
-1.771470
-1.761084
-1.768493
-1.744627
-1.770559
-1.755928
-1.745561
-1.750163
-1.750902
-1.733254
-1.751900
-1.736134
-1.750956
-1.767769
-1.762180
-1.752917
-1.760643
-1.749305
-1.759894
-1.741976
-1.777433
-1.786160
-1.780659
-1.779828
-1.794313
-1.771854
-1.780973
-1.781454
-1.784496
-1.769738
-1.779960
-1.782578
-1.783779
-1.773782
-1.756619
-1.776611
-1.764901
-1.764311
-1.769153
-1.753089
-1.765348
-1.762364
-1.752391
-1.763288
-1.762307
-1.762890
-1.757006
-1.776150
-1.753781
-1.779850
-1.769752
-1.764393
-1.777070
-1.749811
-1.738081
-1.741576
-1.740913
-1.739103
-1.744091
-1.740351
-1.746473
-1.746692
-1.739676
-1.726771
-1.740115
-1.744989
-1.750471
-1.746050
-1.741371
-1.748165
-1.741176
-1.750197
-1.754018
-1.731095
-1.739928
-1.738111
-1.757396
-1.756892
-1.757015
-1.764111
-1.752142
-1.748972
-1.743543
-1.753836
-1.730569
-1.750492
-1.744787
-1.748208
-1.752762
-1.714670
-1.754563
-1.746850
-1.748642
-1.755520
-1.753079
-1.748937
-1.741293
-1.744525
-1.760420
-1.763658
-1.755594
-1.752717
-1.743480
-1.761358
-1.744662
-1.762842
-1.742955
-1.753320
-1.757298
-1.777018
-1.772234
-1.764547
-1.760790
-1.774112
-1.773366
-1.777423
-1.789284
-1.784408
-1.765507
-1.778934
-1.761084
-1.769524
-1.770362
-1.767982
-1.753831
-1.762998
-1.753577
-1.760758
-1.764846
-1.778335
-1.792006
-1.788567
-1.783007
-1.775313
-1.746916
-1.760585
-1.762732
-1.783662
-1.803020
-1.797603
-1.799977
-1.782948
-1.812550
-1.797690
-1.808162
-1.826974
-1.779242
-1.795034
-1.783899
-1.783562
-1.781869
-1.782386
-1.765225
-1.773548
-1.752024
-1.765823
-1.756619
-1.753965
-1.768528
-1.764070
-1.778344
-1.789142
-1.806598
-1.808294
-1.832469
-1.825374
-1.809143
-1.822823
-1.800657
-1.821425
-1.818126
-1.844966
-1.842225
-1.830122
-1.816356
-1.816233
-1.811454
-1.815627
-1.815269
-1.823617
-1.823754
-1.813721
-1.801949
-1.822171
-1.810183
-1.801943
-1.807732
-1.814084
-1.807438
-1.818209
-1.803020
-1.797679
-1.812169
-1.816335
-1.821658
-1.818641
-1.819459
-1.810318
-1.805510
-1.819765
-1.829517
-1.833882
-1.817252
-1.830802
-1.830509
-1.841484
-1.832882
-1.840370
-1.830203
-1.817598
-1.801457
-1.811525
-1.807544
-1.823198
-1.838009
-1.841894
-1.833071
-1.829991
-1.827066
-1.833581
-1.825716
-1.831579
-1.815601
-1.828713
-1.836476
-1.836387
-1.832605
-1.826070
-1.836541
-1.826457
-1.833787
-1.827210
-1.843330
-1.837040
-1.836126
-1.829250
-1.836154
-1.806686
-1.838608
-1.829190
-1.809115
-1.844814
-1.830841
-1.835608
-1.826431
-1.825252
-1.800477
-1.813335
-1.805665
-1.806826
-1.803360
-1.799908
-1.800593
-1.800707
-1.772885
-1.789200
-1.792225
-1.789654
-1.779244
-1.782585
-1.782049
-1.760415
-1.773069
-1.766650
-1.791080
-1.786905
-1.788497
-1.792783
-1.775388
-1.792695
-1.785481
-1.804142
-1.787806
-1.790128
-1.802980
-1.783328
-1.798408
-1.765261
-1.770091
-1.794761
-1.784063
-1.782662
-1.812124
-1.796994
-1.785487
-1.769832
-1.780932
-1.782839
-1.761656
-1.766864
-1.756214
-1.752053
-1.745566
-1.760303
-1.746751
-1.758177
-1.741689
-1.740426
-1.750850
-1.741510
-1.763839
-1.749234
-1.759549
-1.766080
-1.763132
-1.761453
-1.785416
-1.751028
-1.758099
-1.738896
-1.756538
-1.754998
-1.779314
-1.768365
-1.794572
-1.771613
-1.780906
-1.770806
-1.775610
-1.769882
-1.761194
-1.758548
-1.790392
-1.781042
-1.792200
-1.789051
-1.790820
-1.785626
-1.786970
-1.781907
-1.767503
-1.794321
-1.778907
-1.769650
-1.760045
-1.758503
-1.750583
-1.763313
-1.765014
-1.775909
-1.769322
-1.776477
-1.765680
-1.770240
-1.755152
-1.754458
-1.750679
-1.753755
-1.766879
-1.772070
-1.769969
-1.765406
-1.754256
-1.743086
-1.763346
-1.749655
-1.743048
-1.749731
-1.741211
-1.723953
-1.726068
-1.742012
-1.741164
-1.743289
-1.739792
-1.739605
-1.753150
-1.751717
-1.745790
-1.734779
-1.750526
-1.732712
-1.752885
-1.738862
-1.751859
-1.765063
-1.764963
-1.777826
-1.769030
-1.771372
-1.783815
-1.781276
-1.782542
-1.787343
-1.793490
-1.789695
-1.796655
-1.775012
-1.762245
-1.760037
-1.745477
-1.732615
-1.742831
-1.723848
-1.739504
-1.732064
-1.758670
-1.753392
-1.755984
-1.769161
-1.752387
-1.771827
-1.770984
-1.766117
-1.775402
-1.767103
-1.758000
-1.763763
-1.728188
-1.758179
-1.743273
-1.750328
-1.746371
-1.745283
-1.737680
-1.755909
-1.757381
-1.757626
-1.760270
-1.759236
-1.755874
-1.737372
-1.751023
-1.746726
-1.756927
-1.762540
-1.745757
-1.751539
-1.742365
-1.739887
-1.727593
-1.732433
-1.736723
-1.759137
-1.769187
-1.765158
-1.765094
-1.772710
-1.777730
-1.770941
-1.775800
-1.777673
-1.776359
-1.768308
-1.755736
-1.768655
-1.770620
-1.776027
-1.759458
-1.752494
-1.747344
-1.754214
-1.746464
-1.751685
-1.757524
-1.758477
-1.780718
-1.788921
-1.767444
-1.790857
-1.791642
-1.789930
-1.786913
-1.779482
-1.785585
-1.777372
-1.773888
-1.778484
-1.760876
-1.788232
-1.777840
-1.789929
-1.802384
-1.790550
-1.775728
-1.775507
-1.795156
-1.801943
-1.817194
-1.788360
-1.792414
-1.801813
-1.792451
-1.812748
-1.807103
-1.817578
-1.829125
-1.814135
-1.801637
-1.781105
-1.794650
-1.787486
-1.811608
-1.805740
-1.796675
-1.803957
-1.796226
-1.773850
-1.789100
-1.791813
-1.818367
-1.789920
-1.778341
-1.786679
-1.768372
-1.778546
-1.779387
-1.779981
-1.783170
-1.782738
-1.798131
-1.770552
-1.779809
-1.767603
-1.762053
-1.751566
-1.760986
-1.746105
-1.756110
-1.747731
-1.741950
-1.748282
-1.748438
-1.757442
-1.740218
-1.737158
-1.738255
-1.722799
-1.732903
-1.719361
-1.706721
-1.735338
-1.726016
-1.726044
-1.737528
-1.730249
-1.733829
-1.733313
-1.715927
-1.726151
-1.720878
-1.737828
-1.732234
-1.736558
-1.732758
-1.746026
-1.736216
-1.752990
-1.753542
-1.730174
-1.745437
-1.743177
-1.742625
-1.745086
-1.747467
-1.747429
-1.735119
-1.758122
-1.738285
-1.756439
-1.752381
-1.750467
-1.768127
-1.770211
-1.773281
-1.756581
-1.752438
-1.737964
-1.743715
-1.743812
-1.721962
-1.734986
-1.719373
-1.732673
-1.723913
-1.726586
-1.713401
-1.738726
-1.747486
-1.743841
-1.749522
-1.762397
-1.762005
-1.754092
-1.763425
-1.763190
-1.758640
-1.766542
-1.736515
-1.743645
-1.726049
-1.728547
-1.741797
-1.726784
-1.728289
-1.737797
-1.734702
-1.746287
-1.738104
-1.747962
-1.745399
-1.736077
-1.736250
-1.721846
-1.752552
-1.740046
-1.753178
-1.758470
-1.741391
-1.742491
-1.711177
-1.726313
-1.731093
-1.738149
-1.711147
-1.731891
-1.724879
-1.723120
-1.704412
-1.721735
-1.731792
-1.721437
-1.736129
-1.732880
-1.747560
-1.724947
-1.725585
-1.744222
-1.735025
-1.745525
-1.749492
-1.738531
-1.748314
-1.739789
-1.725588
-1.736623
-1.741784
-1.728459
-1.743750
-1.753001
-1.750001
-1.759524
-1.745026
-1.753200
-1.718834
-1.742085
-1.732378
-1.743084
-1.741759
-1.729298
-1.732884
-1.720063
-1.740995
-1.752699
-1.742725
-1.753795
-1.767846
-1.763402
-1.754184
-1.748751
-1.736137
-1.737070
-1.752295
-1.755988
-1.749445
-1.739752
-1.756861
-1.746991
-1.747462
-1.740177
-1.746385
-1.718635
-1.733416
-1.711627
-1.732442
-1.710851
-1.739887
-1.724589
-1.735664
-1.736697
-1.756268
-1.750472
-1.744456
-1.736846
-1.757717
-1.746870
-1.748082
-1.734013
-1.729340
-1.753423
-1.763134
-1.745478
-1.743641
-1.739177
-1.744948
-1.747369
-1.738496
-1.736288
-1.724685
-1.745364
-1.713370
-1.726547
-1.716818
-1.740570
-1.725671
-1.736987
-1.707636
-1.722475
-1.723874
-1.744347
-1.722794
-1.738285
-1.741438
-1.737934
-1.720255
-1.704193
-1.722781
-1.710465
-1.693111
-1.721948
-1.707254
-1.717370
-1.718559
-1.705226
-1.686894
-1.681510
-1.679902
-1.679051
-1.698235
-1.692867
-1.709056
-1.693535
-1.709555
-1.697311
-1.702657
-1.713191
-1.707106
-1.722012
-1.727034
-1.723310
-1.738995
-1.702672
-1.714666
-1.721588
-1.707512
-1.698481
-1.696891
-1.699550
-1.698530
-1.705470
-1.710140
-1.719253
-1.738652
-1.723857
-1.719511
-1.737205
-1.727813
-1.729349
-1.742170
-1.748005
-1.742503
-1.716669
-1.733218
-1.735205
-1.718242
-1.726203
-1.727213
-1.721872
-1.740014
-1.734172
-1.732284
-1.744247
-1.725659
-1.758699
-1.732818
-1.751041
-1.741015
-1.730117
-1.748277
-1.725140
-1.743551
-1.742444
-1.736502
-1.757392
-1.753942
-1.737325
-1.741467
-1.753282
-1.748299
-1.760039
-1.756516
-1.757659
-1.783863
-1.773312
-1.779518
-1.785158
-1.763782
-1.775326
-1.751422
-1.749253
-1.768260
-1.756571
-1.755716
-1.771932
-1.770625
-1.772086
-1.777155
-1.754192
-1.767012
-1.761572
-1.750803
-1.759948
-1.744269
-1.753352
-1.764632
-1.757636
-1.765186
-1.761884
-1.768772
-1.777544
-1.756298
-1.776396
-1.760405
-1.763277
-1.785335
-1.762716
-1.768189
-1.759614
-1.759581
-1.761643
-1.743706
-1.755346
-1.745556
-1.751361
-1.750189
-1.756217
-1.771463
-1.781966
-1.769225
-1.784293
-1.780140
-1.792180
-1.790441
-1.794951
-1.790906
-1.797106
-1.791936
-1.800321
-1.789514
-1.796496
-1.794389
-1.774082
-1.774170
-1.777018
-1.793825
-1.788794
-1.761339
-1.746512
-1.766411
-1.763600
-1.745391
-1.754799
-1.752647
-1.756802
-1.756201
-1.777595
-1.762853
-1.777569
-1.795598
-1.780107
-1.790484
-1.778236
-1.777951
-1.772206
-1.768518
-1.763139
-1.768620
-1.764409
-1.777469
-1.773847
-1.771092
-1.797370
-1.764430
-1.779336
-1.776215
-1.786260
-1.783711
-1.769429
-1.778533
-1.772749
-1.788775
-1.760308
-1.778792
-1.771027
-1.753839
-1.762224
-1.779042
-1.766134
-1.774843
-1.776740
-1.776765
-1.777824
-1.778701
-1.785281
-1.779004
-1.770605
-1.777709
-1.774005
-1.775352
-1.771476
-1.780931
-1.781148
-1.749865
-1.743964
-1.749837
-1.752526
-1.737574
-1.748729
-1.757157
-1.727938
-1.744475
-1.740351
-1.744487
-1.728718
-1.750569
-1.733965
-1.730726
-1.742294
-1.730211
-1.742549
-1.750189
-1.744387
-1.740955
-1.760324
-1.753689
-1.769579
-1.757256
-1.746751
-1.758324
-1.763049
-1.766148
-1.782783
-1.760112
-1.770345
-1.758340
-1.755843
-1.765321
-1.797638
-1.797723
-1.791228
-1.806899
-1.792779
-1.779215
-1.797464
-1.791689
-1.792399
-1.801866
-1.781918
-1.787177
-1.791018
-1.785852
-1.792359
-1.790327
-1.783320
-1.795529
-1.780345
-1.780352
-1.799885
-1.787867
-1.782411
-1.763882
-1.755282
-1.757368
-1.758249
-1.750747
-1.751569
-1.753251
-1.756238
-1.757114
-1.756946
-1.753096
-1.760706
-1.762338
-1.765211
-1.770411
-1.778802
-1.772117
-1.785003
-1.780156
-1.756055
-1.759763
-1.755204
-1.750474
-1.754825
-1.736367
-1.741689
-1.740885
-1.744166
-1.729704
-1.748547
-1.744188
-1.745925
-1.759333
-1.744390
-1.743992
-1.744064
-1.761135
-1.739913
-1.739412
-1.758112
-1.745685
-1.763224
-1.755271
-1.773740
-1.783569
-1.774260
-1.779709
-1.801183
-1.796294
-1.787726
-1.797668
-1.789062
-1.807393
-1.792753
-1.796343
-1.799418
-1.799122
-1.784666
-1.784854
-1.780379
-1.783525
-1.764175
-1.774953
-1.756412
-1.777236
-1.781479
-1.793296
-1.793953
-1.784132
-1.783042
-1.771780
-1.790667
-1.799290
-1.780519
-1.793572
-1.806117
-1.798467
-1.789436
-1.817612
-1.809227
-1.800782
-1.792925
-1.779297
-1.783742
-1.794196
-1.792796
-1.793159
-1.795988
-1.792177
-1.791656
-1.803837
-1.800637
-1.816301
-1.799866
-1.808775
-1.797558
-1.772046
-1.788479
-1.788622
-1.782832
-1.778053
-1.757205
-1.756046
-1.762115
-1.760131
-1.772340
-1.750952
-1.760637
-1.766841
-1.749598
-1.761015
-1.762359
-1.741935
-1.737696
-1.742117
-1.752294
-1.744590
-1.765814
-1.758888
-1.759778
-1.781120
-1.800601
-1.812103
-1.783622
-1.800204
-1.789832
-1.784499
-1.772268
-1.775136
-1.758627
-1.783010
-1.762908
-1.759228
-1.780065
-1.780630
-1.799468
-1.802217
-1.783157
-1.786361
-1.782499
-1.762929
-1.765590
-1.766818
-1.764169
-1.777110
-1.771609
-1.761649
-1.777830
-1.765785
-1.761224
-1.769904
-1.768645
-1.756778
-1.789890
-1.797275
-1.794585
-1.767254
-1.787689
-1.765612
-1.764305
-1.753288
-1.767419
-1.767886
-1.788668
-1.776191
-1.793318
-1.792365
-1.812225
-1.819253
-1.805628
-1.793495
-1.801251
-1.797958
-1.801504
-1.816040
-1.787767
-1.769095
-1.770328
-1.752663
-1.782147
-1.753179
-1.777551
-1.765848
-1.770685
-1.761896
-1.769975
-1.753338
-1.762341
-1.765193
-1.751909
-1.755343
-1.757291
-1.761104
-1.790138
-1.788407
-1.803232
-1.797110
-1.801044
-1.791182
-1.798468
-1.774903
-1.776432
-1.780652
-1.783816
-1.782689
-1.775368
-1.761876
-1.756541
-1.753927
-1.765829
-1.763213
-1.754328
-1.776126
-1.762420
-1.760283
-1.744914
-1.771924
-1.749848
-1.764714
-1.770617
-1.775474
-1.766919
-1.782261
-1.779307
-1.773732
-1.798450
-1.781107
-1.800190
-1.787598
-1.802311
-1.813280
-1.800965
-1.804273
-1.799903
-1.789483
-1.788386
-1.803937
-1.796617
-1.793647
-1.798405
-1.802214
-1.776774
-1.785319
-1.791416
-1.798851
-1.805584
-1.794500
-1.807731
-1.771100
-1.810514
-1.788016
-1.791702
-1.788094
-1.771440
-1.770426
-1.775862
-1.762091
-1.771132
-1.756467
-1.750278
-1.753658
-1.735807
-1.733080
-1.712355
-1.742914
-1.713676
-1.741105
-1.735661
-1.751153
-1.760159
-1.751704
-1.763026
-1.769692
-1.770978
-1.759804
-1.766011
-1.764998
-1.763111
-1.775620
-1.769086
-1.779835
-1.776489
-1.755924
-1.773673
-1.780264
-1.771131
-1.775217
-1.778188
-1.749097
-1.764344
-1.766979
-1.753854
-1.761257
-1.747083
-1.730061
-1.731056
-1.743748
-1.737985
-1.760860
-1.764838
-1.757854
-1.754092
-1.739227
-1.748612
-1.754930
-1.753568
-1.739449
-1.752941
-1.735896
-1.747859
-1.738135
-1.763089
-1.759260
-1.772231
-1.774911
-1.795020
-1.788653
-1.785204
-1.773598
-1.780285
-1.781086
-1.763126
-1.770704
-1.745545
-1.756793
-1.747989
-1.767006
-1.756302
-1.759593
-1.748373
-1.751815
-1.757561
-1.765871
-1.737637
-1.734577
-1.729882
-1.733765
-1.718150
-1.725590
-1.708257
-1.737135
-1.708798
-1.715777
-1.726862
-1.713938
-1.711329
-1.711657
-1.724818
-1.706697
-1.728327
-1.738089
-1.740042
-1.741184
-1.752051
-1.741385
-1.766647
-1.730197
-1.749278
-1.742634
-1.715354
-1.745444
-1.729624
-1.737825
-1.736222
-1.741888
-1.736397
-1.732398
-1.734531
-1.739071
-1.756684
-1.759865
-1.759615
-1.731878
-1.732371
-1.733712
-1.725906
-1.731964
-1.750721
-1.759956
-1.768619
-1.769863
-1.760296
-1.748377
-1.767781
-1.751037
-1.758816
-1.755149
-1.760014
-1.773400
-1.769991
-1.774706
-1.777553
-1.743129
-1.750090
-1.734353
-1.729637
-1.739125
-1.731448
-1.738456
-1.749106
-1.727681
-1.724029
-1.729072
-1.759892
-1.732841
-1.744031
-1.750229
-1.758954
-1.742162
-1.752759
-1.768792
-1.750228
-1.756765
-1.763601
-1.749784
-1.727217
-1.729909
-1.741959
-1.741375
-1.758324
-1.756281
-1.765442
-1.764587
-1.761423
-1.760465
-1.783735
-1.769989
-1.784338
-1.780406
-1.762516
-1.754014
-1.770540
-1.744898
-1.736478
-1.734209
-1.727086
-1.725539
-1.743178
-1.733252
-1.744217
-1.728813
-1.741242
-1.718310
-1.755868
-1.729232
-1.728023
-1.723485
-1.735473
-1.738408
-1.746885
-1.739468
-1.726020
-1.719229
-1.716673
-1.716033
-1.713770
-1.716472
-1.717595
-1.732852
-1.724951
-1.734268
-1.712986
-1.724986
-1.730839
-1.722836
-1.726427
-1.719383
-1.707036
-1.718827
-1.707171
-1.720713
-1.724794
-1.709811
