1.519521
1.521286
1.525212
1.531101
1.538982
1.549912
1.564834
1.585206
1.613668
1.654959
1.718687
1.826432
2.034543
2.524014
3.684813
3.708965
3.755969
3.837841
3.951858
4.106061
4.360060
4.887032
6.628218
22.539572
23.100688
23.287660
21.096880
24.169743
26.811669
39.418676
169.628671
1148.590560
1148.707319
1148.349565
1123.626685
1146.258983
1138.586297
1149.840653
1149.382299
1144.453576
1146.825026
1148.811478
1149.723444
1134.613012
1140.251539
1712.858473
4941.496487
4297.882262
31811.142828
31359.412875
3479901833836156682240.000000
198737207212320581746688.000000
5324254772319262905326739914752.000000
7464337263250164067892118071279616.000000
7464340976506524060867277520633856.000000
224361953650967890405481013787492352.000000
10179840684689380132116615707753033563635712.000000
nan
nan
nan
nan
nan
nan
nan
nan
nan
nan
nan
nan
nan
nan
nan
nan
nan
nan
nan
nan
nan
nan
nan
nan
nan
nan
nan
nan
nan
nan
nan
nan
nan
nan
nan
nan
nan
nan
nan
nan
nan
nan
nan
nan
nan
nan
nan
nan
nan
nan
nan
nan
nan
nan
nan
nan
nan
nan
nan
nan
nan
nan
nan
nan
nan
nan
nan
nan
nan
nan
nan
nan
nan
nan
nan
nan
nan
nan
nan
nan
nan
nan
nan
nan
nan
nan
nan
nan
nan
nan
nan
nan
nan
nan
nan
nan
nan
nan
nan
nan
nan
nan
nan
nan
nan
nan
nan
nan
nan
nan
nan
nan
nan
nan
nan
nan
nan
nan
nan
nan
nan
nan
nan
nan
nan
nan
nan
nan
nan
nan
nan
nan
nan
nan
nan
nan
nan
nan
nan
nan
nan
nan
nan
