-1.206045
-1.205967
-1.205822
-1.205606
-1.205319
-1.204955
-1.204501
-1.203939
-1.203234
-1.202326
-1.201102
-1.199324
-1.196435
-1.190934
-1.178390
-1.160743
-1.154377
-1.165442
-1.180303
-1.187958
-1.188096
-1.181811
-1.161125
-1.030305
-1.063597
-0.964769
1.605466
-0.704897
-1.096970
-1.015238
0.505404
-0.927072
-1.025516
-0.651754
26.924834
2.614108
9.894757
-0.926642
-0.454080
4.513802
2.142136
0.185072
-0.822719
6.486375
1.618717
450.099496
1.410159
11.250431
1.968670
1.406855
3934242364.935870
2560827.214305
111099855.412780
80706173.364559
14139448806.495289
16289597308.087423
5180509090.803993
215578619321.758026
95081242.133532
1397437601274213632.000000
216759392.135400
51449381758256.375000
2227828804.573370
7715531032.464483
12649239745.128229
5194063769.444198
18787740.350492
2800959228594.664551
286751656048.424194
60463488514.813240
1103186810890983.375000
-nan
125733988737.822189
6352937381.172493
82489140.000755
31156988892962624.000000
11702781667.542318
-nan
53490800.549347
1558533820.118408
-nan
3247630670.041366
4953844320.592690
415554420108385.250000
-nan
5481292891329.207031
165129380608.477814
5197332046.515058
5887768719888.332031
79781319693030.062500
3574477327.612464
2541360728002.153320
4307878033.277875
58935288060.388870
134619612.844135
872894067544.207031
171055607466.891754
324999232.985215
79121409514.309937
168707478228.808105
225787325201760672.000000
656329692500886.375000
1425604245199.947510
44598571084.836235
143763061151.076141
92774661315402.250000
516637962.880986
18231384603.513622
30150097760.822289
-nan
51270841634.447876
1170362421.646472
33933210.332632
4095552462.447200
24753718160.762192
90361961151.497543
-nan
19977391583988.105469
347246918.376504
31944366253.345192
18847667446.634602
61354155.823725
11543565094.362085
2180623526030.186279
6863792860342.040039
3354753926633.869141
3723405030.641440
122731349178.178650
6248957327.701834
23441730252481380.000000
1020290020.793758
13967074452.902695
17718641.207077
25007649274.140034
2368420471.784058
88615300746.123169
3495229935705730.500000
469532857.237134
1027661588976.246216
185943227145.044586
30602943200.335056
450164370.149985
1177808460.808259
102551351.644879
228441919.863663
536645165.502269
2843982000.662487
684357470268.520264
209774924703.056824
386029820323.874939
26102446076.507580
23189528265692.332031
10810031.602353
74463308338.392288
8982627799.395014
78068997.376864
873635247.929330
8061701015.616490
58142635373.868996
5289038747.374475
421668302482.380127
938467383189612544.000000
3149628523760108544.000000
29238110916717.253906
4547996365.870962
3367498570.628222
23390068557.646053
54072077061.317841
5756940614.506242
310217608.175849
814259913.012248
1531988089.420160
536083722.274625
487794264756.403503
18138197284140.375000
9449824030.465872
201104890.556067
41729908787.062164
2715978043034.079590
2619148156.994780
3042649312310.553711
109010665.221094
37983245432.389191
11405462042067.548828
40131620358911144.000000
55467302850.269142
4796826387093.523438
301359169662.867615
333520555885.858337
203040100393.294312
35750342276184.320312
196172303422.028503
234444890865.385834
229543998.803864
21628109466602.246094
4938712132.460011
46190655251.602646
3502605556.259553
12186878861232.779297
21124099.090323
