3.7000    3.7000    3.7000    3.7000    3.7000    3.7000    3.7000    3.7000    3.7000    3.7000    3.7000    3.7000    3.7000    3.7000    3.7000    3.7000    3.7000    3.7000    3.7000    3.7000    3.7000    3.7000    3.7000    3.7000    3.7000    3.7000    3.7000    3.7000    3.7000    3.7000    3.7000    3.7000    3.7000    3.7000    3.7000    3.7000    3.7000    3.7000    3.7000    3.7000    3.7000    3.7000    3.7000    3.7000    3.7000    3.7000    3.7000    3.7000    3.7000    3.7000    3.7000    3.7000    3.7000    3.7000    3.7000    3.7000    3.7000    3.7000    3.7000    3.7000    3.7000    3.7000    3.7000    3.7000    3.7000    3.7000    3.7000    3.7000    
3.7000    3.7000    3.7000    3.7000    3.7000    3.7000    3.7000    3.7000    3.7000    3.7000    3.7000    3.7000    3.7000    3.7000    3.7000    3.7000    3.7000    3.7000    3.7000    3.7000    3.7000    3.7000    3.7000    3.7000    3.7000    3.7000    3.7000    3.7000    3.7000    3.7000    3.7000    3.7000    3.7000    3.7000    3.7000    3.7000    3.7000    3.7000    3.7000    3.7000    3.7000    3.7000    3.7000    3.7000    3.7000    3.7000    3.7000    3.7000    3.7000    3.7000    3.7000    3.7000    3.7000    3.7000    3.7000    3.7000    3.7000    3.7000    3.7000    3.7000    3.7000    3.7000    3.7000    3.7000    3.7000    3.7000    3.7000    3.7000    
3.6000    3.6000    3.6316    3.6406    3.6437    3.6450    3.6457    3.6460    3.6462    3.6463    3.6464    3.6463    3.6463    3.6462    3.6462    3.6461    3.6460    3.6459    3.6458    3.6457    3.6456    3.6455    3.6455    3.6454    3.6453    3.6452    3.6452    3.6451    3.6451    3.6450    3.6450    3.6450    3.6450    3.6449    3.6449    3.6450    3.6450    3.6450    3.6450    3.6451    3.6451    3.6452    3.6452    3.6453    3.6454    3.6455    3.6455    3.6456    3.6457    3.6458    3.6459    3.6460    3.6461    3.6462    3.6462    3.6463    3.6463    3.6464    3.6463    3.6462    3.6460    3.6457    3.6450    3.6437    3.6406    3.6316    3.6000    3.6000    
3.6000    3.6000    3.5859    3.5869    3.5891    3.5907    3.5917    3.5923    3.5926    3.5927    3.5928    3.5927    3.5926    3.5925    3.5924    3.5922    3.5920    3.5918    3.5916    3.5914    3.5913    3.5911    3.5909    3.5908    3.5906    3.5905    3.5904    3.5902    3.5901    3.5901    3.5900    3.5900    3.5899    3.5899    3.5899    3.5899    3.5900    3.5900    3.5901    3.5901    3.5902    3.5904    3.5905    3.5906    3.5908    3.5909    3.5911    3.5913    3.5914    3.5916    3.5918    3.5920    3.5922    3.5924    3.5925    3.5926    3.5927    3.5928    3.5927    3.5926    3.5923    3.5917    3.5907    3.5891    3.5869    3.5859    3.6000    3.6000    
3.5000    3.5000    3.5251    3.5322    3.5353    3.5370    3.5381    3.5387    3.5391    3.5393    3.5393    3.5392    3.5390    3.5388    3.5386    3.5383    3.5381    3.5378    3.5375    3.5372    3.5369    3.5367    3.5364    3.5362    3.5359    3.5357    3.5356    3.5354    3.5353    3.5351    3.5350    3.5350    3.5349    3.5349    3.5349    3.5349    3.5350    3.5350    3.5351    3.5353    3.5354    3.5356    3.5357    3.5359    3.5362    3.5364    3.5367    3.5369    3.5372    3.5375    3.5378    3.5381    3.5383    3.5386    3.5388    3.5390    3.5392    3.5393    3.5393    3.5391    3.5387    3.5381    3.5370    3.5353    3.5322    3.5251    3.5000    3.5000    
3.5000    3.5000    3.4823    3.4813    3.4827    3.4840    3.4850    3.4855    3.4858    3.4859    3.4859    3.4857    3.4855    3.4852    3.4849    3.4845    3.4841    3.4838    3.4834    3.4830    3.4826    3.4823    3.4819    3.4816    3.4813    3.4810    3.4808    3.4806    3.4804    3.4802    3.4801    3.4800    3.4799    3.4799    3.4799    3.4799    3.4800    3.4801    3.4802    3.4804    3.4806    3.4808    3.4810    3.4813    3.4816    3.4819    3.4823    3.4826    3.4830    3.4834    3.4838    3.4841    3.4845    3.4849    3.4852    3.4855    3.4857    3.4859    3.4859    3.4858    3.4855    3.4850    3.4840    3.4827    3.4813    3.4823    3.5000    3.5000    
3.4000    3.4000    3.4228    3.4282    3.4302    3.4314    3.4322    3.4326    3.4328    3.4328    3.4327    3.4324    3.4321    3.4317    3.4312    3.4308    3.4303    3.4298    3.4293    3.4288    3.4284    3.4279    3.4275    3.4271    3.4267    3.4264    3.4261    3.4258    3.4256    3.4254    3.4252    3.4251    3.4250    3.4250    3.4250    3.4250    3.4251    3.4252    3.4254    3.4256    3.4258    3.4261    3.4264    3.4267    3.4271    3.4275    3.4279    3.4284    3.4288    3.4293    3.4298    3.4303    3.4308    3.4312    3.4317    3.4321    3.4324    3.4327    3.4328    3.4328    3.4326    3.4322    3.4314    3.4302    3.4282    3.4228    3.4000    3.4000    
3.4000    3.4000    3.3806    3.3783    3.3787    3.3793    3.3797    3.3800    3.3800    3.3798    3.3796    3.3792    3.3787    3.3782    3.3777    3.3771    3.3765    3.3759    3.3753    3.3747    3.3742    3.3736    3.3731    3.3726    3.3722    3.3718    3.3714    3.3711    3.3708    3.3706    3.3704    3.3702    3.3701    3.3701    3.3701    3.3701    3.3702    3.3704    3.3706    3.3708    3.3711    3.3714    3.3718    3.3722    3.3726    3.3731    3.3736    3.3742    3.3747    3.3753    3.3759    3.3765    3.3771    3.3777    3.3782    3.3787    3.3792    3.3796    3.3798    3.3800    3.3800    3.3797    3.3793    3.3787    3.3783    3.3806    3.4000    3.4000    
3.3000    3.3000    3.3215    3.3257    3.3269    3.3274    3.3276    3.3276    3.3274    3.3271    3.3266    3.3261    3.3255    3.3249    3.3242    3.3235    3.3228    3.3221    3.3214    3.3207    3.3201    3.3194    3.3188    3.3183    3.3177    3.3173    3.3168    3.3164    3.3161    3.3158    3.3156    3.3154    3.3153    3.3153    3.3153    3.3153    3.3154    3.3156    3.3158    3.3161    3.3164    3.3168    3.3173    3.3177    3.3183    3.3188    3.3194    3.3201    3.3207    3.3214    3.3221    3.3228    3.3235    3.3242    3.3249    3.3255    3.3261    3.3266    3.3271    3.3274    3.3276    3.3276    3.3274    3.3269    3.3257    3.3215    3.3000    3.3000    
3.3000    3.3000    3.2796    3.2763    3.2758    3.2757    3.2756    3.2753    3.2749    3.2744    3.2738    3.2732    3.2724    3.2717    3.2709    3.2700    3.2692    3.2684    3.2676    3.2668    3.2660    3.2653    3.2646    3.2639    3.2633    3.2628    3.2623    3.2619    3.2615    3.2612    3.2609    3.2607    3.2606    3.2605    3.2605    3.2606    3.2607    3.2609    3.2612    3.2615    3.2619    3.2623    3.2628    3.2633    3.2639    3.2646    3.2653    3.2660    3.2668    3.2676    3.2684    3.2692    3.2700    3.2709    3.2717    3.2724    3.2732    3.2738    3.2744    3.2749    3.2753    3.2756    3.2757    3.2758    3.2763    3.2796    3.3000    3.3000    
3.2000    3.2000    3.2206    3.2240    3.2244    3.2242    3.2238    3.2233    3.2227    3.2220    3.2212    3.2204    3.2195    3.2185    3.2176    3.2166    3.2157    3.2147    3.2138    3.2129    3.2121    3.2112    3.2105    3.2097    3.2090    3.2084    3.2079    3.2074    3.2069    3.2066    3.2063    3.2061    3.2059    3.2059    3.2059    3.2059    3.2061    3.2063    3.2066    3.2069    3.2074    3.2079    3.2084    3.2090    3.2097    3.2105    3.2112    3.2121    3.2129    3.2138    3.2147    3.2157    3.2166    3.2176    3.2185    3.2195    3.2204    3.2212    3.2220    3.2227    3.2233    3.2238    3.2242    3.2244    3.2240    3.2206    3.2000    3.2000    
3.2000    3.2000    3.1788    3.1748    3.1736    3.1729    3.1722    3.1714    3.1706    3.1696    3.1687    3.1677    3.1666    3.1655    3.1644    3.1634    3.1623    3.1612    3.1602    3.1592    3.1582    3.1573    3.1564    3.1556    3.1548    3.1541    3.1535    3.1530    3.1525    3.1521    3.1518    3.1515    3.1514    3.1513    3.1513    3.1514    3.1515    3.1518    3.1521    3.1525    3.1530    3.1535    3.1541    3.1548    3.1556    3.1564    3.1573    3.1582    3.1592    3.1602    3.1612    3.1623    3.1634    3.1644    3.1655    3.1666    3.1677    3.1687    3.1696    3.1706    3.1714    3.1722    3.1729    3.1736    3.1748    3.1788    3.2000    3.2000    
3.1000    3.1000    3.1199    3.1226    3.1224    3.1216    3.1207    3.1196    3.1186    3.1175    3.1163    3.1151    3.1139    3.1126    3.1114    3.1102    3.1090    3.1078    3.1066    3.1055    3.1044    3.1034    3.1025    3.1016    3.1007    3.1000    3.0993    3.0987    3.0982    3.0977    3.0974    3.0971    3.0969    3.0968    3.0968    3.0969    3.0971    3.0974    3.0977    3.0982    3.0987    3.0993    3.1000    3.1007    3.1016    3.1025    3.1034    3.1044    3.1055    3.1066    3.1078    3.1090    3.1102    3.1114    3.1126    3.1139    3.1151    3.1163    3.1175    3.1186    3.1196    3.1207    3.1216    3.1224    3.1226    3.1199    3.1000    3.1000    
3.1000    3.1000    3.0782    3.0735    3.0718    3.0705    3.0692    3.0680    3.0667    3.0654    3.0640    3.0626    3.0613    3.0599    3.0585    3.0571    3.0558    3.0545    3.0532    3.0520    3.0508    3.0497    3.0486    3.0476    3.0467    3.0459    3.0452    3.0445    3.0439    3.0435    3.0431    3.0428    3.0426    3.0425    3.0425    3.0426    3.0428    3.0431    3.0435    3.0439    3.0445    3.0452    3.0459    3.0467    3.0476    3.0486    3.0497    3.0508    3.0520    3.0532    3.0545    3.0558    3.0571    3.0585    3.0599    3.0613    3.0626    3.0640    3.0654    3.0667    3.0680    3.0692    3.0705    3.0718    3.0735    3.0782    3.1000    3.1000    
3.0000    3.0000    3.0193    3.0215    3.0207    3.0194    3.0179    3.0164    3.0149    3.0134    3.0119    3.0103    3.0088    3.0072    3.0057    3.0042    3.0027    3.0013    2.9999    2.9985    2.9973    2.9960    2.9949    2.9938    2.9929    2.9920    2.9912    2.9905    2.9898    2.9893    2.9889    2.9886    2.9884    2.9883    2.9883    2.9884    2.9886    2.9889    2.9893    2.9898    2.9905    2.9912    2.9920    2.9929    2.9938    2.9949    2.9960    2.9973    2.9985    2.9999    3.0013    3.0027    3.0042    3.0057    3.0072    3.0088    3.0103    3.0119    3.0134    3.0149    3.0164    3.0179    3.0194    3.0207    3.0215    3.0193    3.0000    3.0000    
3.0000    3.0000    2.9776    2.9724    2.9702    2.9684    2.9667    2.9650    2.9633    2.9615    2.9598    2.9581    2.9564    2.9547    2.9530    2.9513    2.9497    2.9482    2.9467    2.9452    2.9438    2.9425    2.9413    2.9402    2.9391    2.9382    2.9373    2.9365    2.9359    2.9353    2.9349    2.9345    2.9343    2.9342    2.9342    2.9343    2.9345    2.9349    2.9353    2.9359    2.9365    2.9373    2.9382    2.9391    2.9402    2.9413    2.9425    2.9438    2.9452    2.9467    2.9482    2.9497    2.9513    2.9530    2.9547    2.9564    2.9581    2.9598    2.9615    2.9633    2.9650    2.9667    2.9684    2.9702    2.9724    2.9776    3.0000    3.0000    
2.9000    2.9000    2.9188    2.9205    2.9192    2.9174    2.9155    2.9136    2.9117    2.9098    2.9079    2.9060    2.9041    2.9022    2.9004    2.8986    2.8969    2.8952    2.8936    2.8920    2.8906    2.8892    2.8878    2.8866    2.8855    2.8845    2.8836    2.8827    2.8820    2.8814    2.8810    2.8806    2.8804    2.8803    2.8803    2.8804    2.8806    2.8810    2.8814    2.8820    2.8827    2.8836    2.8845    2.8855    2.8866    2.8878    2.8892    2.8906    2.8920    2.8936    2.8952    2.8969    2.8986    2.9004    2.9022    2.9041    2.9060    2.9079    2.9098    2.9117    2.9136    2.9155    2.9174    2.9192    2.9205    2.9188    2.9000    2.9000    
2.9000    2.9000    2.8772    2.8715    2.8688    2.8666    2.8644    2.8623    2.8602    2.8581    2.8560    2.8540    2.8519    2.8499    2.8480    2.8460    2.8442    2.8424    2.8406    2.8390    2.8374    2.8359    2.8345    2.8332    2.8320    2.8309    2.8300    2.8291    2.8283    2.8277    2.8272    2.8268    2.8266    2.8265    2.8265    2.8266    2.8268    2.8272    2.8277    2.8283    2.8291    2.8300    2.8309    2.8320    2.8332    2.8345    2.8359    2.8374    2.8390    2.8406    2.8424    2.8442    2.8460    2.8480    2.8499    2.8519    2.8540    2.8560    2.8581    2.8602    2.8623    2.8644    2.8666    2.8688    2.8715    2.8772    2.9000    2.9000    
2.8000    2.8000    2.8184    2.8196    2.8179    2.8157    2.8134    2.8111    2.8088    2.8065    2.8043    2.8021    2.7999    2.7977    2.7956    2.7936    2.7916    2.7897    2.7878    2.7861    2.7844    2.7828    2.7813    2.7800    2.7787    2.7775    2.7765    2.7756    2.7748    2.7741    2.7736    2.7732    2.7729    2.7728    2.7728    2.7729    2.7732    2.7736    2.7741    2.7748    2.7756    2.7765    2.7775    2.7787    2.7800    2.7813    2.7828    2.7844    2.7861    2.7878    2.7897    2.7916    2.7936    2.7956    2.7977    2.7999    2.8021    2.8043    2.8065    2.8088    2.8111    2.8134    2.8157    2.8179    2.8196    2.8184    2.8000    2.8000    
2.8000    2.8000    2.7768    2.7707    2.7676    2.7650    2.7624    2.7600    2.7575    2.7550    2.7526    2.7503    2.7479    2.7456    2.7434    2.7412    2.7391    2.7371    2.7351    2.7333    2.7315    2.7298    2.7283    2.7268    2.7255    2.7243    2.7232    2.7222    2.7214    2.7207    2.7202    2.7197    2.7195    2.7193    2.7193    2.7195    2.7197    2.7202    2.7207    2.7214    2.7222    2.7232    2.7243    2.7255    2.7268    2.7283    2.7298    2.7315    2.7333    2.7351    2.7371    2.7391    2.7412    2.7434    2.7456    2.7479    2.7503    2.7526    2.7550    2.7575    2.7600    2.7624    2.7650    2.7676    2.7707    2.7768    2.8000    2.8000    
2.7000    2.7000    2.7180    2.7189    2.7168    2.7142    2.7115    2.7089    2.7062    2.7036    2.7011    2.6985    2.6961    2.6936    2.6913    2.6890    2.6868    2.6846    2.6826    2.6806    2.6788    2.6770    2.6754    2.6739    2.6725    2.6712    2.6701    2.6691    2.6682    2.6675    2.6669    2.6664    2.6661    2.6660    2.6660    2.6661    2.6664    2.6669    2.6675    2.6682    2.6691    2.6701    2.6712    2.6725    2.6739    2.6754    2.6770    2.6788    2.6806    2.6826    2.6846    2.6868    2.6890    2.6913    2.6936    2.6961    2.6985    2.7011    2.7036    2.7062    2.7089    2.7115    2.7142    2.7168    2.7189    2.7180    2.7000    2.7000    
2.7000    2.7000    2.6764    2.6700    2.6665    2.6635    2.6607    2.6579    2.6551    2.6523    2.6496    2.6469    2.6443    2.6418    2.6393    2.6369    2.6346    2.6323    2.6302    2.6281    2.6262    2.6244    2.6226    2.6211    2.6196    2.6183    2.6171    2.6160    2.6151    2.6144    2.6138    2.6133    2.6130    2.6129    2.6129    2.6130    2.6133    2.6138    2.6144    2.6151    2.6160    2.6171    2.6183    2.6196    2.6211    2.6226    2.6244    2.6262    2.6281    2.6302    2.6323    2.6346    2.6369    2.6393    2.6418    2.6443    2.6469    2.6496    2.6523    2.6551    2.6579    2.6607    2.6635    2.6665    2.6700    2.6764    2.7000    2.7000    
2.6000    2.6000    2.6177    2.6182    2.6158    2.6129    2.6099    2.6069    2.6040    2.6011    2.5982    2.5954    2.5927    2.5900    2.5874    2.5849    2.5825    2.5801    2.5779    2.5758    2.5737    2.5718    2.5701    2.5684    2.5669    2.5655    2.5643    2.5632    2.5623    2.5615    2.5608    2.5604    2.5600    2.5599    2.5599    2.5600    2.5604    2.5608    2.5615    2.5623    2.5632    2.5643    2.5655    2.5669    2.5684    2.5701    2.5718    2.5737    2.5758    2.5779    2.5801    2.5825    2.5849    2.5874    2.5900    2.5927    2.5954    2.5982    2.6011    2.6040    2.6069    2.6099    2.6129    2.6158    2.6182    2.6177    2.6000    2.6000    
2.6000    2.6000    2.5761    2.5694    2.5656    2.5623    2.5591    2.5560    2.5530    2.5499    2.5470    2.5440    2.5412    2.5384    2.5357    2.5331    2.5305    2.5281    2.5258    2.5236    2.5215    2.5195    2.5176    2.5159    2.5144    2.5129    2.5117    2.5105    2.5095    2.5087    2.5081    2.5076    2.5073    2.5071    2.5071    2.5073    2.5076    2.5081    2.5087    2.5095    2.5105    2.5117    2.5129    2.5144    2.5159    2.5176    2.5195    2.5215    2.5236    2.5258    2.5281    2.5305    2.5331    2.5357    2.5384    2.5412    2.5440    2.5470    2.5499    2.5530    2.5560    2.5591    2.5623    2.5656    2.5694    2.5761    2.6000    2.6000    
2.5000    2.5000    2.5174    2.5176    2.5149    2.5117    2.5085    2.5052    2.5020    2.4989    2.4958    2.4927    2.4898    2.4869    2.4841    2.4814    2.4787    2.4762    2.4738    2.4715    2.4693    2.4673    2.4654    2.4636    2.4620    2.4605    2.4592    2.4580    2.4570    2.4562    2.4555    2.4550    2.4547    2.4545    2.4545    2.4547    2.4550    2.4555    2.4562    2.4570    2.4580    2.4592    2.4605    2.4620    2.4636    2.4654    2.4673    2.4693    2.4715    2.4738    2.4762    2.4787    2.4814    2.4841    2.4869    2.4898    2.4927    2.4958    2.4989    2.5020    2.5052    2.5085    2.5117    2.5149    2.5176    2.5174    2.5000    2.5000    
2.5000    2.5000    2.4758    2.4688    2.4648    2.4612    2.4578    2.4545    2.4512    2.4479    2.4447    2.4415    2.4385    2.4355    2.4326    2.4298    2.4270    2.4244    2.4220    2.4196    2.4174    2.4153    2.4133    2.4115    2.4098    2.4083    2.4069    2.4057    2.4047    2.4038    2.4031    2.4026    2.4022    2.4021    2.4021    2.4022    2.4026    2.4031    2.4038    2.4047    2.4057    2.4069    2.4083    2.4098    2.4115    2.4133    2.4153    2.4174    2.4196    2.4220    2.4244    2.4270    2.4298    2.4326    2.4355    2.4385    2.4415    2.4447    2.4479    2.4512    2.4545    2.4578    2.4612    2.4648    2.4688    2.4758    2.5000    2.5000    
2.4000    2.4000    2.4171    2.4171    2.4142    2.4107    2.4072    2.4038    2.4004    2.3970    2.3937    2.3904    2.3873    2.3842    2.3812    2.3783    2.3755    2.3728    2.3703    2.3678    2.3655    2.3634    2.3614    2.3595    2.3578    2.3562    2.3548    2.3536    2.3525    2.3516    2.3509    2.3504    2.3500    2.3499    2.3499    2.3500    2.3504    2.3509    2.3516    2.3525    2.3536    2.3548    2.3562    2.3578    2.3595    2.3614    2.3634    2.3655    2.3678    2.3703    2.3728    2.3755    2.3783    2.3812    2.3842    2.3873    2.3904    2.3937    2.3970    2.4004    2.4038    2.4072    2.4107    2.4142    2.4171    2.4171    2.4000    2.4000    
2.4000    2.4000    2.3756    2.3684    2.3641    2.3604    2.3567    2.3532    2.3496    2.3462    2.3428    2.3394    2.3362    2.3330    2.3299    2.3270    2.3241    2.3214    2.3187    2.3162    2.3139    2.3117    2.3096    2.3077    2.3059    2.3043    2.3029    2.3016    2.3006    2.2997    2.2989    2.2984    2.2980    2.2978    2.2978    2.2980    2.2984    2.2989    2.2997    2.3006    2.3016    2.3029    2.3043    2.3059    2.3077    2.3096    2.3117    2.3139    2.3162    2.3187    2.3214    2.3241    2.3270    2.3299    2.3330    2.3362    2.3394    2.3428    2.3462    2.3496    2.3532    2.3567    2.3604    2.3641    2.3684    2.3756    2.4000    2.4000    
2.3000    2.3000    2.3169    2.3167    2.3136    2.3099    2.3062    2.3026    2.2990    2.2954    2.2919    2.2885    2.2852    2.2819    2.2788    2.2758    2.2728    2.2700    2.2673    2.2648    2.2624    2.2601    2.2580    2.2561    2.2543    2.2526    2.2512    2.2499    2.2488    2.2479    2.2471    2.2466    2.2462    2.2460    2.2460    2.2462    2.2466    2.2471    2.2479    2.2488    2.2499    2.2512    2.2526    2.2543    2.2561    2.2580    2.2601    2.2624    2.2648    2.2673    2.2700    2.2728    2.2758    2.2788    2.2819    2.2852    2.2885    2.2919    2.2954    2.2990    2.3026    2.3062    2.3099    2.3136    2.3167    2.3169    2.3000    2.3000    
2.3000    2.3000    2.2754    2.2680    2.2636    2.2596    2.2558    2.2521    2.2484    2.2448    2.2412    2.2377    2.2343    2.2310    2.2278    2.2247    2.2217    2.2188    2.2161    2.2135    2.2111    2.2087    2.2066    2.2046    2.2028    2.2011    2.1996    2.1983    2.1972    2.1963    2.1955    2.1949    2.1946    2.1944    2.1944    2.1946    2.1949    2.1955    2.1963    2.1972    2.1983    2.1996    2.2011    2.2028    2.2046    2.2066    2.2087    2.2111    2.2135    2.2161    2.2188    2.2217    2.2247    2.2278    2.2310    2.2343    2.2377    2.2412    2.2448    2.2484    2.2521    2.2558    2.2596    2.2636    2.2680    2.2754    2.3000    2.3000    
2.2000    2.2000    2.2168    2.2164    2.2131    2.2093    2.2054    2.2016    2.1979    2.1942    2.1905    2.1870    2.1835    2.1802    2.1769    2.1737    2.1707    2.1678    2.1650    2.1624    2.1599    2.1575    2.1554    2.1533    2.1515    2.1498    2.1483    2.1470    2.1458    2.1449    2.1441    2.1435    2.1431    2.1429    2.1429    2.1431    2.1435    2.1441    2.1449    2.1458    2.1470    2.1483    2.1498    2.1515    2.1533    2.1554    2.1575    2.1599    2.1624    2.1650    2.1678    2.1707    2.1737    2.1769    2.1802    2.1835    2.1870    2.1905    2.1942    2.1979    2.2016    2.2054    2.2093    2.2131    2.2164    2.2168    2.2000    2.2000    
2.2000    2.2000    2.1753    2.1677    2.1631    2.1591    2.1551    2.1513    2.1474    2.1437    2.1400    2.1364    2.1329    2.1294    2.1261    2.1229    2.1198    2.1169    2.1141    2.1114    2.1089    2.1065    2.1043    2.1022    2.1004    2.0986    2.0971    2.0958    2.0946    2.0937    2.0929    2.0923    2.0919    2.0917    2.0917    2.0919    2.0923    2.0929    2.0937    2.0946    2.0958    2.0971    2.0986    2.1004    2.1022    2.1043    2.1065    2.1089    2.1114    2.1141    2.1169    2.1198    2.1229    2.1261    2.1294    2.1329    2.1364    2.1400    2.1437    2.1474    2.1513    2.1551    2.1591    2.1631    2.1677    2.1753    2.2000    2.2000    
2.1000    2.1000    2.1166    2.1161    2.1127    2.1088    2.1048    2.1009    2.0971    2.0932    2.0895    2.0859    2.0823    2.0788    2.0755    2.0722    2.0691    2.0661    2.0633    2.0606    2.0580    2.0556    2.0534    2.0513    2.0494    2.0477    2.0461    2.0448    2.0436    2.0426    2.0419    2.0413    2.0409    2.0407    2.0407    2.0409    2.0413    2.0419    2.0426    2.0436    2.0448    2.0461    2.0477    2.0494    2.0513    2.0534    2.0556    2.0580    2.0606    2.0633    2.0661    2.0691    2.0722    2.0755    2.0788    2.0823    2.0859    2.0895    2.0932    2.0971    2.1009    2.1048    2.1088    2.1127    2.1161    2.1166    2.1000    2.1000    
2.1000    2.1000    2.0752    2.0675    2.0628    2.0587    2.0546    2.0507    2.0467    2.0429    2.0391    2.0354    2.0318    2.0283    2.0250    2.0217    2.0185    2.0155    2.0126    2.0099    2.0073    2.0049    2.0027    2.0006    1.9987    1.9969    1.9954    1.9940    1.9928    1.9918    1.9910    1.9904    1.9900    1.9898    1.9898    1.9900    1.9904    1.9910    1.9918    1.9928    1.9940    1.9954    1.9969    1.9987    2.0006    2.0027    2.0049    2.0073    2.0099    2.0126    2.0155    2.0185    2.0217    2.0250    2.0283    2.0318    2.0354    2.0391    2.0429    2.0467    2.0507    2.0546    2.0587    2.0628    2.0675    2.0752    2.1000    2.1000    
2.0000    2.0000    2.0166    2.0160    2.0125    2.0085    2.0044    2.0004    1.9965    1.9926    1.9888    1.9851    1.9815    1.9780    1.9745    1.9712    1.9681    1.9650    1.9621    1.9594    1.9568    1.9544    1.9521    1.9500    1.9481    1.9463    1.9448    1.9434    1.9422    1.9412    1.9404    1.9398    1.9394    1.9392    1.9392    1.9394    1.9398    1.9404    1.9412    1.9422    1.9434    1.9448    1.9463    1.9481    1.9500    1.9521    1.9544    1.9568    1.9594    1.9621    1.9650    1.9681    1.9712    1.9745    1.9780    1.9815    1.9851    1.9888    1.9926    1.9965    2.0004    2.0044    2.0085    2.0125    2.0160    2.0166    2.0000    2.0000    
2.0000    2.0000    1.9751    1.9674    1.9626    1.9584    1.9543    1.9503    1.9463    1.9424    1.9386    1.9349    1.9312    1.9277    1.9242    1.9209    1.9178    1.9147    1.9118    1.9090    1.9064    1.9040    1.9017    1.8996    1.8977    1.8959    1.8943    1.8930    1.8918    1.8908    1.8900    1.8894    1.8890    1.8888    1.8888    1.8890    1.8894    1.8900    1.8908    1.8918    1.8930    1.8943    1.8959    1.8977    1.8996    1.9017    1.9040    1.9064    1.9090    1.9118    1.9147    1.9178    1.9209    1.9242    1.9277    1.9312    1.9349    1.9386    1.9424    1.9463    1.9503    1.9543    1.9584    1.9626    1.9674    1.9751    2.0000    2.0000    
1.9000    1.9000    1.9165    1.9159    1.9123    1.9083    1.9042    1.9002    1.8962    1.8923    1.8885    1.8847    1.8811    1.8775    1.8741    1.8708    1.8676    1.8645    1.8616    1.8588    1.8562    1.8538    1.8515    1.8494    1.8474    1.8457    1.8441    1.8427    1.8416    1.8406    1.8398    1.8392    1.8388    1.8386    1.8386    1.8388    1.8392    1.8398    1.8406    1.8416    1.8427    1.8441    1.8457    1.8474    1.8494    1.8515    1.8538    1.8562    1.8588    1.8616    1.8645    1.8676    1.8708    1.8741    1.8775    1.8811    1.8847    1.8885    1.8923    1.8962    1.9002    1.9042    1.9083    1.9123    1.9159    1.9165    1.9000    1.9000    
1.9000    1.9000    1.8751    1.8673    1.8626    1.8583    1.8542    1.8502    1.8462    1.8422    1.8384    1.8347    1.8310    1.8274    1.8240    1.8207    1.8175    1.8144    1.8115    1.8088    1.8062    1.8037    1.8014    1.7993    1.7974    1.7956    1.7941    1.7927    1.7915    1.7905    1.7897    1.7891    1.7887    1.7885    1.7885    1.7887    1.7891    1.7897    1.7905    1.7915    1.7927    1.7941    1.7956    1.7974    1.7993    1.8014    1.8037    1.8062    1.8088    1.8115    1.8144    1.8175    1.8207    1.8240    1.8274    1.8310    1.8347    1.8384    1.8422    1.8462    1.8502    1.8542    1.8583    1.8626    1.8673    1.8751    1.9000    1.9000    
1.8000    1.8000    1.8165    1.8159    1.8123    1.8083    1.8042    1.8002    1.7962    1.7923    1.7884    1.7847    1.7810    1.7775    1.7740    1.7707    1.7676    1.7645    1.7616    1.7588    1.7562    1.7538    1.7515    1.7494    1.7475    1.7458    1.7442    1.7428    1.7417    1.7407    1.7399    1.7393    1.7389    1.7387    1.7387    1.7389    1.7393    1.7399    1.7407    1.7417    1.7428    1.7442    1.7458    1.7475    1.7494    1.7515    1.7538    1.7562    1.7588    1.7616    1.7645    1.7676    1.7707    1.7740    1.7775    1.7810    1.7847    1.7884    1.7923    1.7962    1.8002    1.8042    1.8083    1.8123    1.8159    1.8165    1.8000    1.8000    
1.8000    1.8000    1.7751    1.7674    1.7626    1.7584    1.7543    1.7502    1.7463    1.7423    1.7385    1.7348    1.7311    1.7276    1.7242    1.7209    1.7177    1.7147    1.7118    1.7091    1.7065    1.7041    1.7018    1.6997    1.6978    1.6961    1.6945    1.6932    1.6920    1.6910    1.6902    1.6896    1.6892    1.6890    1.6890    1.6892    1.6896    1.6902    1.6910    1.6920    1.6932    1.6945    1.6961    1.6978    1.6997    1.7018    1.7041    1.7065    1.7091    1.7118    1.7147    1.7177    1.7209    1.7242    1.7276    1.7311    1.7348    1.7385    1.7423    1.7463    1.7502    1.7543    1.7584    1.7626    1.7674    1.7751    1.8000    1.8000    
1.7000    1.7000    1.7165    1.7159    1.7124    1.7084    1.7043    1.7003    1.6964    1.6925    1.6887    1.6850    1.6814    1.6778    1.6745    1.6712    1.6680    1.6650    1.6622    1.6594    1.6569    1.6545    1.6522    1.6502    1.6483    1.6465    1.6450    1.6436    1.6425    1.6415    1.6407    1.6401    1.6398    1.6396    1.6396    1.6398    1.6401    1.6407    1.6415    1.6425    1.6436    1.6450    1.6465    1.6483    1.6502    1.6522    1.6545    1.6569    1.6594    1.6622    1.6650    1.6680    1.6712    1.6745    1.6778    1.6814    1.6850    1.6887    1.6925    1.6964    1.7003    1.7043    1.7084    1.7124    1.7159    1.7165    1.7000    1.7000    
1.7000    1.7000    1.6751    1.6675    1.6627    1.6585    1.6545    1.6505    1.6466    1.6427    1.6389    1.6352    1.6317    1.6282    1.6248    1.6216    1.6184    1.6155    1.6126    1.6099    1.6074    1.6050    1.6028    1.6007    1.5989    1.5972    1.5957    1.5943    1.5932    1.5922    1.5914    1.5909    1.5905    1.5903    1.5903    1.5905    1.5909    1.5914    1.5922    1.5932    1.5943    1.5957    1.5972    1.5989    1.6007    1.6028    1.6050    1.6074    1.6099    1.6126    1.6155    1.6184    1.6216    1.6248    1.6282    1.6317    1.6352    1.6389    1.6427    1.6466    1.6505    1.6545    1.6585    1.6627    1.6675    1.6751    1.7000    1.7000    
1.6000    1.6000    1.6166    1.6160    1.6126    1.6086    1.6046    1.6007    1.5968    1.5930    1.5892    1.5856    1.5820    1.5786    1.5753    1.5721    1.5690    1.5660    1.5632    1.5606    1.5581    1.5557    1.5535    1.5515    1.5496    1.5480    1.5465    1.5452    1.5440    1.5431    1.5423    1.5417    1.5414    1.5412    1.5412    1.5414    1.5417    1.5423    1.5431    1.5440    1.5452    1.5465    1.5480    1.5496    1.5515    1.5535    1.5557    1.5581    1.5606    1.5632    1.5660    1.5690    1.5721    1.5753    1.5786    1.5820    1.5856    1.5892    1.5930    1.5968    1.6007    1.6046    1.6086    1.6126    1.6160    1.6166    1.6000    1.6000    
1.6000    1.6000    1.5752    1.5676    1.5629    1.5588    1.5549    1.5509    1.5471    1.5433    1.5396    1.5360    1.5325    1.5291    1.5258    1.5226    1.5196    1.5167    1.5139    1.5113    1.5088    1.5065    1.5044    1.5024    1.5006    1.4989    1.4974    1.4962    1.4950    1.4941    1.4934    1.4928    1.4924    1.4922    1.4922    1.4924    1.4928    1.4934    1.4941    1.4950    1.4962    1.4974    1.4989    1.5006    1.5024    1.5044    1.5065    1.5088    1.5113    1.5139    1.5167    1.5196    1.5226    1.5258    1.5291    1.5325    1.5360    1.5396    1.5433    1.5471    1.5509    1.5549    1.5588    1.5629    1.5676    1.5752    1.6000    1.6000    
1.5000    1.5000    1.5167    1.5162    1.5128    1.5090    1.5051    1.5012    1.4974    1.4937    1.4900    1.4865    1.4830    1.4797    1.4764    1.4733    1.4703    1.4675    1.4648    1.4622    1.4598    1.4575    1.4554    1.4534    1.4516    1.4500    1.4486    1.4473    1.4462    1.4453    1.4446    1.4440    1.4437    1.4435    1.4435    1.4437    1.4440    1.4446    1.4453    1.4462    1.4473    1.4486    1.4500    1.4516    1.4534    1.4554    1.4575    1.4598    1.4622    1.4648    1.4675    1.4703    1.4733    1.4764    1.4797    1.4830    1.4865    1.4900    1.4937    1.4974    1.5012    1.5051    1.5090    1.5128    1.5162    1.5167    1.5000    1.5000    
1.5000    1.5000    1.4753    1.4678    1.4632    1.4592    1.4554    1.4515    1.4478    1.4441    1.4405    1.4370    1.4336    1.4303    1.4272    1.4241    1.4212    1.4184    1.4157    1.4132    1.4108    1.4086    1.4065    1.4046    1.4029    1.4013    1.3999    1.3986    1.3976    1.3967    1.3959    1.3954    1.3950    1.3949    1.3949    1.3950    1.3954    1.3959    1.3967    1.3976    1.3986    1.3999    1.4013    1.4029    1.4046    1.4065    1.4086    1.4108    1.4132    1.4157    1.4184    1.4212    1.4241    1.4272    1.4303    1.4336    1.4370    1.4405    1.4441    1.4478    1.4515    1.4554    1.4592    1.4632    1.4678    1.4753    1.5000    1.5000    
1.4000    1.4000    1.4168    1.4164    1.4132    1.4094    1.4056    1.4019    1.3982    1.3946    1.3911    1.3876    1.3843    1.3811    1.3780    1.3750    1.3721    1.3694    1.3668    1.3643    1.3620    1.3598    1.3578    1.3559    1.3542    1.3527    1.3513    1.3501    1.3490    1.3482    1.3475    1.3470    1.3466    1.3464    1.3464    1.3466    1.3470    1.3475    1.3482    1.3490    1.3501    1.3513    1.3527    1.3542    1.3559    1.3578    1.3598    1.3620    1.3643    1.3668    1.3694    1.3721    1.3750    1.3780    1.3811    1.3843    1.3876    1.3911    1.3946    1.3982    1.4019    1.4056    1.4094    1.4132    1.4164    1.4168    1.4000    1.4000    
1.4000    1.4000    1.3754    1.3680    1.3636    1.3597    1.3560    1.3523    1.3487    1.3451    1.3417    1.3383    1.3350    1.3319    1.3288    1.3259    1.3231    1.3204    1.3179    1.3155    1.3132    1.3111    1.3092    1.3074    1.3057    1.3042    1.3029    1.3017    1.3007    1.2998    1.2992    1.2986    1.2983    1.2981    1.2981    1.2983    1.2986    1.2992    1.2998    1.3007    1.3017    1.3029    1.3042    1.3057    1.3074    1.3092    1.3111    1.3132    1.3155    1.3179    1.3204    1.3231    1.3259    1.3288    1.3319    1.3350    1.3383    1.3417    1.3451    1.3487    1.3523    1.3560    1.3597    1.3636    1.3680    1.3754    1.4000    1.4000    
1.3000    1.3000    1.3169    1.3167    1.3135    1.3099    1.3063    1.3027    1.2991    1.2957    1.2923    1.2890    1.2858    1.2827    1.2798    1.2769    1.2742    1.2716    1.2691    1.2668    1.2646    1.2626    1.2607    1.2589    1.2573    1.2559    1.2546    1.2534    1.2524    1.2516    1.2510    1.2505    1.2502    1.2500    1.2500    1.2502    1.2505    1.2510    1.2516    1.2524    1.2534    1.2546    1.2559    1.2573    1.2589    1.2607    1.2626    1.2646    1.2668    1.2691    1.2716    1.2742    1.2769    1.2798    1.2827    1.2858    1.2890    1.2923    1.2957    1.2991    1.3027    1.3063    1.3099    1.3135    1.3167    1.3169    1.3000    1.3000    
1.3000    1.3000    1.2756    1.2683    1.2640    1.2602    1.2566    1.2531    1.2496    1.2462    1.2429    1.2397    1.2366    1.2337    1.2308    1.2280    1.2254    1.2229    1.2205    1.2182    1.2161    1.2141    1.2123    1.2106    1.2090    1.2076    1.2064    1.2053    1.2044    1.2036    1.2029    1.2025    1.2021    1.2020    1.2020    1.2021    1.2025    1.2029    1.2036    1.2044    1.2053    1.2064    1.2076    1.2090    1.2106    1.2123    1.2141    1.2161    1.2182    1.2205    1.2229    1.2254    1.2280    1.2308    1.2337    1.2366    1.2397    1.2429    1.2462    1.2496    1.2531    1.2566    1.2602    1.2640    1.2683    1.2756    1.3000    1.3000    
1.2000    1.2000    1.2171    1.2170    1.2140    1.2105    1.2070    1.2035    1.2001    1.1968    1.1936    1.1905    1.1875    1.1846    1.1818    1.1792    1.1766    1.1742    1.1719    1.1697    1.1677    1.1658    1.1640    1.1624    1.1609    1.1595    1.1583    1.1573    1.1564    1.1556    1.1550    1.1546    1.1543    1.1541    1.1541    1.1543    1.1546    1.1550    1.1556    1.1564    1.1573    1.1583    1.1595    1.1609    1.1624    1.1640    1.1658    1.1677    1.1697    1.1719    1.1742    1.1766    1.1792    1.1818    1.1846    1.1875    1.1905    1.1936    1.1968    1.2001    1.2035    1.2070    1.2105    1.2140    1.2170    1.2171    1.2000    1.2000    
1.2000    1.2000    1.1757    1.1686    1.1644    1.1608    1.1573    1.1540    1.1507    1.1475    1.1443    1.1413    1.1384    1.1356    1.1329    1.1304    1.1279    1.1256    1.1234    1.1213    1.1193    1.1175    1.1158    1.1143    1.1128    1.1115    1.1104    1.1094    1.1085    1.1078    1.1072    1.1068    1.1065    1.1064    1.1064    1.1065    1.1068    1.1072    1.1078    1.1085    1.1094    1.1104    1.1115    1.1128    1.1143    1.1158    1.1175    1.1193    1.1213    1.1234    1.1256    1.1279    1.1304    1.1329    1.1356    1.1384    1.1413    1.1443    1.1475    1.1507    1.1540    1.1573    1.1608    1.1644    1.1686    1.1757    1.2000    1.2000    
1.1000    1.1000    1.1172    1.1172    1.1144    1.1110    1.1077    1.1044    1.1012    1.0981    1.0951    1.0921    1.0893    1.0866    1.0841    1.0816    1.0792    1.0770    1.0749    1.0729    1.0711    1.0693    1.0677    1.0662    1.0649    1.0637    1.0626    1.0616    1.0608    1.0601    1.0596    1.0591    1.0589    1.0587    1.0587    1.0589    1.0591    1.0596    1.0601    1.0608    1.0616    1.0626    1.0637    1.0649    1.0662    1.0677    1.0693    1.0711    1.0729    1.0749    1.0770    1.0792    1.0816    1.0841    1.0866    1.0893    1.0921    1.0951    1.0981    1.1012    1.1044    1.1077    1.1110    1.1144    1.1172    1.1172    1.1000    1.1000    
1.1000    1.1000    1.0758    1.0688    1.0648    1.0613    1.0580    1.0548    1.0517    1.0487    1.0458    1.0430    1.0403    1.0377    1.0352    1.0329    1.0306    1.0285    1.0265    1.0246    1.0229    1.0212    1.0197    1.0183    1.0170    1.0159    1.0148    1.0139    1.0132    1.0125    1.0120    1.0116    1.0113    1.0112    1.0112    1.0113    1.0116    1.0120    1.0125    1.0132    1.0139    1.0148    1.0159    1.0170    1.0183    1.0197    1.0212    1.0229    1.0246    1.0265    1.0285    1.0306    1.0329    1.0352    1.0377    1.0403    1.0430    1.0458    1.0487    1.0517    1.0548    1.0580    1.0613    1.0648    1.0688    1.0758    1.1000    1.1000    
1.0000    1.0000    1.0173    1.0174    1.0147    1.0115    1.0083    1.0052    1.0022    0.9993    0.9965    0.9938    0.9912    0.9888    0.9864    0.9842    0.9821    0.9801    0.9782    0.9764    0.9747    0.9732    0.9718    0.9704    0.9692    0.9682    0.9672    0.9663    0.9656    0.9650    0.9645    0.9642    0.9639    0.9638    0.9638    0.9639    0.9642    0.9645    0.9650    0.9656    0.9663    0.9672    0.9682    0.9692    0.9704    0.9718    0.9732    0.9747    0.9764    0.9782    0.9801    0.9821    0.9842    0.9864    0.9888    0.9912    0.9938    0.9965    0.9993    1.0022    1.0052    1.0083    1.0115    1.0147    1.0174    1.0173    1.0000    1.0000    
1.0000    1.0000    0.9759    0.9690    0.9651    0.9617    0.9586    0.9556    0.9526    0.9499    0.9472    0.9446    0.9422    0.9398    0.9376    0.9355    0.9335    0.9317    0.9299    0.9282    0.9267    0.9252    0.9239    0.9227    0.9215    0.9205    0.9196    0.9188    0.9182    0.9176    0.9172    0.9168    0.9166    0.9165    0.9165    0.9166    0.9168    0.9172    0.9176    0.9182    0.9188    0.9196    0.9205    0.9215    0.9227    0.9239    0.9252    0.9267    0.9282    0.9299    0.9317    0.9335    0.9355    0.9376    0.9398    0.9422    0.9446    0.9472    0.9499    0.9526    0.9556    0.9586    0.9617    0.9651    0.9690    0.9759    1.0000    1.0000    
0.9000    0.9000    0.9173    0.9176    0.9149    0.9118    0.9088    0.9059    0.9031    0.9004    0.8978    0.8954    0.8931    0.8909    0.8888    0.8869    0.8850    0.8833    0.8816    0.8801    0.8786    0.8773    0.8761    0.8749    0.8739    0.8730    0.8722    0.8714    0.8708    0.8703    0.8699    0.8696    0.8693    0.8692    0.8692    0.8693    0.8696    0.8699    0.8703    0.8708    0.8714    0.8722    0.8730    0.8739    0.8749    0.8761    0.8773    0.8786    0.8801    0.8816    0.8833    0.8850    0.8869    0.8888    0.8909    0.8931    0.8954    0.8978    0.9004    0.9031    0.9059    0.9088    0.9118    0.9149    0.9176    0.9173    0.9000    0.9000    
0.9000    0.9000    0.8759    0.8690    0.8652    0.8619    0.8589    0.8561    0.8534    0.8508    0.8484    0.8462    0.8440    0.8420    0.8400    0.8382    0.8365    0.8349    0.8334    0.8320    0.8307    0.8294    0.8283    0.8273    0.8263    0.8255    0.8247    0.8241    0.8235    0.8230    0.8227    0.8224    0.8222    0.8221    0.8221    0.8222    0.8224    0.8227    0.8230    0.8235    0.8241    0.8247    0.8255    0.8263    0.8273    0.8283    0.8294    0.8307    0.8320    0.8334    0.8349    0.8365    0.8382    0.8400    0.8420    0.8440    0.8462    0.8484    0.8508    0.8534    0.8561    0.8589    0.8619    0.8652    0.8690    0.8759    0.9000    0.9000    
0.8000    0.8000    0.8173    0.8175    0.8148    0.8119    0.8090    0.8062    0.8036    0.8012    0.7990    0.7969    0.7949    0.7930    0.7912    0.7896    0.7880    0.7866    0.7852    0.7839    0.7827    0.7816    0.7806    0.7797    0.7788    0.7781    0.7774    0.7768    0.7763    0.7759    0.7755    0.7753    0.7751    0.7750    0.7750    0.7751    0.7753    0.7755    0.7759    0.7763    0.7768    0.7774    0.7781    0.7788    0.7797    0.7806    0.7816    0.7827    0.7839    0.7852    0.7866    0.7880    0.7896    0.7912    0.7930    0.7949    0.7969    0.7990    0.8012    0.8036    0.8062    0.8090    0.8119    0.8148    0.8175    0.8173    0.8000    0.8000    
0.8000    0.8000    0.7758    0.7688    0.7649    0.7617    0.7589    0.7562    0.7538    0.7515    0.7494    0.7475    0.7457    0.7440    0.7424    0.7409    0.7395    0.7382    0.7370    0.7359    0.7348    0.7339    0.7330    0.7321    0.7314    0.7307    0.7301    0.7296    0.7291    0.7287    0.7284    0.7282    0.7281    0.7280    0.7280    0.7281    0.7282    0.7284    0.7287    0.7291    0.7296    0.7301    0.7307    0.7314    0.7321    0.7330    0.7339    0.7348    0.7359    0.7370    0.7382    0.7395    0.7409    0.7424    0.7440    0.7457    0.7475    0.7494    0.7515    0.7538    0.7562    0.7589    0.7617    0.7649    0.7688    0.7758    0.8000    0.8000    
0.7000    0.7000    0.7170    0.7170    0.7142    0.7113    0.7085    0.7060    0.7038    0.7017    0.6998    0.6981    0.6965    0.6950    0.6936    0.6923    0.6911    0.6899    0.6889    0.6879    0.6870    0.6861    0.6853    0.6846    0.6840    0.6834    0.6829    0.6824    0.6820    0.6817    0.6814    0.6812    0.6811    0.6810    0.6810    0.6811    0.6812    0.6814    0.6817    0.6820    0.6824    0.6829    0.6834    0.6840    0.6846    0.6853    0.6861    0.6870    0.6879    0.6889    0.6899    0.6911    0.6923    0.6936    0.6950    0.6965    0.6981    0.6998    0.7017    0.7038    0.7060    0.7085    0.7113    0.7142    0.7170    0.7170    0.7000    0.7000    
0.7000    0.7000    0.6752    0.6679    0.6638    0.6607    0.6580    0.6557    0.6536    0.6518    0.6501    0.6486    0.6472    0.6459    0.6447    0.6436    0.6426    0.6416    0.6407    0.6399    0.6391    0.6384    0.6377    0.6371    0.6366    0.6361    0.6356    0.6353    0.6349    0.6347    0.6344    0.6343    0.6342    0.6341    0.6341    0.6342    0.6343    0.6344    0.6347    0.6349    0.6353    0.6356    0.6361    0.6366    0.6371    0.6377    0.6384    0.6391    0.6399    0.6407    0.6416    0.6426    0.6436    0.6447    0.6459    0.6472    0.6486    0.6501    0.6518    0.6536    0.6557    0.6580    0.6607    0.6638    0.6679    0.6752    0.7000    0.7000    
0.6000    0.6000    0.6161    0.6155    0.6125    0.6097    0.6072    0.6051    0.6033    0.6017    0.6003    0.5990    0.5978    0.5968    0.5958    0.5949    0.5941    0.5933    0.5926    0.5919    0.5913    0.5907    0.5902    0.5897    0.5892    0.5888    0.5885    0.5882    0.5879    0.5877    0.5875    0.5874    0.5873    0.5872    0.5872    0.5873    0.5874    0.5875    0.5877    0.5879    0.5882    0.5885    0.5888    0.5892    0.5897    0.5902    0.5907    0.5913    0.5919    0.5926    0.5933    0.5941    0.5949    0.5958    0.5968    0.5978    0.5990    0.6003    0.6017    0.6033    0.6051    0.6072    0.6097    0.6125    0.6155    0.6161    0.6000    0.6000    
0.6000    0.6000    0.5737    0.5655    0.5612    0.5582    0.5560    0.5542    0.5527    0.5514    0.5503    0.5493    0.5484    0.5476    0.5469    0.5462    0.5456    0.5450    0.5444    0.5439    0.5434    0.5430    0.5426    0.5422    0.5419    0.5416    0.5413    0.5411    0.5409    0.5407    0.5406    0.5405    0.5404    0.5404    0.5404    0.5404    0.5405    0.5406    0.5407    0.5409    0.5411    0.5413    0.5416    0.5419    0.5422    0.5426    0.5430    0.5434    0.5439    0.5444    0.5450    0.5456    0.5462    0.5469    0.5476    0.5484    0.5493    0.5503    0.5514    0.5527    0.5542    0.5560    0.5582    0.5612    0.5655    0.5737    0.6000    0.6000    
0.5000    0.5000    0.5133    0.5115    0.5085    0.5061    0.5044    0.5030    0.5019    0.5010    0.5003    0.4996    0.4990    0.4984    0.4979    0.4975    0.4970    0.4966    0.4963    0.4959    0.4956    0.4953    0.4951    0.4948    0.4946    0.4944    0.4942    0.4941    0.4939    0.4938    0.4937    0.4937    0.4936    0.4936    0.4936    0.4936    0.4937    0.4937    0.4938    0.4939    0.4941    0.4942    0.4944    0.4946    0.4948    0.4951    0.4953    0.4956    0.4959    0.4963    0.4966    0.4970    0.4975    0.4979    0.4984    0.4990    0.4996    0.5003    0.5010    0.5019    0.5030    0.5044    0.5061    0.5085    0.5115    0.5133    0.5000    0.5000    
0.5000    0.5000    0.4680    0.4586    0.4551    0.4534    0.4523    0.4516    0.4510    0.4506    0.4502    0.4498    0.4495    0.4492    0.4490    0.4487    0.4485    0.4483    0.4481    0.4480    0.4478    0.4477    0.4475    0.4474    0.4473    0.4472    0.4471    0.4470    0.4470    0.4469    0.4469    0.4468    0.4468    0.4468    0.4468    0.4468    0.4468    0.4469    0.4469    0.4470    0.4470    0.4471    0.4472    0.4473    0.4474    0.4475    0.4477    0.4478    0.4480    0.4481    0.4483    0.4485    0.4487    0.4490    0.4492    0.4495    0.4498    0.4502    0.4506    0.4510    0.4516    0.4523    0.4534    0.4551    0.4586    0.4680    0.5000    0.5000    
0.4000    0.4000    0.4000    0.4000    0.4000    0.4000    0.4000    0.4000    0.4000    0.4000    0.4000    0.4000    0.4000    0.4000    0.4000    0.4000    0.4000    0.4000    0.4000    0.4000    0.4000    0.4000    0.4000    0.4000    0.4000    0.4000    0.4000    0.4000    0.4000    0.4000    0.4000    0.4000    0.4000    0.4000    0.4000    0.4000    0.4000    0.4000    0.4000    0.4000    0.4000    0.4000    0.4000    0.4000    0.4000    0.4000    0.4000    0.4000    0.4000    0.4000    0.4000    0.4000    0.4000    0.4000    0.4000    0.4000    0.4000    0.4000    0.4000    0.4000    0.4000    0.4000    0.4000    0.4000    0.4000    0.4000    0.4000    0.4000    
0.4000    0.4000    0.4000    0.4000    0.4000    0.4000    0.4000    0.4000    0.4000    0.4000    0.4000    0.4000    0.4000    0.4000    0.4000    0.4000    0.4000    0.4000    0.4000    0.4000    0.4000    0.4000    0.4000    0.4000    0.4000    0.4000    0.4000    0.4000    0.4000    0.4000    0.4000    0.4000    0.4000    0.4000    0.4000    0.4000    0.4000    0.4000    0.4000    0.4000    0.4000    0.4000    0.4000    0.4000    0.4000    0.4000    0.4000    0.4000    0.4000    0.4000    0.4000    0.4000    0.4000    0.4000    0.4000    0.4000    0.4000    0.4000    0.4000    0.4000    0.4000    0.4000    0.4000    0.4000    0.4000    0.4000    0.4000    0.4000    
