0.031105
0.052210
0.073311
0.094407
0.115496
0.136575
0.157643
0.178697
0.199735
0.220756
0.241757
0.262736
0.283691
0.304620
0.325521
0.346392
0.367231
0.388036
0.408805
0.429536
0.450228
0.470877
0.491484
0.512045
0.532558
0.553023
0.573437
0.593798
0.614105
0.634356
0.654549
0.674683
0.694756
0.714767
0.734713
0.754594
0.774408
0.794153
0.813828
0.833432
0.852962
0.872419
0.891800
0.911105
0.930331
0.949479
0.968546
0.987531
1.006434
1.025254
1.043988
1.062637
1.081199
1.099674
1.118060
1.136357
1.154564
1.172679
1.190703
1.208635
1.226473
1.244218
1.261868
1.279423
1.296882
1.314246
1.331512
1.348682
1.365754
1.382728
1.399604
1.416381
1.433060
1.449639
1.466118
1.482498
1.498778
1.514958
1.531038
1.547017
1.562896
1.578675
1.594353
1.609930
1.625407
1.640784
1.656060
1.671236
1.686312
1.701288
1.716163
1.730940
1.745616
1.760194
1.774672
1.789051
1.803332
1.817515
1.831600
1.845587
1.859477
1.873270
1.886967
1.900568
1.914072
1.927482
1.940797
1.954018
1.967144
1.980178
1.993118
2.005966
2.018722
2.031387
2.043961
2.056445
2.068839
2.081144
2.093361
2.105490
2.117531
2.129486
2.141354
2.153137
2.164836
2.176450
2.187981
2.199429
2.210794
2.222078
2.233281
2.244405
2.255448
2.266413
2.277300
2.288109
2.298841
2.309498
2.320079
2.330586
2.341019
2.351379
2.361666
2.371882
2.382027
2.392102
2.402107
2.412044
2.421912
2.431713
2.441448
2.451117
2.460721
2.470261
2.479737
2.489151
2.498502
2.507792
2.517022
2.526192
2.535303
2.544356
2.553351
2.562289
2.571172
2.579999
2.588772
2.597491
2.606157
2.614770
2.623333
2.631844
2.640306
2.648718
2.657081
2.665397
2.673666
2.681889
2.690066
2.698198
2.706287
2.714332
2.722334
2.730294
2.738214
2.746093
2.753932
2.761733
2.769495
2.777220
2.784909
2.792561
2.800178
2.807760
2.815309
2.822824
2.830308
2.837759
2.845180
2.852570
2.859931
2.867263
2.874567
2.881844
2.889094
2.896318
2.903517
2.910691
2.917842
2.924969
2.932074
2.939158
2.946220
2.953262
2.960284
2.967288
2.974273
2.981241
2.988192
2.995127
3.002046
3.008951
3.015841
3.022719
3.029583
3.036436
3.043277
3.050108
3.056929
3.063740
3.070543
3.077338
3.084126
3.090908
3.097684
3.104454
3.111220
3.117983
3.124742
3.131499
3.138254
3.145009
3.151762
3.158517
3.165272
3.172029
3.178788
3.185551
3.192317
3.199088
3.205863
3.212645
3.219433
3.226228
3.233031
3.239843
3.246664
3.253494
3.260336
3.267188
3.274053
3.280930
3.287821
3.294725
3.301645
3.308579
3.315530
3.322498
3.329483
3.336486
3.343508
3.350550
3.357612
3.364695
3.371799
3.378926
3.386076
3.393250
3.400448
3.407671
3.414920
3.422196
3.429499
3.436830
3.444189
3.451578
3.458997
3.466447
3.473929
3.481442
3.488989
3.496569
3.504183
3.511833
3.519519
3.527241
3.535000
3.542797
3.550633
3.558508
3.566424
3.574380
3.582378
3.590419
3.598502
3.606630
3.614801
3.623018
3.631282
3.639591
3.647949
3.656354
3.664809
3.673313
3.681867
3.690473
3.699131
3.707841
3.716605
3.725423
3.734296
3.743224
3.752209
3.761251
3.770351
3.779509
3.788727
3.798005
3.807343
3.816744
3.826206
3.835732
3.845321
3.854975
3.864694
3.874480
3.884332
3.894251
3.904239
3.914295
3.924422
3.934619
3.944886
3.955226
3.965639
3.976124
3.986684
3.997318
4.008028
4.018814
4.029677
4.040617
4.051635
4.062733
4.073910
4.085167
4.096505
4.107925
4.119427
4.131012
4.142681
4.154433
4.166271
4.178194
4.190204
4.202299
4.214483
4.226754
4.239114
4.251563
4.264101
4.276730
4.289449
4.302260
4.315163
4.328157
4.341245
4.354426
4.367701
4.381071
4.394535
4.408094
4.421749
4.435500
4.449347
4.463291
4.477332
4.491471
4.505708
4.520042
4.534476
4.549008
4.563639
4.578369
4.593199
4.608128
4.623157
4.638286
4.653516
4.668845
4.684275
4.699806
4.715437
4.731168
4.747000
4.762932
4.778965
4.795098
4.811331
4.827665
4.844098
4.860631
4.877264
4.893996
4.910827
4.927757
4.944786
4.961912
4.979136
4.996458
5.013876
5.031390
5.049001
5.066706
5.084507
5.102401
5.120389
5.138470
5.156642
5.174906
5.193261
5.211705
5.230239
5.248860
5.267568
5.286363
5.305242
5.324206
5.343253
5.362382
5.381592
5.400882
5.420250
5.439696
5.459218
5.478814
5.498484
5.518227
5.538039
5.557922
5.577872
5.597889
5.617970
5.638115
5.658322
5.678589
5.698914
5.719297
5.739734
5.760225
5.780768
5.801361
5.822002
5.842689
5.863421
5.884195
5.905011
5.925865
5.946756
5.967682
5.988641
6.009631
6.030650
6.051696
6.072768
6.093862
6.114977
6.136111
6.157261
6.178426
6.199604
6.220792
6.241989
6.263192
6.284399
6.305608
6.326816
6.348023
6.369225
6.390421
6.411608
6.432785
6.453948
6.475097
6.496229
6.517341
6.538433
6.559501
6.580544
6.601560
6.622546
6.643501
6.664423
6.685310
6.706159
6.726969
6.747739
6.768465
6.789146
6.809781
6.830367
6.850903
6.871387
6.891817
6.912191
6.932509
6.952767
6.972965
6.993100
7.013172
7.033179
7.053119
7.072991
7.092793
7.112524
7.132182
7.151767
7.171276
7.190709
7.210064
7.229340
7.248536
7.267651
7.286683
7.305632
7.324496
7.343275
7.361967
7.380572
7.399089
7.417516
7.435853
7.454099
7.472254
7.490316
7.508285
7.526160
7.543941
7.561627
7.579217
7.596712
7.614109
7.631410
7.648613
7.665718
7.682725
7.699633
7.716443
7.733153
7.749763
7.766274
7.782685
7.798996
7.815207
7.831317
7.847327
7.863237
7.879046
7.894754
7.910362
7.925870
7.941277
7.956584
7.971791
7.986898
8.001905
8.016812
8.031620
8.046328
8.060938
8.075448
8.089861
8.104175
8.118391
8.132510
8.146532
8.160457
8.174285
8.188018
8.201655
8.215197
8.228644
8.241997
8.255257
8.268423
8.281496
8.294478
8.307368
8.320166
8.332874
8.345492
8.358021
8.370461
8.382812
8.395077
8.407254
8.419344
8.431349
8.443269
8.455105
8.466856
8.478525
8.490111
8.501615
8.513038
8.524381
8.535644
8.546829
8.557934
8.568963
8.579914
8.590789
8.601589
8.612314
8.622966
8.633544
8.644049
8.654483
8.664846
8.675139
8.685362
8.695516
8.705603
8.715622
8.725574
8.735462
8.745284
8.755042
8.764736
8.774368
8.783938
8.793447
8.802896
8.812285
8.821615
8.830887
8.840102
8.849261
8.858364
8.867412
8.876405
8.885346
8.894234
8.903070
8.911854
8.920589
8.929274
8.937910
8.946498
8.955039
8.963534
8.971983
8.980387
8.988746
8.997063
9.005337
9.013568
9.021759
9.029909
9.038020
9.046092
9.054126
9.062123
9.070082
9.078007
9.085896
9.093750
9.101572
9.109360
9.117116
9.124841
9.132535
9.140200
9.147835
9.155443
9.163022
9.170575
9.178101
9.185602
9.193079
9.200531
9.207960
9.215367
9.222752
9.230116
9.237460
9.244785
9.252090
9.259378
9.266648
9.273901
9.281139
9.288361
9.295569
9.302763
9.309944
9.317113
9.324270
9.331417
9.338553
9.345680
9.352798
9.359908
9.367011
9.374108
9.381198
9.388284
9.395365
9.402442
9.409516
9.416589
9.423659
9.430729
9.437799
9.444869
9.451940
9.459014
9.466090
9.473170
9.480254
9.487343
9.494437
9.501538
9.508646
9.515761
9.522885
9.530019
9.537162
9.544315
9.551480
9.558657
9.565847
9.573051
9.580268
9.587500
9.594749
9.602013
9.609294
9.616594
9.623912
9.631249
9.638606
9.645984
9.653383
9.660804
9.668248
9.675716
9.683209
9.690726
9.698269
9.705839
9.713436
9.721061
9.728714
9.736397
9.744111
9.751855
9.759631
9.767440
9.775281
9.783157
9.791067
9.799013
9.806995
9.815014
9.823070
9.831165
9.839299
9.847473
9.855687
9.863943
9.872241
9.880583
9.888967
9.897396
9.905871
9.914391
9.922958
9.931573
9.940236
9.948947
9.957709
9.966521
9.975384
9.984300
9.993268
10.002290
10.011366
10.020497
10.029684
10.038928
10.048229
10.057588
10.067006
10.076484
10.086022
10.095621
10.105283
10.115007
10.124795
10.134646
10.144563
10.154546
10.164595
10.174711
10.184896
10.195149
10.205471
10.215864
10.226328
10.236864
10.247472
10.258153
10.268908
10.279738
10.290643
10.301624
10.312682
10.323817
10.335031
10.346324
10.357696
10.369148
10.380682
10.392297
10.403994
10.415775
10.427639
10.439587
10.451621
10.463740
10.475945
10.488237
10.500617
10.513084
10.525640
10.538286
10.551021
10.563846
10.576763
10.589771
10.602871
10.616064
10.629349
10.642728
10.656201
10.669769
10.683431
10.697189
10.711043
10.724993
10.739039
10.753182
10.767423
10.781761
10.796198
10.810733
10.825366
10.840098
10.854930
10.869860
10.884891
10.900021
10.915251
10.930581
10.946011
10.961542
10.977173
10.992904
11.008736
11.024669
11.040702
11.056835
11.073069
11.089403
11.105837
11.122371
11.139005
11.155739
11.172572
11.189504
11.206535
11.223665
11.240893
11.258218
11.275641
11.293161
11.310777
11.328490
11.346297
11.364200
11.382197
11.400287
11.418470
11.436745
11.455112
11.473570
11.492117
11.510754
11.529478
11.548290
11.567188
11.586171
11.605239
11.624390
11.643623
11.662937
11.682332
11.701804
11.721354
11.740981
11.760682
11.780457
11.800304
11.820222
11.840210
11.860265
11.880387
11.900574
11.920825
11.941137
11.961509
11.981940
12.002428
12.022971
12.043568
12.064216
12.084914
12.105661
12.126453
12.147291
12.168171
12.189091
12.210050
12.231047
12.252078
12.273142
12.294237
12.315361
12.336511
12.357687
12.378885
12.400105
12.421342
12.442597
12.463865
12.485146
12.506438
12.527737
12.549043
12.570352
12.591663
12.612974
12.634282
12.655585
12.676882
12.698169
12.719446
12.740710
12.761958
12.783189
12.804401
12.825591
12.846757
12.867898
12.889011
12.910094
12.931146
12.952164
12.973146
12.994091
13.014996
13.035860
13.056680
13.077455
13.098183
13.118862
13.139490
13.160065
13.180587
13.201052
13.221460
13.241808
13.262095
13.282320
13.302481
13.322575
13.342603
13.362562
13.382451
13.402268
13.422012
13.441682
13.461276
13.480794
13.500233
13.519593
13.538872
13.558069
13.577184
13.596215
13.615161
13.634021
13.652794
13.671479
13.690076
13.708583
13.726999
13.745325
13.763558
13.781699
13.799746
13.817699
13.835558
13.853321
13.870988
13.888559
13.906033
13.923410
13.940690
13.957871
13.974953
13.991937
14.008822
14.025607
14.042293
14.058879
14.075365
14.091751
14.108036
14.124221
14.140306
14.156290
14.172174
14.187957
14.203640
14.219222
14.234704
14.250086
14.265368
14.280550
14.295632
14.310615
14.325498
14.340282
14.354967
14.369554
14.384043
14.398434
14.412727
14.426923
14.441022
14.455024
14.468931
14.482742
14.496458
14.510079
14.523606
14.537039
14.550378
14.563625
14.576780
14.589843
14.602815
14.615697
14.628488
14.641190
14.653803
14.666328
14.678766
14.691116
14.703380
14.715558
14.727652
14.739661
14.751586
14.763428
14.775188
14.786866
14.798463
14.809980
14.821417
14.832776
14.844056
14.855259
14.866386
14.877436
14.888411
14.899312
14.910139
14.920893
14.931575
14.942185
14.952725
14.963195
14.973596
14.983928
14.994193
15.004391
15.014523
15.024589
15.034591
15.044530
15.054405
15.064219
15.073971
15.083662
15.093294
15.102867
15.112381
15.121838
15.131239
15.140583
15.149873
15.159108
15.168290
15.177420
15.186497
15.195523
15.204499
15.213426
15.222304
15.231134
15.239917
15.248653
15.257344
15.265990
15.274593
15.283152
15.291668
15.300143
15.308578
15.316972
15.325327
15.333643
15.341922
15.350164
15.358370
15.366540
15.374676
15.382778
15.390846
15.398883
15.406888
15.414863
15.422807
15.430722
15.438609
15.446469
15.454301
15.462107
15.469888
15.477645
15.485377
15.493087
15.500774
15.508439
15.516084
15.523709
15.531315
15.538902
15.546471
15.554024
15.561560
15.569080
15.576586
15.584078
15.591557
15.599023
15.606477
15.613921
15.621354
15.628778
15.636193
15.643600
15.651000
15.658393
15.665781
15.673163
15.680542
15.687916
15.695288
15.702658
15.710027
15.717395
15.724764
15.732133
15.739504
15.746877
15.754254
15.761635
15.769020
15.776411
15.783807
15.791211
15.798622
15.806042
15.813471
15.820910
15.828360
15.835820
15.843293
15.850779
15.858279
15.865793
15.873322
15.880866
15.888428
15.896007
15.903604
15.911220
15.918855
15.926511
15.934188
15.941887
15.949609
15.957354
15.965123
15.972917
15.980737
15.988583
15.996456
16.004358
16.012288
16.020247
16.028237
16.036258
16.044311
16.052396
16.060515
16.068667
16.076855
16.085078
16.093337
16.101634
16.109969
16.118342
16.126755
16.135209
16.143703
16.152239
16.160818
16.169440
16.178106
16.186817
16.195574
16.204378
16.213229
16.222128
16.231075
16.240073
16.249120
16.258219
16.267370
16.276574
16.285832
16.295143
16.304510
16.313933
16.323412
16.332949
16.342544
16.352198
16.361912
16.371687
16.381523
16.391421
16.401382
16.411407
16.421496
16.431651
16.441871
16.452159
16.462514
16.472937
16.483429
16.493992
16.504624
16.515329
16.526105
16.536954
16.547877
16.558874
16.569946
16.581094
16.592318
16.603620
16.615000
16.626459
16.637996
16.649614
16.661313
16.673094
16.684956
16.696901
16.708930
16.721043
16.733241
16.745525
16.757894
16.770350
16.782894
16.795526
16.808246
16.821056
16.833955
16.846945
16.860025
16.873197
16.886461
16.899818
16.913268
16.926811
16.940448
16.954180
16.968006
16.981928
16.995946
17.010060
17.024271
17.038579
17.052984
17.067487
17.082088
17.096787
17.111585
17.126482
17.141478
17.156574
17.171769
17.187064
17.202459
17.217954
17.233549
17.249245
17.265041
17.280938
17.296935
17.313032
17.329230
17.345529
17.361927
17.378426
17.395026
17.411725
17.428524
17.445422
17.462420
17.479516
17.496712
17.514006
17.531397
17.548887
17.566474
17.584157
17.601937
17.619812
17.637782
17.655847
17.674006
17.692259
17.710603
17.729040
17.747568
17.766186
17.784893
17.803689
17.822573
17.841543
17.860600
17.879741
17.898966
17.918273
17.937662
17.957131
17.976680
17.996306
18.016010
18.035789
18.055642
18.075567
18.095565
18.115632
18.135768
18.155970
18.176239
18.196571
18.216966
18.237422
18.257936
18.278509
18.299137
18.319819
18.340553
18.361339
18.382173
18.403053
18.423979
18.444948
18.465959
18.487009
18.508096
18.529218
18.550375
18.571562
18.592780
18.614024
18.635294
18.656588
18.677902
18.699236
18.720587
18.741953
18.763331
18.784721
18.806119
18.827524
18.848932
18.870344
18.891755
18.913164
18.934569
18.955967
18.977357
18.998737
19.020103
19.041455
19.062790
19.084106
19.105400
19.126672
19.147918
19.169136
19.190326
19.211483
19.232608
19.253697
19.274748
19.295761
19.316732
19.337659
19.358542
19.379378
19.400165
19.420902
19.441586
19.462216
19.482790
19.503306
19.523764
19.544160
19.564494
19.584764
19.604969
19.625106
19.645174
19.665172
19.685099
19.704953
19.724733
19.744437
19.764064
19.783613
19.803082
19.822471
19.841779
19.861003
19.880144
19.899199
19.918169
19.937051
19.955846
19.974552
19.993168
20.011694
20.030129
20.048471
20.066721
20.084877
20.102940
20.120907
20.138779
20.156555
20.174235
20.191818
20.209304
20.226691
20.243981
20.261172
20.278264
20.295257
20.312151
20.328945
20.345639
20.362233
20.378727
20.395121
20.411414
20.427607
20.443699
20.459691
20.475582
20.491373
20.507064
20.522654
20.538144
20.553534
20.568824
20.584015
20.599106
20.614098
20.628990
20.643784
20.658480
20.673078
20.687577
20.701980
20.716285
20.730494
20.744606
20.758622
20.772544
20.786370
20.800101
20.813739
20.827283
20.840734
20.854093
20.867359
20.880535
20.893619
20.906613
20.919518
20.932333
20.945060
20.957700
20.970252
20.982717
20.995097
21.007391
21.019601
21.031726
21.043769
21.055729
21.067607
21.079404
21.091121
21.102758
21.114316
21.125796
21.137198
21.148524
21.159773
21.170947
21.182047
21.193073
21.204026
21.214907
21.225716
21.236455
21.247124
21.257723
21.268255
21.278719
21.289116
21.299447
21.309713
21.319915
21.330053
21.340128
21.350141
21.360094
21.369986
21.379818
21.389592
21.399307
21.408966
21.418568
21.428115
21.437607
21.447046
21.456431
21.465764
21.475045
21.484276
21.493457
21.502590
21.511673
21.520710
21.529700
21.538644
21.547543
21.556399
21.565210
21.573980
21.582707
21.591394
21.600040
21.608648
21.617216
21.625747
21.634242
21.642700
21.651123
21.659511
21.667866
21.676187
21.684477
21.692736
21.700963
21.709162
21.717331
21.725472
21.733586
21.741674
21.749735
21.757772
21.765785
21.773774
21.781741
21.789686
21.797610
21.805514
21.813398
21.821264
21.829111
21.836942
21.844756
21.852555
21.860340
21.868110
21.875867
21.883612
21.891345
21.899067
21.906779
21.914482
21.922176
21.929863
21.937542
21.945216
21.952884
21.960547
21.968207
21.975863
21.983518
21.991170
21.998822
22.006474
22.014126
22.021781
22.029437
22.037097
22.044760
22.052428
22.060102
22.067781
22.075468
22.083162
22.090865
22.098577
22.106300
22.114033
22.121777
22.129534
22.137304
22.145089
22.152887
22.160702
22.168532
22.176380
22.184245
22.192129
22.200033
22.207956
22.215901
22.223867
22.231856
22.239868
22.247904
22.255965
22.264052
22.272165
22.280305
22.288473
22.296670
22.304897
22.313154
22.321442
22.329762
22.338115
22.346502
22.354922
22.363378
22.371870
22.380399
22.388965
22.397569
22.406213
22.414896
22.423620
22.432386
22.441194
22.450045
22.458940
22.467880
22.476865
22.485897
22.494975
22.504102
22.513277
22.522502
22.531777
22.541104
22.550482
22.559913
22.569398
22.578937
22.588531
22.598181
22.607888
22.617652
22.627475
22.637357
22.647299
22.657302
22.667366
22.677493
22.687682
22.697936
22.708255
22.718638
22.729089
22.739606
22.750191
22.760845
22.771568
22.782362
22.793226
22.804162
22.815171
22.826253
22.837408
22.848639
22.859945
22.871328
22.882787
22.894324
22.905939
22.917634
22.929409
22.941264
22.953200
22.965219
22.977320
22.989504
23.001773
23.014126
23.026565
23.039090
23.051701
23.064399
23.077186
23.090061
23.103025
23.116079
23.129223
23.142458
23.155785
23.169203
23.182714
23.196318
23.210016
23.223807
23.237693
23.251674
23.265751
23.279923
23.294192
23.308557
23.323019
23.337579
23.352236
23.366992
23.381846
23.396798
23.411850
23.427001
23.442251
23.457601
23.473050
23.488600
23.504250
23.520000
23.535851
23.551802
23.567853
23.584005
23.600257
23.616610
23.633064
23.649617
23.666271
23.683025
23.699879
23.716832
23.733885
23.751037
23.768288
23.785638
23.803086
23.820632
23.838275
23.856016
23.873853
23.891786
23.909814
23.927938
23.946156
23.964467
23.982871
24.001368
24.019956
24.038635
24.057404
24.076262
24.095209
24.114242
24.133362
24.152567
24.171857
24.191230
24.210685
24.230220
24.249836
24.269531
24.289302
24.309150
24.329073
24.349069
24.369138
24.389277
24.409485
24.429761
24.450103
24.470510
24.490980
24.511512
24.532104
24.552754
24.573460
24.594221
24.615036
24.635902
24.656817
24.677780
24.698789
24.719841
24.740936
24.762071
24.783244
24.804454
24.825697
24.846973
24.868279
24.889614
24.910974
24.932359
24.953765
24.975192
24.996636
25.018096
25.039570
25.061055
25.082549
25.104050
25.125557
25.147066
25.168576
25.190085
25.211590
25.233089
25.254580
25.276062
25.297531
25.318986
25.340425
25.361845
25.383244
25.404621
25.425973
25.447298
25.468594
25.489859
25.511091
25.532288
25.553449
25.574570
25.595651
25.616688
25.637682
25.658628
25.679526
25.700374
25.721170
25.741912
25.762598
25.783228
25.803798
25.824308
25.844755
25.865138
25.885457
25.905708
25.925890
25.946003
25.966045
25.986013
26.005908
26.025727
26.045469
26.065133
26.084718
26.104223
26.123646
26.142986
26.162242
26.181414
26.200499
26.219498
26.238408
26.257230
26.275963
26.294605
26.313155
26.331614
26.349980
26.368252
26.386430
26.404514
26.422502
26.440394
26.458190
26.475889
26.493491
26.510995
26.528400
26.545707
26.562915
26.580024
26.597034
26.613944
26.630754
26.647464
26.664074
26.680583
26.696992
26.713301
26.729509
26.745616
26.761623
26.777530
26.793336
26.809043
26.824648
26.840154
26.855560
26.870867
26.886074
26.901182
26.916191
26.931101
26.945913
26.960627
26.975243
26.989762
27.004184
27.018510
27.032739
27.046873
27.060911
27.074855
27.088704
27.102459
27.116121
27.129691
27.143168
27.156553
27.169847
27.183051
27.196165
27.209189
27.222125
27.234972
27.247732
27.260405
27.272992
27.285493
27.297910
27.310242
27.322491
27.334657
27.346741
27.358743
27.370665
27.382507
27.394270
27.405954
27.417560
27.429090
27.440543
27.451921
27.463225
27.474454
27.485610
27.496694
27.507706
27.518648
27.529520
27.540322
27.551056
27.561723
27.572322
27.582856
27.593325
27.603729
27.614070
27.624348
27.634564
27.644719
27.654814
27.664850
27.674827
27.684746
27.694608
27.704414
27.714165
27.723861
27.733504
27.743094
27.752631
27.762118
27.771555
27.780942
27.790280
27.799571
27.808814
27.818012
27.827164
27.836272
27.845335
27.854357
27.863336
27.872274
27.881171
27.890030
27.898849
27.907631
27.916375
27.925084
27.933757
27.942395
27.951000
27.959572
27.968111
27.976620
27.985098
27.993546
28.001966
28.010358
28.018722
28.027060
28.035373
28.043661
28.051925
28.060165
28.068384
28.076581
28.084758
28.092914
28.101052
28.109171
28.117273
28.125358
28.133428
28.141483
28.149523
28.157550
28.165564
28.173567
28.181559
28.189540
28.197512
28.205476
28.213432
28.221381
28.229324
28.237261
28.245194
28.253123
28.261049
28.268973
28.276896
28.284818
28.292741
28.300664
28.308589
28.316517
28.324449
28.332385
28.340325
28.348272
28.356225
28.364186
28.372155
28.380133
28.388121
28.396120
28.404130
28.412152
28.420188
28.428237
28.436301
28.444380
28.452476
28.460589
28.468720
28.476869
28.485038
28.493227
28.501438
28.509670
28.517925
28.526204
28.534507
28.542835
28.551189
28.559570
28.567978
28.576415
28.584881
28.593378
28.601905
28.610463
28.619055
28.627679
28.636338
28.645031
28.653761
28.662527
28.671330
28.680172
28.689052
28.697973
28.706934
28.715936
28.724981
28.734069
28.743201
28.752378
28.761601
28.770870
28.780186
28.789550
28.798963
28.808426
28.817940
28.827505
28.837122
28.846792
28.856516
28.866294
28.876128
28.886019
28.895966
28.905972
28.916036
28.926160
28.936344
28.946590
28.956897
28.967268
28.977701
28.988200
28.998764
29.009393
29.020090
29.030854
29.041687
29.052589
29.063560
29.074603
29.085717
29.096904
29.108164
29.119498
29.130906
29.142390
29.153950
29.165587
29.177301
29.189095
29.200967
29.212919
29.224952
29.237066
29.249262
29.261540
29.273902
29.286349
29.298880
29.311496
29.324199
29.336988
29.349865
29.362830
29.375883
29.389026
29.402258
29.415581
29.428995
29.442500
29.456098
29.469788
29.483571
29.497448
29.511419
29.525485
29.539646
29.553903
29.568255
29.582704
29.597250
29.611893
29.626633
29.641472
29.656408
29.671443
29.686577
29.701810
29.717142
29.732574
29.748106
29.763737
29.779469
29.795301
29.811233
29.827265
29.843398
29.859632
29.875966
29.892400
29.908935
29.925570
29.942306
29.959141
29.976077
29.993112
30.010247
30.027481
30.044815
30.062247
30.079777
30.097406
30.115132
30.132955
30.150875
30.168892
30.187004
30.205211
30.223513
30.241908
30.260397
30.278978
30.297651
30.316415
30.335270
30.354213
30.373245
30.392365
30.411571
30.430863
30.450239
30.469699
30.489241
30.508865
30.528569
30.548351
30.568211
30.588148
30.608160
30.628246
30.648404
30.668633
30.688931
30.709298
30.729731
30.750229
30.770790
30.791414
30.812097
30.832839
30.853638
30.874492
30.895399
30.916358
30.937367
30.958424
30.979526
31.000673
31.021863
31.043092
31.064360
31.085664
31.107003
31.128375
31.149776
31.171206
31.192663
31.214143
31.235646
31.257169
31.278710
31.300266
31.321836
31.343418
31.365009
31.386608
31.408211
31.429817
31.451425
31.473030
31.494633
31.516229
31.537818
31.559397
31.580963
31.602515
31.624051
31.645568
31.667065
31.688539
31.709988
31.731410
31.752803
31.774165
31.795493
31.816787
31.838044
31.859262
31.880439
31.901572
31.922661
31.943704
31.964697
31.985641
32.006532
32.027369
32.048151
32.068874
32.089539
32.110143
32.130685
32.151162
32.171574
32.191919
32.212195
32.232401
32.252535
32.272597
32.292584
32.312495
32.332329
32.352085
32.371762
32.391357
32.410871
32.430302
32.449649
32.468911
32.488087
32.507175
32.526176
32.545088
32.563909
32.582640
32.601280
32.619827
32.638282
32.656643
32.674909
32.693081
32.711157
32.729137
32.747020
32.764806
32.782495
32.800086
32.817579
32.834973
32.852268
32.869464
32.886560
32.903556
32.920453
32.937249
32.953945
32.970541
32.987036
33.003431
33.019725
33.035919
33.052013
33.068006
33.083898
33.099691
33.115383
33.130976
33.146468
33.161862
33.177156
33.192350
33.207447
33.222444
33.237344
33.252145
33.266849
33.281456
33.295967
33.310381
33.324699
33.338921
33.353049
33.367082
33.381022
33.394867
33.408620
33.422280
33.435849
33.449326
33.462712
33.476009
33.489215
33.502333
33.515363
33.528305
33.541160
33.553928
33.566611
33.579209
33.591722
33.604152
33.616500
33.628764
33.640948
33.653051
33.665073
33.677017
33.688882
33.700669
33.712379
33.724013
33.735572
33.747056
33.758466
33.769803
33.781068
33.792261
33.803384
33.814436
33.825420
33.836335
33.847183
33.857965
33.868680
33.879331
33.889917
33.900441
33.910901
33.921300
33.931639
33.941917
33.952136
33.962297
33.972401
33.982448
33.992439
34.002375
34.012258
34.022087
34.031864
34.041589
34.051263
34.060888
34.070464
34.079992
34.089472
34.098906
34.108295
34.117639
34.126939
34.136196
34.145411
34.154584
34.163718
34.172811
34.181866
34.190883
34.199863
34.208807
34.217715
34.226589
34.235429
34.244236
34.253012
34.261756
34.270470
34.279155
34.287811
34.296439
34.305040
34.313616
34.322166
34.330691
34.339194
34.347673
34.356130
34.364567
34.372983
34.381380
34.389759
34.398119
34.406463
34.414791
34.423103
34.431402
34.439686
34.447958
34.456219
34.464468
34.472706
34.480936
34.489157
34.497370
34.505576
34.513777
34.521972
34.530162
34.538349
34.546533
34.554716
34.562897
34.571078
34.579259
34.587442
34.595627
34.603815
34.612007
34.620203
34.628405
34.636614
34.644829
34.653053
34.661285
34.669527
34.677779
34.686043
34.694319
34.702607
34.710910
34.719227
34.727560
34.735908
34.744274
34.752658
34.761061
34.769483
34.777925
34.786389
34.794875
34.803384
34.811917
34.820474
34.829056
34.837665
34.846301
34.854965
34.863657
34.872380
34.881132
34.889916
34.898732
34.907581
34.916464
34.925381
34.934334
34.943323
34.952349
34.961414
34.970517
34.979660
34.988843
34.998068
35.007335
35.016644
35.025998
35.035397
35.044841
35.054332
35.063870
35.073456
35.083090
35.092775
35.102511
35.112297
35.122137
35.132029
35.141975
35.151977
35.162033
35.172147
35.182318
35.192547
35.202834
35.213182
35.223591
35.234061
35.244593
35.255189
35.265848
35.276573
35.287363
35.298219
35.309143
35.320135
35.331195
35.342326
35.353526
35.364798
35.376143
35.387560
35.399050
35.410615
35.422256
35.433972
35.445765
35.457635
35.469584
35.481611
35.493719
35.505906
35.518175
35.530526
35.542960
35.555476
35.568077
35.580763
35.593533
35.606390
35.619334
35.632365
35.645483
35.658691
35.671988
35.685374
35.698851
35.712419
35.726078
35.739830
35.753674
35.767611
35.781643
35.795768
35.809988
35.824303
35.838714
35.853221
35.867824
35.882524
35.897321
35.912216
35.927209
35.942300
35.957490
35.972778
35.988166
36.003653
36.019240
36.034926
36.050713
36.066599
36.082586
36.098673
36.114860
36.131148
36.147537
36.164026
36.180615
36.197305
36.214095
36.230986
36.247976
36.265066
36.282257
36.299546
36.316935
36.334423
36.352009
36.369694
36.387477
36.405357
36.423334
36.441407
36.459577
36.477842
36.496202
36.514656
36.533204
36.551845
36.570578
36.589402
36.608317
36.627322
36.646416
36.665598
36.684867
36.704222
36.723662
36.743186
36.762793
36.782482
36.802252
36.822101
36.842029
36.862033
36.882114
36.902268
36.922496
36.942795
36.963165
36.983603
37.004108
37.024679
37.045315
37.066012
37.086771
37.107589
37.128464
37.149395
37.170381
37.191418
37.212506
37.233643
37.254826
37.276055
37.297326
37.318638
37.339990
37.361379
37.382802
37.404259
37.425748
37.447265
37.468809
37.490378
37.511970
37.533583
37.555214
37.576862
37.598524
37.620198
37.641882
37.663575
37.685272
37.706974
37.728677
37.750379
37.772078
37.793772
37.815459
37.837136
37.858802
37.880453
37.902089
37.923707
37.945305
37.966881
37.988432
38.009957
38.031453
38.052918
38.074351
38.095749
38.117111
38.138434
38.159716
38.180956
38.202151
38.223300
38.244401
38.265452
38.286450
38.307395
38.328285
38.349117
38.369891
38.390603
38.411254
38.431841
38.452362
38.472817
38.493203
38.513519
38.533763
38.553935
38.574032
38.594054
38.613999
38.633866
38.653653
38.673360
38.692985
38.712527
38.731985
38.751358
38.770645
38.789845
38.808957
38.827980
38.846913
38.865755
38.884506
38.903165
38.921731
38.940203
38.958581
38.976864
38.995051
39.013143
39.031137
39.049035
39.066835
39.084537
39.102141
39.119646
39.137052
39.154359
39.171567
39.188674
39.205682
39.222589
39.239396
39.256103
39.272709
39.289215
39.305621
39.321926
39.338130
39.354234
39.370238
39.386141
39.401945
39.417649
39.433252
39.448757
39.464162
39.479468
39.494676
39.509785
39.524796
39.539709
39.554525
39.569244
39.583867
39.598393
39.612823
39.627159
39.641399
39.655545
39.669597
39.683556
39.697422
39.711196
39.724878
39.738470
39.751971
39.765381
39.778703
39.791936
39.805081
39.818139
39.831110
39.843995
39.856795
39.869510
39.882141
39.894689
39.907154
39.919538
39.931841
39.944063
39.956206
39.968270
39.980257
39.992166
40.003998
40.015755
40.027437
40.039045
40.050580
40.062042
40.073432
40.084752
40.096002
40.107182
40.118294
40.129339
40.140317
40.151229
40.162076
40.172859
40.183578
40.194235
40.204831
40.215365
40.225840
40.236256
40.246613
40.256913
40.267157
40.277345
40.287478
40.297557
40.307583
40.317557
40.327480
40.337352
40.347175
40.356949
40.366676
40.376355
40.385988
40.395576
40.405120
40.414620
40.424078
40.433494
40.442869
40.452204
40.461500
40.470757
40.479978
40.489161
40.498309
40.507423
40.516502
40.525549
40.534563
40.543546
40.552499
40.561422
40.570316
40.579182
40.588022
40.596835
40.605623
40.614387
40.623127
40.631845
40.640540
40.649215
40.657870
40.666505
40.675123
40.683722
40.692305
40.700872
40.709425
40.717963
40.726488
40.735000
40.743501
40.751992
40.760472
40.768944
40.777408
40.785864
40.794314
40.802758
40.811198
40.819634
40.828067
40.836498
40.844927
40.853356
40.861786
40.870217
40.878650
40.887085
40.895525
40.903970
40.912420
40.920876
40.929339
40.937811
40.946292
40.954782
40.963283
40.971796
40.980321
40.988859
40.997411
41.005978
41.014561
41.023160
41.031777
41.040412
41.049067
41.057741
41.066436
41.075153
41.083893
41.092656
41.101444
41.110256
41.119095
41.127961
41.136854
41.145776
41.154727
41.163709
41.172722
41.181767
41.190845
41.199956
41.209103
41.218285
41.227503
41.236758
41.246052
41.255384
41.264756
41.274169
41.283624
41.293121
41.302661
41.312245
41.321874
41.331549
41.341271
41.351041
41.360858
41.370726
41.380643
41.390611
41.400632
41.410705
41.420831
41.431012
41.441249
41.451541
41.461891
41.472298
41.482765
41.493290
41.503876
41.514524
41.525234
41.536006
41.546842
41.557743
41.568710
41.579743
41.590842
41.602010
41.613247
41.624553
41.635930
41.647377
41.658897
41.670490
41.682156
41.693896
41.705712
41.717604
41.729572
41.741618
41.753743
41.765946
41.778229
41.790593
41.803037
41.815564
41.828174
41.840867
41.853644
41.866505
41.879453
41.892486
41.905607
41.918814
41.932110
41.945495
41.958969
41.972533
41.986188
41.999934
42.013771
42.027701
42.041724
42.055840
42.070050
42.084354
42.098753
42.113247
42.127838
42.142524
42.157307
42.172187
42.187165
42.202240
42.217413
42.232685
42.248055
42.263525
42.279093
42.294761
42.310529
42.326397
42.342365
42.358433
42.374601
42.390869
42.407238
42.423708
42.440278
42.456948
42.473719
42.490591
42.507562
42.524634
42.541806
42.559077
42.576448
42.593919
42.611488
42.629157
42.646923
42.664788
42.682750
42.700810
42.718966
42.737218
42.755566
42.774009
42.792547
42.811178
42.829902
42.848719
42.867628
42.886627
42.905716
42.924895
42.944162
42.963516
42.982956
43.002482
43.022092
43.041785
43.061561
43.081417
43.101353
43.121368
43.141460
43.161628
43.181871
43.202186
43.222574
43.243032
43.263559
43.284154
43.304815
43.325539
43.346327
43.367176
43.388084
43.409050
43.430072
43.451148
43.472277
43.493457
43.514685
43.535960
43.557281
43.578644
43.600049
43.621493
43.642975
43.664491
43.686041
43.707623
43.729233
43.750871
43.772534
43.794219
43.815926
43.837651
43.859393
43.881149
43.902917
43.924696
43.946482
43.968274
43.990070
44.011867
44.033663
44.055457
44.077245
44.099026
44.120798
44.142557
44.164303
44.186034
44.207746
44.229437
44.251107
44.272752
44.294370
44.315960
44.337519
44.359045
44.380536
44.401991
44.423407
44.444782
44.466114
44.487402
44.508643
44.529836
44.550979
44.572069
44.593105
44.614086
44.635010
44.655874
44.676678
44.697419
44.718096
44.738707
44.759251
44.779727
44.800132
44.820465
44.840726
44.860912
44.881022
44.901055
44.921010
44.940885
44.960679
44.980391
45.000020
45.019565
45.039025
45.058398
45.077684
45.096881
45.115990
45.135008
45.153936
45.172772
45.191515
45.210166
45.228722
45.247184
45.265551
45.283823
45.301998
45.320076
45.338057
45.355940
45.373726
45.391413
45.409001
45.426490
45.443879
45.461169
45.478359
45.495449
45.512439
45.529329
45.546118
45.562806
45.579395
45.595882
45.612270
45.628556
45.644743
45.660829
45.676815
45.692701
45.708487
45.724174
45.739761
45.755250
45.770639
45.785930
45.801123
45.816217
45.831214
45.846114
45.860918
45.875624
45.890235
45.904751
45.919171
45.933497
45.947729
45.961868
45.975913
45.989866
46.003727
46.017497
46.031177
46.044766
46.058266
46.071677
46.085000
46.098235
46.111384
46.124446
46.137423
46.150315
46.163123
46.175848
46.188490
46.201050
46.213530
46.225928
46.238247
46.250488
46.262650
46.274735
46.286743
46.298676
46.310534
46.322318
46.334028
46.345666
46.357233
46.368728
46.380154
46.391511
46.402799
46.414020
46.425174
46.436262
46.447286
46.458245
46.469141
46.479975
46.490748
46.501460
46.512112
46.522706
46.533241
46.543720
46.554142
46.564509
46.574821
46.585080
46.595286
46.605441
46.615544
46.625598
46.635602
46.645558
46.655467
46.665329
46.675146
46.684918
46.694646
46.704331
46.713975
46.723577
46.733139
46.742661
46.752146
46.761592
46.771002
46.780376
46.789715
46.799021
46.808293
46.817533
46.826741
46.835919
46.845068
46.854187
46.863279
46.872344
46.881384
46.890397
46.899387
46.908354
46.917297
46.926220
46.935121
46.944003
46.952866
46.961710
46.970538
46.979349
46.988145
46.996926
47.005693
47.014448
47.023191
47.031923
47.040644
47.049357
47.058061
47.066757
47.075447
47.084131
47.092810
47.101485
47.110157
47.118827
47.127495
47.136163
47.144831
47.153501
47.162172
47.170847
47.179525
47.188208
47.196897
47.205592
47.214295
47.223006
47.231726
47.240456
47.249197
47.257949
47.266714
47.275493
47.284286
47.293095
47.301919
47.310761
47.319620
47.328498
47.337396
47.346314
47.355254
47.364216
47.373201
47.382210
47.391244
47.400304
47.409391
47.418505
47.427647
47.436819
47.446021
47.455255
47.464520
47.473818
47.483149
47.492516
47.501918
47.511356
47.520831
47.530345
47.539898
47.549490
47.559124
47.568799
47.578517
47.588278
47.598083
47.607934
47.617830
47.627774
47.637766
47.647806
47.657896
47.668036
47.678228
47.688472
47.698770
47.709121
47.719527
47.729989
47.740507
47.751083
47.761717
47.772411
47.783164
47.793979
47.804855
47.815794
47.826797
47.837864
47.848996
47.860194
47.871459
47.882792
47.894193
47.905664
47.917205
47.928817
47.940501
47.952258
47.964088
47.975992
47.987972
48.000027
48.012159
48.024369
48.036657
48.049024
48.061470
48.073997
48.086606
48.099296
48.112069
48.124925
48.137866
48.150892
48.164003
48.177200
48.190484
48.203856
48.217316
48.230865
48.244503
48.258231
48.272050
48.285961
48.299963
48.314057
48.328245
48.342526
48.356901
48.371370
48.385935
48.400594
48.415350
48.430202
48.445151
48.460197
48.475341
48.490582
48.505922
48.521360
48.536897
48.552532
48.568268
48.584103
48.600037
48.616072
48.632206
48.648441
48.664776
48.681212
48.697748
48.714385
48.731122
48.747959
48.764897
48.781936
48.799074
48.816313
48.833651
48.851089
48.868627
48.886264
48.904000
48.921834
48.939767
48.957797
48.975925
48.994149
49.012470
49.030887
49.049399
49.068006
49.086707
49.105502
49.124389
49.143368
49.162438
49.181599
49.200849
49.220188
49.239614
49.259127
49.278726
49.298410
49.318177
49.338027
49.357958
49.377969
49.398059
49.418227
49.438471
49.458791
49.479184
49.499649
49.520185
49.540791
49.561464
49.582204
49.603009
49.623877
49.644806
49.665796
49.686843
49.707947
49.729106
49.750318
49.771581
49.792893
49.814253
49.835658
49.857107
49.878597
49.900128
49.921696
49.943299
49.964937
49.986606
50.008305
50.030031
50.051783
50.073558
50.095354
50.117169
50.139001
50.160848
50.182708
50.204578
50.226457
50.248341
50.270229
50.292119
50.314009
50.335896
50.357778
50.379653
50.401519
50.423373
50.445214
50.467039
50.488847
50.510634
50.532399
50.554140
50.575854
50.597540
50.619195
50.640818
50.662406
50.683958
50.705471
50.726943
50.748372
50.769757
50.791096
50.812386
50.833626
50.854814
50.875948
50.897027
50.918048
50.939010
50.959911
50.980750
51.001524
51.022233
51.042875
51.063448
51.083951
51.104382
51.124740
51.145023
51.165231
51.185362
51.205413
51.225386
51.245277
51.265086
51.284812
51.304454
51.324010
51.343480
51.362863
51.382157
51.401362
51.420477
51.439501
51.458433
51.477272
51.496019
51.514671
51.533229
51.551692
51.570059
51.588329
51.606503
51.624579
51.642558
51.660439
51.678221
51.695904
51.713488
51.730972
51.748357
51.765642
51.782827
51.799912
51.816896
51.833780
51.850563
51.867246
51.883829
51.900311
51.916693
51.932974
51.949155
51.965236
51.981217
51.997098
52.012880
52.028563
52.044146
52.059631
52.075017
52.090305
52.105496
52.120589
52.135585
52.150484
52.165288
52.179995
52.194607
52.209125
52.223548
52.237877
52.252114
52.266257
52.280309
52.294268
52.308137
52.321916
52.335605
52.349205
52.362716
52.376139
52.389476
52.402726
52.415890
52.428969
52.441964
52.454875
52.467704
52.480450
52.493115
52.505700
52.518204
52.530630
52.542977
52.555247
52.567440
52.579557
52.591599
52.603567
52.615461
52.627283
52.639033
52.650712
52.662322
52.673861
52.685333
52.696737
52.708074
52.719346
52.730553
52.741695
52.752775
52.763792
52.774748
52.785643
52.796478
52.807255
52.817974
52.828636
52.839242
52.849793
52.860289
52.870732
52.881123
52.891462
52.901751
52.911989
52.922179
52.932321
52.942415
52.952464
52.962467
52.972426
52.982342
52.992215
53.002046
53.011837
53.021588
53.031300
53.040974
53.050612
53.060213
53.069778
53.079310
53.088808
53.098273
53.107707
53.117110
53.126483
53.135828
53.145145
53.154434
53.163697
53.172935
53.182149
53.191340
53.200507
53.209654
53.218779
53.227885
53.236971
53.246040
53.255092
53.264127
53.273148
53.282153
53.291146
53.300125
53.309093
53.318051
53.326998
53.335936
53.344867
53.353790
53.362707
53.371618
53.380525
53.389429
53.398329
53.407228
53.416126
53.425024
53.433923
53.442824
53.451728
53.460635
53.469547
53.478464
53.487387
53.496317
53.505256
53.514204
53.523161
53.532130
53.541110
53.550102
53.559109
53.568129
53.577165
53.586217
53.595286
53.604373
53.613479
53.622605
53.631752
53.640920
53.650110
53.659324
53.668563
53.677826
53.687116
53.696433
53.705777
53.715151
53.724554
53.733987
53.743453
53.752950
53.762481
53.772047
53.781647
53.791283
53.800957
53.810668
53.820418
53.830207
53.840038
53.849909
53.859823
53.869780
53.879782
53.889828
53.899921
53.910060
53.920247
53.930483
53.940768
53.951104
53.961491
53.971930
53.982422
53.992969
54.003570
54.014227
54.024941
54.035713
54.046543
54.057432
54.068381
54.079392
54.090464
54.101600
54.112799
54.124062
54.135391
54.146787
54.158249
54.169780
54.181379
54.193048
54.204787
54.216598
54.228481
54.240438
54.252467
54.264572
54.276752
54.289008
54.301342
54.313753
54.326242
54.338812
54.351461
54.364191
54.377003
54.389897
54.402874
54.415936
54.429082
54.442313
54.455630
54.469033
54.482524
54.496103
54.509771
54.523528
54.537375
54.551312
54.565340
54.579460
54.593673
54.607978
54.622376
54.636869
54.651455
54.666137
54.680914
54.695787
54.710756
54.725821
54.740984
54.756244
54.771602
54.787058
54.802613
54.818266
54.834019
54.849870
54.865822
54.881873
54.898024
54.914275
54.930626
54.947077
54.963629
54.980282
54.997035
55.013888
55.030842
55.047896
55.065051
55.082306
55.099661
55.117116
55.134670
55.152324
55.170077
55.187929
55.205880
55.223929
55.242075
55.260319
55.278660
55.297097
55.315631
55.334259
55.352982
55.371799
55.390709
55.409712
55.428807
55.447993
55.467269
55.486635
55.506089
55.525631
55.545259
55.564973
55.584771
55.604653
55.624617
55.644662
55.664788
55.684991
55.705273
55.725630
55.746063
55.766569
55.787147
55.807795
55.828513
55.849298
55.870149
55.891064
55.912043
55.933082
55.954182
55.975338
55.996551
56.017819
56.039138
56.060509
56.081928
56.103394
56.124905
56.146460
56.168055
56.189690
56.211361
56.233068
56.254808
56.276579
56.298379
56.320206
56.342058
56.363932
56.385827
56.407740
56.429669
56.451613
56.473568
56.495533
56.517506
56.539483
56.561464
56.583446
56.605427
56.627404
56.649375
56.671339
56.693292
56.715234
56.737160
56.759071
56.780962
56.802833
56.824680
56.846503
56.868298
56.890064
56.911798
56.933499
56.955165
56.976793
56.998381
57.019928
57.041431
57.062889
57.084299
57.105661
57.126971
57.148228
57.169431
57.190577
57.211665
57.232693
57.253659
57.274562
57.295400
57.316172
57.336876
57.357510
57.378073
57.398564
57.418981
57.439323
57.459588
57.479775
57.499883
57.519910
57.539856
57.559720
57.579499
57.599193
57.618802
57.638323
57.657757
57.677102
57.696357
57.715521
57.734594
57.753574
57.772462
57.791256
57.809955
57.828560
57.847069
57.865482
57.883798
57.902017
57.920138
57.938162
57.956087
57.973913
57.991640
58.009268
58.026796
58.044225
58.061553
58.078781
58.095909
58.112936
58.129863
58.146690
58.163416
58.180041
58.196566
58.212991
58.229316
58.245540
58.261664
58.277689
58.293614
58.309440
58.325167
58.340795
58.356324
58.371756
58.387089
58.402325
58.417464
58.432506
58.447453
58.462303
58.477058
58.491718
58.506284
58.520757
58.535136
58.549422
58.563616
58.577718
58.591730
58.605651
58.619483
58.633225
58.646880
58.660446
58.673925
58.687318
58.700626
58.713848
58.726986
58.740041
58.753012
58.765902
58.778711
58.791439
58.804087
58.816657
58.829148
58.841563
58.853900
58.866162
58.878349
58.890463
58.902503
58.914470
58.926366
58.938192
58.949948
58.961635
58.973253
58.984805
58.996290
59.007710
59.019066
59.030357
59.041586
59.052754
59.063860
59.074906
59.085893
59.096822
59.107693
59.118508
59.129267
59.139972
59.150623
59.161222
59.171768
59.182264
59.192709
59.203106
59.213454
59.223755
59.234010
59.244219
59.254384
59.264505
59.274584
59.284620
59.294617
59.304573
59.314490
59.324370
59.334212
59.344018
59.353789
59.363526
59.373229
59.382900
59.392540
59.402149
59.411728
59.421279
59.430802
59.440298
59.449768
59.459213
59.468634
59.478032
59.487408
59.496762
59.506097
59.515411
59.524707
59.533986
59.543248
59.552494
59.561726
59.570944
59.580148
59.589341
59.598523
59.607694
59.616856
59.626010
59.635156
59.644296
59.653431
59.662560
59.671686
59.680809
59.689931
59.699051
59.708172
59.717293
59.726416
59.735542
59.744671
59.753805
59.762944
59.772090
59.781244
59.790405
59.799576
59.808756
59.817948
59.827152
59.836369
59.845599
59.854844
59.864105
59.873382
59.882677
59.891990
59.901322
59.910675
59.920049
59.929444
59.938863
59.948306
59.957774
59.967267
59.976787
59.986335
59.995911
60.005517
60.015153
60.024821
60.034520
60.044253
60.054020
60.063822
60.073660
60.083535
60.093447
60.103398
60.113389
60.123420
60.133493
60.143608
60.153767
60.163969
60.174217
60.184511
60.194852
60.205241
60.215678
60.226165
60.236703
60.247292
60.257934
60.268629
60.279379
60.290184
60.301044
60.311962
60.322937
60.333972
60.345066
60.356220
60.367436
60.378715
60.390056
60.401462
60.412932
60.424469
60.436072
60.447743
60.459482
60.471291
60.483169
60.495119
60.507141
60.519235
60.531403
60.543645
60.555962
60.568355
60.580825
60.593373
60.605999
60.618704
60.631489
60.644355
60.657302
60.670332
60.683444
60.696640
60.709921
60.723287
60.736738
60.750276
60.763902
60.777615
60.791417
60.805307
60.819288
60.833359
60.847522
60.861776
60.876122
60.890561
60.905093
60.919719
60.934439
60.949255
60.964165
60.979172
60.994274
61.009474
61.024770
61.040164
61.055656
61.071246
61.086934
61.102721
61.118607
61.134593
61.150678
61.166863
61.183147
61.199532
61.216017
61.232603
61.249289
61.266075
61.282962
61.299949
61.317037
61.334225
61.351514
61.368903
61.386391
61.403980
61.421668
61.439456
61.457343
61.475328
61.493413
61.511595
61.529875
61.548252
61.566726
61.585296
61.603962
61.622723
61.641578
61.660527
61.679570
61.698705
61.717931
61.737248
61.756656
61.776152
61.795737
61.815408
61.835167
61.855010
61.874937
61.894948
61.915040
61.935214
61.955466
61.975797
61.996205
62.016689
62.037247
62.057878
62.078580
62.099352
62.120193
62.141101
62.162074
62.183111
62.204210
62.225369
62.246588
62.267863
62.289194
62.310578
62.332014
62.353499
62.375033
62.396612
62.418236
62.439902
62.461608
62.483353
62.505133
62.526948
62.548795
62.570672
62.592577
62.614508
62.636462
62.658438
62.680433
62.702446
62.724473
62.746514
62.768565
62.790625
62.812691
62.834762
62.856834
62.878906
62.900975
62.923040
62.945098
62.967146
62.989184
63.011208
63.033216
63.055206
63.077177
63.099125
63.121049
63.142946
63.164815
63.186654
63.208460
63.230230
63.251965
63.273660
63.295314
63.316926
63.338493
63.360014
63.381486
63.402907
63.424276
63.445591
63.466850
63.488052
63.509194
63.530275
63.551293
63.572247
63.593135
63.613955
63.634707
63.655388
63.675996
63.696531
63.716992
63.737376
63.757683
63.777910
63.798058
63.818124
63.838108
63.858009
63.877825
63.897555
63.917198
63.936753
63.956220
63.975597
63.994884
64.014079
64.033183
64.052193
64.071110
64.089933
64.108661
64.127294
64.145830
64.164270
64.182612
64.200858
64.219005
64.237054
64.255004
64.272855
64.290607
64.308259
64.325811
64.343263
64.360616
64.377867
64.395019
64.412070
64.429020
64.445871
64.462620
64.479269
64.495818
64.512267
64.528615
64.544863
64.561012
64.577061
64.593011
64.608862
64.624614
64.640267
64.655823
64.671280
64.686641
64.701904
64.717070
64.732141
64.747115
64.761995
64.776779
64.791470
64.806066
64.820570
64.834981
64.849299
64.863527
64.877663
64.891710
64.905667
64.919534
64.933314
64.947006
64.960611
64.974130
64.987563
65.000912
65.014177
65.027358
65.040457
65.053474
65.066410
65.079266
65.092042
65.104740
65.117360
65.129903
65.142370
65.154762
65.167079
65.179322
65.191493
65.203592
65.215619
65.227577
65.239465
65.251285
65.263037
65.274722
65.286342
65.297897
65.309388
65.320815
65.332181
65.343485
65.354729
65.365913
65.377039
65.388107
65.399119
65.410075
65.420976
65.431823
65.442617
65.453359
65.464050
65.474691
65.485283
65.495826
65.506322
65.516771
65.527176
65.537535
65.547851
65.558125
65.568356
65.578547
65.588699
65.598811
65.608885
65.618923
65.628924
65.638891
65.648823
65.658722
65.668589
65.678425
65.688231
65.698007
65.707754
65.717474
65.727168
65.736836
65.746480
65.756099
65.765696
65.775272
65.784826
65.794361
65.803876
65.813374
65.822855
65.832319
65.841769
65.851204
65.860626
65.870035
65.879433
65.888821
65.898199
65.907569
65.916931
65.926287
65.935637
65.944982
65.954323
65.963661
65.972998
65.982333
65.991669
66.001005
66.010343
66.019684
66.029029
66.038378
66.047733
66.057094
66.066463
66.075841
66.085227
66.094625
66.104033
66.113454
66.122887
66.132335
66.141798
66.151277
66.160773
66.170286
66.179819
66.189371
66.198944
66.208538
66.218155
66.227796
66.237461
66.247152
66.256869
66.266613
66.276385
66.286187
66.296018
66.305881
66.315776
66.325704
66.335665
66.345662
66.355694
66.365763
66.375870
66.386015
66.396200
66.406425
66.416692
66.427001
66.437353
66.447750
66.458192
66.468680
66.479214
66.489797
66.500429
66.511111
66.521843
66.532627
66.543464
66.554354
66.565299
66.576299
66.587355
66.598469
66.609641
66.620871
66.632162
66.643514
66.654927
66.666403
66.677943
66.689547
66.701216
66.712952
66.724754
66.736625
66.748565
66.760574
66.772654
66.784805
66.797028
66.809325
66.821696
66.834141
66.846662
66.859260
66.871935
66.884688
66.897520
66.910431
66.923423
66.936496
66.949651
66.962889
66.976210
66.989616
67.003106
67.016683
67.030345
67.044095
67.057932
67.071858
67.085873
67.099977
67.114172
67.128458
67.142835
67.157304
67.171866
67.186522
67.201271
67.216114
67.231053
67.246086
67.261215
67.276441
67.291763
67.307182
67.322699
67.338313
67.354026
67.369837
67.385747
67.401756
67.417864
67.434072
67.450379
67.466787
67.483294
67.499902
67.516610
67.533419
67.550328
67.567337
67.584447
67.601658
67.618969
67.636380
67.653891
67.671503
67.689214
67.707025
67.724935
67.742945
67.761053
67.779259
67.797564
67.815966
67.834466
67.853062
67.871754
67.890542
67.909425
67.928402
67.947473
67.966637
67.985893
68.005241
68.024679
68.044207
68.063824
68.083529
68.103321
68.123199
68.143162
68.163209
68.183339
68.203550
68.223842
68.244213
68.264662
68.285187
68.305788
68.326463
68.347210
68.368028
68.388916
68.409872
68.430894
68.451981
68.473132
68.494344
68.515616
68.536946
68.558333
68.579774
68.601268
68.622814
68.644408
68.666050
68.687737
68.709468
68.731240
68.753051
68.774900
68.796784
68.818702
68.840651
68.862629
68.884635
68.906665
68.928718
68.950792
68.972884
68.994993
69.017116
69.039251
69.061396
69.083548
69.105705
69.127866
69.150028
69.172188
69.194345
69.216496
69.238640
69.260773
69.282893
69.305000
69.327089
69.349160
69.371210
69.393236
69.415237
69.437211
69.459155
69.481067
69.502946
69.524789
69.546594
69.568359
69.590082
69.611762
69.633395
69.654981
69.676518
69.698003
69.719434
69.740811
69.762131
69.783392
69.804593
69.825731
69.846806
69.867816
69.888759
69.909633
69.930438
69.951170
69.971830
69.992416
70.012926
70.033359
70.053714
70.073989
70.094183
70.114295
70.134324
70.154268
70.174127
70.193900
70.213586
70.233183
70.252690
70.272108
70.291434
70.310669
70.329811
70.348860
70.367815
70.386675
70.405439
70.424108
70.442680
70.461156
70.479534
70.497814
70.515996
70.534079
70.552063
70.569948
70.587734
70.605419
70.623005
70.640491
70.657876
