1.799007
1.797834
1.796483
1.794955
1.793249
1.791366
1.789308
1.787074
1.784667
1.782086
1.779334
1.776410
1.773317
1.770055
1.766626
1.763032
1.759273
1.755351
1.751268
1.747025
1.742624
1.738067
1.733355
1.728491
1.723476
1.718312
1.713001
1.707545
1.701947
1.696207
1.690329
1.684314
1.678165
1.671884
1.665473
1.658935
1.652271
1.645485
1.638577
1.631552
1.624411
1.617156
1.609790
1.602316
1.594736
1.587052
1.579266
1.571382
1.563401
1.555327
1.547161
1.538906
1.530565
1.522139
1.513632
1.505046
1.496383
1.487646
1.478836
1.469957
1.461011
1.452000
1.442926
1.433792
1.424600
1.415352
1.406051
1.396699
1.387298
1.377850
1.368357
1.358822
1.349246
1.339632
1.329981
1.320296
1.310579
1.300831
1.291055
1.281252
1.271424
1.261573
1.251702
1.241810
1.231901
1.221976
1.212037
1.202085
1.192122
1.182149
1.172168
1.162180
1.152188
1.142191
1.132192
1.122192
1.112193
1.102195
1.092199
1.082208
1.072222
1.062242
1.052270
1.042306
1.032351
1.022408
1.012475
1.002556
0.992649
0.982757
0.972880
0.963019
0.953174
0.943347
0.933539
0.923749
0.913979
0.904229
0.894500
0.884792
0.875106
0.865443
0.855803
0.846186
0.836594
0.827025
0.817482
0.807964
0.798471
0.789004
0.779564
0.770150
0.760762
0.751402
0.742069
0.732763
0.723485
0.714235
0.705012
0.695818
0.686652
0.677514
0.668404
0.659323
0.650270
0.641246
0.632250
0.623282
0.614343
0.605432
0.596549
0.587694
0.578868
0.570069
0.561299
0.552556
0.543840
0.535152
0.526492
0.517858
0.509252
0.500672
0.492118
0.483591
0.475090
0.466614
0.458164
0.449739
0.441340
0.432964
0.424614
0.416287
0.407984
0.399705
0.391449
0.383215
0.375004
0.366815
0.358648
0.350502
0.342377
0.334273
0.326190
0.318126
0.310081
0.302056
0.294049
0.286061
0.278090
0.270137
0.262201
0.254281
0.246378
0.238491
0.230618
0.222761
0.214918
0.207089
0.199273
0.191471
0.183681
0.175903
0.168137
0.160382
0.152637
0.144903
0.137179
0.129464
0.121758
0.114060
0.106370
0.098687
0.091011
0.083342
0.075678
0.068020
0.060367
0.052718
0.045073
0.037432
0.029793
0.022157
0.014523
0.006890
-0.000741
-0.008373
-0.016004
-0.023636
-0.031269
-0.038903
-0.046540
-0.054179
-0.061821
-0.069467
-0.077116
-0.084770
-0.092430
-0.100094
-0.107765
-0.115442
-0.123126
-0.130817
-0.138517
-0.146225
-0.153941
-0.161667
-0.169403
-0.177150
-0.184907
-0.192675
-0.200455
-0.208247
-0.216052
-0.223870
-0.231701
-0.239547
-0.247407
-0.255282
-0.263172
-0.271078
-0.279000
-0.286939
-0.294895
-0.302869
-0.310860
-0.318870
-0.326898
-0.334946
-0.343013
-0.351100
-0.359207
-0.367335
-0.375484
-0.383654
-0.391846
-0.400060
-0.408297
-0.416557
-0.424839
-0.433145
-0.441475
-0.449829
-0.458207
-0.466610
-0.475038
-0.483491
-0.491970
-0.500474
-0.509004
-0.517561
-0.526144
-0.534753
-0.543390
-0.552053
-0.560744
-0.569462
-0.578207
-0.586981
-0.595782
-0.604611
-0.613468
-0.622353
-0.631266
-0.640207
-0.649177
-0.658175
-0.667202
-0.676257
-0.685340
-0.694451
-0.703591
-0.712759
-0.721954
-0.731178
-0.740430
-0.749709
-0.759016
-0.768350
-0.777712
-0.787100
-0.796515
-0.805956
-0.815424
-0.824917
-0.834436
-0.843979
-0.853548
-0.863141
-0.872758
-0.882398
-0.892061
-0.901747
-0.911455
-0.921184
-0.930934
-0.940704
-0.950493
-0.960302
-0.970128
-0.979972
-0.989833
-0.999710
-1.009602
-1.019508
-1.029427
-1.039359
-1.049302
-1.059256
-1.069220
-1.079192
-1.089171
-1.099157
-1.109148
-1.119143
-1.129141
-1.139141
-1.149141
-1.159140
-1.169136
-1.179129
-1.189117
-1.199099
-1.209072
-1.219036
-1.228989
-1.238930
-1.248856
-1.258766
-1.268659
-1.278533
-1.288385
-1.298215
-1.308020
-1.317799
-1.327549
-1.337270
-1.346958
-1.356612
-1.366230
-1.375809
-1.385349
-1.394846
-1.404298
-1.413705
-1.423062
-1.432368
-1.441621
-1.450819
-1.459959
-1.469039
-1.478057
-1.487010
-1.495896
-1.504713
-1.513458
-1.522129
-1.530723
-1.539238
-1.547672
-1.556022
-1.564285
-1.572460
-1.580543
-1.588533
-1.596426
-1.604221
-1.611914
-1.619504
-1.626988
-1.634363
-1.641627
-1.648778
-1.655813
-1.662729
-1.669525
-1.676198
-1.682745
-1.689165
-1.695454
-1.701611
-1.707634
-1.713519
-1.719266
-1.724871
-1.730333
-1.735650
-1.740819
-1.745839
-1.750707
-1.755422
-1.759982
-1.764385
-1.768629
-1.772713
-1.776634
-1.780392
-1.783984
-1.787410
-1.790667
-1.793755
-1.796672
-1.799417
-1.801989
-1.804386
-1.806608
-1.808654
-1.810523
-1.812213
-1.813725
-1.815058
-1.816210
-1.817182
-1.817973
-1.818583
-1.819011
-1.819258
-1.819322
-1.819205
-1.818906
-1.818425
-1.817762
-1.816919
-1.815894
-1.814688
-1.813303
-1.811738
-1.809994
-1.808072
-1.805973
-1.803697
-1.801246
-1.798620
-1.795821
-1.792850
-1.789707
-1.786395
-1.782915
-1.779267
-1.775454
-1.771477
-1.767338
-1.763038
-1.758579
-1.753963
-1.749192
-1.744267
-1.739190
-1.733964
-1.728591
-1.723071
-1.717409
-1.711605
-1.705662
-1.699582
-1.693367
-1.687020
-1.680543
-1.673938
-1.667208
-1.660354
-1.653380
-1.646288
-1.639080
-1.631759
-1.624327
-1.616786
-1.609140
-1.601391
-1.593540
-1.585591
-1.577546
-1.569408
-1.561179
-1.552862
-1.544459
-1.535972
-1.527405
-1.518759
-1.510037
-1.501242
-1.492376
-1.483441
-1.474440
-1.465375
-1.456249
-1.447063
-1.437821
-1.428524
-1.419176
-1.409777
-1.400331
-1.390839
-1.381304
-1.371727
-1.362112
-1.352460
-1.342773
-1.333053
-1.323302
-1.313523
-1.303717
-1.293885
-1.284031
-1.274155
-1.264260
-1.254347
-1.244419
-1.234476
-1.224520
-1.214554
-1.204578
-1.194595
-1.184605
-1.174611
-1.164613
-1.154613
-1.144614
-1.134615
-1.124618
-1.114624
-1.104636
-1.094653
-1.084678
-1.074711
-1.064754
-1.054807
-1.044871
-1.034948
-1.025039
-1.015144
-1.005265
-0.995402
-0.985556
-0.975728
-0.965919
-0.956129
-0.946360
-0.936612
-0.926886
-0.917181
-0.907500
-0.897842
-0.888209
-0.878600
-0.869016
-0.859458
-0.849925
-0.840420
-0.830941
-0.821489
-0.812066
-0.802670
-0.793302
-0.783963
-0.774653
-0.765372
-0.756120
-0.746898
-0.737706
-0.728543
-0.719411
-0.710308
-0.701236
-0.692194
-0.683183
-0.674202
-0.665251
-0.656331
-0.647441
-0.638582
-0.629754
-0.620955
-0.612187
-0.603450
-0.594742
-0.586065
-0.577417
-0.568799
-0.560211
-0.551653
-0.543123
-0.534623
-0.526152
-0.517710
-0.509296
-0.500910
-0.492553
-0.484223
-0.475921
-0.467647
-0.459399
-0.451178
-0.442983
-0.434815
-0.426672
-0.418555
-0.410463
-0.402396
-0.394354
-0.386336
-0.378341
-0.370370
-0.362422
-0.354497
-0.346594
-0.338713
-0.330854
-0.323016
-0.315198
-0.307401
-0.299624
-0.291866
-0.284128
-0.276408
-0.268706
-0.261022
-0.253356
-0.245706
-0.238073
-0.230456
-0.222855
-0.215268
-0.207697
-0.200139
-0.192595
-0.185065
-0.177547
-0.170042
-0.162548
-0.155066
-0.147595
-0.140134
-0.132683
-0.125241
-0.117809
-0.110384
-0.102968
-0.095560
-0.088158
-0.080763
-0.073373
-0.065989
-0.058611
-0.051236
-0.043866
-0.036499
-0.029135
-0.021774
-0.014415
-0.007057
0.000300
0.007656
0.015013
0.022370
0.029728
0.037087
0.044449
0.051813
0.059180
0.066550
0.073925
0.081304
0.088688
0.096078
0.103474
0.110876
0.118285
0.125702
0.133127
0.140560
0.148002
0.155454
0.162916
0.170388
0.177871
0.185365
0.192871
0.200390
0.207921
0.215466
0.223024
0.230597
0.238184
0.245786
0.253404
0.261038
0.268689
0.276356
0.284041
0.291744
0.299464
0.307204
0.314962
0.322740
0.330538
0.338357
0.346196
0.354056
0.361938
0.369841
0.377767
0.385716
0.393687
0.401682
0.409701
0.417744
0.425811
0.433904
0.442021
0.450164
0.458332
0.466527
0.474748
0.482996
0.491271
0.499573
0.507902
0.516259
0.524644
0.533058
0.541500
0.549970
0.558470
0.566998
0.575556
0.584143
0.592760
0.601407
0.610083
0.618789
0.627525
0.636292
0.645089
0.653916
0.662773
0.671661
0.680579
0.689528
0.698507
0.707516
0.716556
0.725626
0.734726
0.743856
0.753016
0.762206
0.771425
0.780674
0.789952
0.799259
0.808595
0.817960
0.827353
0.836773
0.846222
0.855697
0.865200
0.874729
0.884284
0.893864
0.903470
0.913100
0.922755
0.932433
0.942133
0.951857
0.961602
0.971368
0.981154
0.990960
1.000785
1.010628
1.020488
1.030365
1.040257
1.050164
1.060084
1.070017
1.079962
1.089918
1.099883
1.109857
1.119838
1.129826
1.139818
1.149814
1.159813
1.169813
1.179812
1.189811
1.199806
1.209797
1.219782
1.229759
1.239728
1.249686
1.259632
1.269564
1.279480
1.289380
1.299260
1.309120
1.318957
1.328769
1.338555
1.348313
1.358041
1.367736
1.377397
1.387021
1.396607
1.406153
1.415656
1.425114
1.434525
1.443887
1.453197
1.462453
1.471653
1.480795
1.489875
1.498893
1.507845
1.516729
1.525543
1.534283
1.542949
1.551536
1.560044
1.568468
1.576808
1.585059
1.593221
1.601289
1.609262
1.617137
1.624912
1.632584
1.640151
1.647610
1.654958
1.662193
1.669313
1.676315
1.683197
1.689956
1.696589
1.703096
1.709472
1.715716
1.721825
1.727798
1.733631
1.739324
1.744872
1.750275
1.755530
1.760636
1.765589
1.770389
1.775033
1.779520
1.783847
1.788012
1.792015
1.795854
1.799526
1.803031
1.806366
1.809531
1.812524
1.815344
1.817989
1.820459
1.822752
1.824868
1.826805
1.828563
1.830141
1.831538
1.832753
1.833786
1.834637
1.835305
1.835790
1.836092
1.836210
1.836144
1.835895
1.835462
1.834846
1.834047
1.833065
1.831901
1.830555
1.829028
1.827320
1.825432
1.823365
1.821119
1.818696
1.816097
1.813323
1.810375
1.807254
1.803961
1.800498
1.796867
1.793068
1.789104
1.784975
1.780685
1.776233
1.771623
1.766856
1.761934
1.756858
1.751632
1.746256
1.740733
1.735066
1.729256
1.723305
1.717217
1.710992
1.704633
1.698144
1.691525
1.684780
1.677911
1.670920
1.663810
1.656584
1.649243
1.641791
1.634229
1.626561
1.618789
1.610915
1.602942
1.594873
1.586710
1.578456
1.570113
1.561684
1.553172
1.544578
1.535905
1.527157
1.518335
1.509442
1.500480
1.491452
1.482361
1.473208
1.463997
1.454729
1.445406
1.436032
1.426609
1.417138
1.407622
1.398063
1.388464
1.378827
1.369153
1.359445
1.349705
1.339935
1.330137
1.320313
1.310465
1.300595
1.290705
1.280796
1.270870
1.260930
1.250976
1.241012
1.231037
1.221054
1.211065
1.201071
1.191073
1.181074
1.171074
1.161075
1.151078
1.141085
1.131097
1.121116
1.111141
1.101176
1.091220
1.081276
1.071344
1.061424
1.051519
1.041630
1.031756
1.021900
1.012062
1.002242
0.992443
0.982664
0.972906
0.963170
0.953458
0.943769
0.934104
0.924463
0.914849
0.905260
0.895697
0.886162
0.876655
0.867175
0.857724
0.848302
0.838909
0.829545
0.820212
0.810909
0.801636
0.792395
0.783184
0.774005
0.764858
0.755742
0.746658
0.737607
0.728587
0.719600
0.710645
0.701723
0.692833
0.683976
0.675152
0.666360
0.657601
0.648874
0.640180
0.631518
0.622889
0.614292
0.605728
0.597195
0.588695
0.580226
0.571789
0.563384
0.555010
0.546667
0.538355
0.530073
0.521823
0.513602
0.505412
0.497252
0.489121
0.481019
0.472946
0.464902
0.456887
0.448899
0.440940
0.433008
0.425103
0.417224
0.409373
0.401547
0.393747
0.385973
0.378223
0.370499
0.362798
0.355121
0.347468
0.339838
0.332231
0.324646
0.317083
0.309541
0.302020
0.294520
0.287040
0.279580
0.272139
0.264717
0.257314
0.249928
0.242560
0.235209
0.227875
0.220556
0.213254
0.205966
0.198694
0.191435
0.184191
0.176960
0.169741
0.162535
0.155341
0.148158
0.140986
0.133825
0.126674
0.119531
0.112398
0.105274
0.098157
0.091048
0.083945
0.076850
0.069760
0.062675
0.055596
0.048521
0.041450
0.034383
0.027318
0.020256
0.013196
0.006137
-0.000921
-0.007978
-0.015035
-0.022093
-0.029152
-0.036213
-0.043276
-0.050341
-0.057409
-0.064481
-0.071557
-0.078638
-0.085723
-0.092815
-0.099912
-0.107016
-0.114127
-0.121246
-0.128373
-0.135508
-0.142653
-0.149806
-0.156970
-0.164145
-0.171331
-0.178528
-0.185737
-0.192958
-0.200193
-0.207440
-0.214702
-0.221978
-0.229269
-0.236576
-0.243898
-0.251236
-0.258591
-0.265963
-0.273353
-0.280760
-0.288187
-0.295632
-0.303096
-0.310581
-0.318085
-0.325610
-0.333157
-0.340724
-0.348314
-0.355926
-0.363561
-0.371219
-0.378900
-0.386606
-0.394335
-0.402090
-0.409869
-0.417674
-0.425504
-0.433361
-0.441244
-0.449154
-0.457091
-0.465055
-0.473048
-0.481068
-0.489117
-0.497194
-0.505300
-0.513436
-0.521601
-0.529796
-0.538021
-0.546276
-0.554562
-0.562878
-0.571226
-0.579604
-0.588014
-0.596455
-0.604927
-0.613432
-0.621968
-0.630537
-0.639137
-0.647770
-0.656435
-0.665133
-0.673863
-0.682625
-0.691420
-0.700248
-0.709108
-0.718000
-0.726925
-0.735883
-0.744872
-0.753894
-0.762948
-0.772034
-0.781152
-0.790301
-0.799482
-0.808694
-0.817937
-0.827211
-0.836516
-0.845850
-0.855215
-0.864609
-0.874032
-0.883484
-0.892964
-0.902473
-0.912008
-0.921571
-0.931160
-0.940775
-0.950415
-0.960081
-0.969770
-0.979482
-0.989218
-0.998975
-1.008754
-1.018553
-1.028372
-1.038210
-1.048066
-1.057939
-1.067828
-1.077732
-1.087651
-1.097583
-1.107527
-1.117482
-1.127447
-1.137421
-1.147402
-1.157390
-1.167382
-1.177379
-1.187378
-1.197378
-1.207377
-1.217375
-1.227369
-1.237359
-1.247342
-1.257318
-1.267283
-1.277238
-1.287180
-1.297107
-1.307017
-1.316909
-1.326782
-1.336632
-1.346458
-1.356259
-1.366032
-1.375775
-1.385487
-1.395164
-1.404806
-1.414409
-1.423973
-1.433493
-1.442969
-1.452399
-1.461779
-1.471107
-1.480382
-1.489600
-1.498760
-1.507859
-1.516895
-1.525865
-1.534766
-1.543597
-1.552354
-1.561036
-1.569640
-1.578162
-1.586602
-1.594955
-1.603220
-1.611394
-1.619474
-1.627458
-1.635344
-1.643128
-1.650808
-1.658382
-1.665846
-1.673199
-1.680438
-1.687561
-1.694564
-1.701446
-1.708203
-1.714834
-1.721336
-1.727707
-1.733944
-1.740045
-1.746007
-1.751829
-1.757507
-1.763041
-1.768427
-1.773663
-1.778748
-1.783680
-1.788455
-1.793074
-1.797532
-1.801830
-1.805964
-1.809934
-1.813737
-1.817372
-1.820838
-1.824132
-1.827254
-1.830202
-1.832975
-1.835571
-1.837990
-1.840231
-1.842292
-1.844172
-1.845872
-1.847389
-1.848724
-1.849875
-1.850843
-1.851626
-1.852224
-1.852638
-1.852866
-1.852910
-1.852768
-1.852440
-1.851928
-1.851231
-1.850349
-1.849283
-1.848033
-1.846599
-1.844983
-1.843186
-1.841207
-1.839047
-1.836708
-1.834191
-1.831497
-1.828626
-1.825580
-1.822361
-1.818969
-1.815406
-1.811674
-1.807774
-1.803708
-1.799477
-1.795083
-1.790528
-1.785815
-1.780944
-1.775917
-1.770738
-1.765407
-1.759927
-1.754300
-1.748529
-1.742615
-1.736560
-1.730368
-1.724040
-1.717579
-1.710988
-1.704267
-1.697422
-1.690452
-1.683362
-1.676153
-1.668829
-1.661391
-1.653843
-1.646186
-1.638424
-1.630559
-1.622594
-1.614531
-1.606373
-1.598122
-1.589782
-1.581354
-1.572842
-1.564247
-1.555573
-1.546822
-1.537996
-1.529099
-1.520132
-1.511099
-1.502001
-1.492841
-1.483622
-1.474346
-1.465015
-1.455632
-1.446200
-1.436719
-1.427194
-1.417626
-1.408017
-1.398370
-1.388686
-1.378969
-1.369219
-1.359440
-1.349632
-1.339799
-1.329943
-1.320064
-1.310166
-1.300249
-1.290317
-1.280370
-1.270411
-1.260441
-1.250462
-1.240475
-1.230483
-1.220487
-1.210488
-1.200488
-1.190488
-1.180491
-1.170497
-1.160507
-1.150524
-1.140548
-1.130580
-1.120623
-1.110677
-1.100743
-1.090822
-1.080916
-1.071026
-1.061152
-1.051296
-1.041458
-1.031640
-1.021842
-1.012066
-1.002312
-0.992580
-0.982873
-0.973190
-0.963532
-0.953900
-0.944294
-0.934716
-0.925165
-0.915643
-0.906149
-0.896685
-0.887251
-0.877847
-0.868474
-0.859131
-0.849821
-0.840542
-0.831296
-0.822082
-0.812901
-0.803753
-0.794639
-0.785558
-0.776511
-0.767498
-0.758519
-0.749574
-0.740664
-0.731789
-0.722948
-0.714141
-0.705370
-0.696633
-0.687931
-0.679264
-0.670631
-0.662033
-0.653470
-0.644942
-0.636448
-0.627989
-0.619564
-0.611173
-0.602817
-0.594494
-0.586206
-0.577950
-0.569729
-0.561541
-0.553385
-0.545263
-0.537174
-0.529116
-0.521091
-0.513098
-0.505137
-0.497207
-0.489308
-0.481440
-0.473603
-0.465795
-0.458018
-0.450270
-0.442552
-0.434862
-0.427202
-0.419569
-0.411964
-0.404387
-0.396837
-0.389314
-0.381817
-0.374346
-0.366901
-0.359481
-0.352086
-0.344716
-0.337369
-0.330046
-0.322747
-0.315470
-0.308215
-0.300983
-0.293772
-0.286582
-0.279412
-0.272263
-0.265133
-0.258023
-0.250932
-0.243859
-0.236804
-0.229766
-0.222746
-0.215741
-0.208753
-0.201781
-0.194823
-0.187881
-0.180952
-0.174037
-0.167135
-0.160246
-0.153370
-0.146505
-0.139651
-0.132808
-0.125975
-0.119152
-0.112339
-0.105534
-0.098737
-0.091948
-0.085167
-0.078392
-0.071624
-0.064862
-0.058105
-0.051352
-0.044604
-0.037860
-0.031119
-0.024381
-0.017646
-0.010912
-0.004179
0.002552
0.009284
0.016015
0.022748
0.029481
0.036216
0.042954
0.049694
0.056437
0.063184
0.069935
0.076691
0.083452
0.090219
0.096992
0.103772
0.110559
0.117353
0.124156
0.130967
0.137788
0.144618
0.151459
0.158310
0.165172
0.172045
0.178931
0.185830
0.192741
0.199666
0.206605
0.213559
0.220527
0.227511
0.234511
0.241527
0.248560
0.255610
0.262678
0.269764
0.276869
0.283993
0.291137
0.298301
0.305485
0.312690
0.319916
0.327164
0.334434
0.341727
0.349043
0.356382
0.363745
0.371133
0.378545
0.385982
0.393445
0.400934
0.408448
0.415990
0.423558
0.431154
0.438777
0.446429
0.454109
0.461817
0.469555
0.477322
0.485119
0.492946
0.500803
0.508691
0.516610
0.524560
0.532541
0.540555
0.548600
0.556677
0.564787
0.572930
0.581106
0.589314
0.597556
0.605832
0.614141
0.622484
0.630861
0.639272
0.647717
0.656197
0.664711
0.673259
0.681842
0.690460
0.699112
0.707799
0.716521
0.725277
0.734068
0.742893
0.751753
0.760648
0.769577
0.778540
0.787537
0.796568
0.805633
0.814732
0.823864
0.833029
0.842226
0.851457
0.860720
0.870014
0.879341
0.888698
0.898087
0.907506
0.916954
0.926433
0.935940
0.945476
0.955040
0.964631
0.974249
0.983893
0.993562
1.003257
1.012975
1.022717
1.032481
1.042267
1.052073
1.061900
1.071746
1.081610
1.091491
1.101388
1.111300
1.121226
1.131165
1.141116
1.151078
1.161049
1.171028
1.181014
1.191005
1.201001
1.211000
1.220999
1.230999
1.240997
1.250992
1.260982
1.270966
1.280942
1.290909
1.300864
1.310805
1.320732
1.330643
1.340534
1.350405
1.360254
1.370078
1.379876
1.389645
1.399384
1.409090
1.418762
1.428396
1.437992
1.447546
1.457056
1.466521
1.475937
1.485303
1.494616
1.503874
1.513073
1.522213
1.531290
1.540302
1.549247
1.558121
1.566923
1.575649
1.584298
1.592866
1.601351
1.609751
1.618062
1.626283
1.634410
1.642442
1.650374
1.658206
1.665933
1.673554
1.681066
1.688466
1.695752
1.702921
1.709971
1.716899
1.723702
1.730378
1.736925
1.743339
1.749620
1.755763
1.761768
1.767631
1.773350
1.778924
1.784349
1.789623
1.794745
1.799713
1.804524
1.809176
1.813667
1.817997
1.822161
1.826160
1.829991
1.833653
1.837144
1.840462
1.843607
1.846576
1.849368
1.851983
1.854419
1.856674
1.858749
1.860642
1.862352
1.863878
1.865220
1.866377
1.867348
1.868134
1.868733
1.869146
1.869372
1.869411
1.869263
1.868928
1.868406
1.867698
1.866804
1.865724
1.864458
1.863008
1.861373
1.859555
1.857554
1.855371
1.853007
1.850464
1.847741
1.844841
1.841765
1.838514
1.835089
1.831491
1.827723
1.823786
1.819682
1.815412
1.810978
1.806382
1.801625
1.796711
1.791640
1.786415
1.781039
1.775512
1.769837
1.764018
1.758055
1.751951
1.745709
1.739330
1.732818
1.726175
1.719403
1.712505
1.705484
1.698341
1.691080
1.683703
1.676213
1.668612
1.660902
1.653088
1.645171
1.637154
1.629039
1.620829
1.612528
1.604137
1.595659
1.587096
1.578453
1.569730
1.560931
1.552059
1.543115
1.534103
1.525025
1.515883
1.506681
1.497420
1.488103
1.478732
1.469311
1.459840
1.450324
1.440763
1.431161
1.421520
1.411841
1.402127
1.392381
1.382604
1.372799
1.362967
1.353112
1.343234
1.333335
1.323419
1.313486
1.303538
1.293578
1.283608
1.273628
1.263640
1.253647
1.243651
1.233651
1.223651
1.213652
1.203655
1.193662
1.183674
1.173693
1.163720
1.153756
1.143803
1.133861
1.123933
1.114019
1.104120
1.094238
1.084373
1.074527
1.064701
1.054896
1.045111
1.035350
1.025612
1.015898
1.006209
0.996546
0.986909
0.977300
0.967718
0.958165
0.948642
0.939148
0.929685
0.920253
0.910852
0.901483
0.892147
0.882844
0.873573
0.864337
0.855135
0.845967
0.836834
0.827736
0.818673
0.809645
0.800654
0.791698
0.782779
0.773896
0.765050
0.756240
0.747467
0.738730
0.730031
0.721368
0.712743
0.704154
0.695603
0.687088
0.678610
0.670170
0.661766
0.653399
0.645069
0.636775
0.628518
0.620297
0.612113
0.603964
0.595852
0.587775
0.579734
0.571728
0.563757
0.555821
0.547920
0.540054
0.532221
0.524423
0.516658
0.508927
0.501229
0.493563
0.485930
0.478330
0.470761
0.463224
0.455719
0.448244
0.440800
0.433386
0.426002
0.418648
0.411322
0.404026
0.396758
0.389518
0.382306
0.375120
0.367962
0.360831
0.353725
0.346645
0.339590
0.332560
0.325555
0.318573
0.311615
0.304680
0.297768
0.290878
0.284010
0.277163
0.270337
0.263532
0.256746
0.249980
0.243234
0.236505
0.229795
0.223103
0.216428
0.209770
0.203128
0.196502
0.189891
0.183295
0.176714
0.170146
0.163592
0.157051
0.150522
0.144006
0.137500
0.131006
0.124523
0.118050
0.111586
0.105131
0.098685
0.092247
0.085816
0.079393
0.072976
0.066566
0.060161
0.053761
0.047366
0.040975
0.034588
0.028204
0.021823
0.015444
0.009066
0.002690
-0.003685
-0.010061
-0.016436
-0.022813
-0.029190
-0.035570
-0.041951
-0.048336
-0.054724
-0.061115
-0.067511
-0.073911
-0.080317
-0.086728
-0.093146
-0.099570
-0.106002
-0.112441
-0.118888
-0.125344
-0.131810
-0.138285
-0.144770
-0.151265
-0.157772
-0.164290
-0.170820
-0.177363
-0.183919
-0.190489
-0.197072
-0.203670
-0.210283
-0.216911
-0.223555
-0.230215
-0.236892
-0.243587
-0.250299
-0.257029
-0.263778
-0.270547
-0.277334
-0.284142
-0.290970
-0.297819
-0.304690
-0.311582
-0.318496
-0.325433
-0.332394
-0.339377
-0.346385
-0.353417
-0.360474
-0.367556
-0.374664
-0.381798
-0.388958
-0.396145
-0.403359
-0.410601
-0.417871
-0.425169
-0.432496
-0.439852
-0.447238
-0.454653
-0.462099
-0.469575
-0.477082
-0.484620
-0.492189
-0.499791
-0.507425
-0.515091
-0.522790
-0.530521
-0.538287
-0.546085
-0.553918
-0.561785
-0.569686
-0.577622
-0.585592
-0.593598
-0.601639
-0.609715
-0.617827
-0.625974
-0.634158
-0.642377
-0.650633
-0.658925
-0.667254
-0.675619
-0.684021
-0.692460
-0.700935
-0.709448
-0.717997
-0.726583
-0.735206
-0.743865
-0.752562
-0.761295
-0.770065
-0.778872
-0.787715
-0.796594
-0.805509
-0.814461
-0.823449
-0.832472
-0.841530
-0.850624
-0.859753
-0.868916
-0.878114
-0.887346
-0.896611
-0.905909
-0.915241
-0.924605
-0.934000
-0.943428
-0.952886
-0.962374
-0.971893
-0.981440
-0.991016
-1.000621
-1.010252
-1.019910
-1.029594
-1.039303
-1.049037
-1.058794
-1.068573
-1.078374
-1.088196
-1.098038
-1.107898
-1.117776
-1.127671
-1.137582
-1.147507
-1.157445
-1.167396
-1.177357
-1.187328
-1.197308
-1.207294
-1.217286
-1.227282
-1.237280
-1.247280
-1.257280
-1.267278
-1.277272
-1.287261
-1.297243
-1.307217
-1.317180
-1.327131
-1.337069
-1.346990
-1.356894
-1.366779
-1.376641
-1.386481
-1.396294
-1.406080
-1.415836
-1.425560
-1.435250
-1.444904
-1.454519
-1.464093
-1.473624
-1.483110
-1.492547
-1.501935
-1.511270
-1.520549
-1.529771
-1.538934
-1.548033
-1.557068
-1.566035
-1.574931
-1.583755
-1.592503
-1.601174
-1.609764
-1.618270
-1.626691
-1.635023
-1.643264
-1.651410
-1.659461
-1.667412
-1.675261
-1.683005
-1.690642
-1.698169
-1.705584
-1.712884
-1.720065
-1.727127
-1.734065
-1.740878
-1.747562
-1.754116
-1.760537
-1.766822
-1.772969
-1.778976
-1.784839
-1.790558
-1.796129
-1.801551
-1.806820
-1.811936
-1.816895
-1.821696
-1.826337
-1.830816
-1.835130
-1.839279
-1.843259
-1.847071
-1.850711
-1.854178
-1.857472
-1.860589
-1.863530
-1.866292
-1.868874
-1.871276
-1.873496
-1.875533
-1.877387
-1.879055
-1.880538
-1.881836
-1.882946
-1.883869
-1.884605
-1.885153
-1.885512
-1.885683
-1.885665
-1.885459
-1.885064
-1.884481
-1.883710
-1.882751
-1.881605
-1.880272
-1.878753
-1.877048
-1.875159
-1.873085
-1.870828
-1.868389
-1.865770
-1.862970
-1.859991
-1.856836
-1.853504
-1.849998
-1.846318
-1.842468
-1.838447
-1.834259
-1.829904
-1.825384
-1.820702
-1.815860
-1.810859
-1.805701
-1.800389
-1.794924
-1.789310
-1.783548
-1.777641
-1.771590
-1.765399
-1.759069
-1.752603
-1.746005
-1.739275
-1.732417
-1.725433
-1.718327
-1.711099
-1.703754
-1.696294
-1.688721
-1.681038
-1.673248
-1.665354
-1.657357
-1.649262
-1.641070
-1.632785
-1.624409
-1.615944
-1.607394
-1.598761
-1.590047
-1.581256
-1.572391
-1.563453
-1.554445
-1.545371
-1.536232
-1.527031
-1.517771
-1.508454
-1.499083
-1.489661
-1.480189
-1.470670
-1.461106
-1.451501
-1.441856
-1.432173
-1.422455
-1.412704
-1.402923
-1.393113
-1.383277
-1.373416
-1.363534
-1.353631
-1.343710
-1.333773
-1.323822
-1.313858
-1.303884
-1.293901
-1.283912
-1.273917
-1.263919
-1.253920
-1.243920
-1.233922
-1.223926
-1.213936
-1.203951
-1.193974
-1.184006
-1.174048
-1.164102
-1.154169
-1.144249
-1.134346
-1.124459
-1.114589
-1.104738
-1.094908
-1.085098
-1.075310
-1.065546
-1.055805
-1.046089
-1.036398
-1.026735
-1.017098
-1.007490
-0.997910
-0.988360
-0.978841
-0.969352
-0.959895
-0.950470
-0.941077
-0.931718
-0.922393
-0.913102
-0.903846
-0.894625
-0.885440
-0.876291
-0.867178
-0.858101
-0.849062
-0.840060
-0.831095
-0.822169
-0.813280
-0.804430
-0.795618
-0.786845
-0.778110
-0.769414
-0.760758
-0.752140
-0.743561
-0.735022
-0.726522
-0.718061
-0.709640
-0.701257
-0.692914
-0.684610
-0.676345
-0.668119
-0.659933
-0.651785
-0.643675
-0.635605
-0.627573
-0.619579
-0.611623
-0.603705
-0.595826
-0.587983
-0.580178
-0.572411
-0.564680
-0.556986
-0.549329
-0.541708
-0.534122
-0.526573
-0.519059
-0.511580
-0.504136
-0.496726
-0.489351
-0.482010
-0.474702
-0.467427
-0.460186
-0.452977
-0.445800
-0.438655
-0.431542
-0.424459
-0.417408
-0.410387
-0.403396
-0.396435
-0.389503
-0.382600
-0.375725
-0.368879
-0.362060
-0.355268
-0.348503
-0.341765
-0.335053
-0.328366
-0.321704
-0.315067
-0.308455
-0.301866
-0.295301
-0.288759
-0.282239
-0.275742
-0.269266
-0.262811
-0.256377
-0.249964
-0.243570
-0.237196
-0.230841
-0.224504
-0.218185
-0.211884
-0.205600
-0.199332
-0.193081
-0.186845
-0.180625
-0.174420
-0.168228
-0.162051
-0.155887
-0.149736
-0.143597
-0.137470
-0.131355
-0.125250
-0.119156
-0.113072
-0.106998
-0.100933
-0.094876
-0.088828
-0.082787
-0.076753
-0.070726
-0.064705
-0.058690
-0.052680
-0.046674
-0.040673
-0.034676
-0.028682
-0.022691
-0.016702
-0.010715
-0.004729
0.001256
0.007240
0.013225
0.019210
0.025196
0.031184
0.037174
0.043166
0.049161
0.055160
0.061163
0.067170
0.073182
0.079200
0.085223
0.091253
0.097290
0.103334
0.109385
0.115446
0.121515
0.127593
0.133681
0.139779
0.145888
0.152007
0.158139
0.164283
0.170439
0.176608
0.182791
0.188988
0.195199
0.201426
0.207667
0.213925
0.220199
0.226489
0.232797
0.239123
0.245467
0.251829
0.258211
0.264612
0.271033
0.277474
0.283937
0.290420
0.296926
0.303453
0.310004
0.316577
0.323174
0.329795
0.336441
0.343111
0.349806
0.356527
0.363275
0.370048
0.376849
0.383677
0.390532
0.397416
0.404329
0.411270
0.418240
0.425240
0.432271
0.439331
0.446423
0.453546
0.460700
0.467886
0.475104
0.482355
0.489639
0.496956
0.504306
0.511691
0.519110
0.526563
0.534051
0.541574
0.549132
0.556726
0.564356
0.572022
0.579725
0.587464
0.595240
0.603054
0.610904
0.618792
0.626718
0.634681
0.642683
0.650723
0.658801
0.666918
0.675073
0.683267
0.691500
0.699772
0.708082
0.716432
0.724821
0.733249
0.741716
0.750222
0.758767
0.767351
0.775974
0.784636
0.793337
0.802076
0.810854
0.819671
0.828525
0.837418
0.846349
0.855317
0.864322
0.873365
0.882445
0.891561
0.900713
0.909901
0.919125
0.928383
0.937676
0.947003
0.956364
0.965758
0.975185
0.984643
0.994133
1.003654
1.013204
1.022785
1.032394
1.042031
1.051695
1.061385
1.071102
1.080842
1.090607
1.100395
1.110204
1.120035
1.129885
1.139754
1.149641
1.159544
1.169462
1.179395
1.189341
1.199298
1.209266
1.219243
1.229227
1.239217
1.249212
1.259210
1.269210
1.279210
1.289208
1.299203
1.309193
1.319176
1.329151
1.339116
1.349068
1.359007
1.368929
1.378834
1.388719
1.398582
1.408420
1.418233
1.428018
1.437772
1.447494
1.457181
1.466831
1.476441
1.486010
1.495534
1.505013
1.514442
1.523820
1.533144
1.542411
1.551620
1.560767
1.569851
1.578868
1.587815
1.596691
1.605493
1.614217
1.622861
1.631423
1.639900
1.648289
1.656588
1.664793
1.672902
1.680912
1.688821
1.696625
1.704323
1.711911
1.719387
1.726748
1.733991
1.741114
1.748114
1.754989
1.761735
1.768350
1.774833
1.781179
1.787387
1.793454
1.799379
1.805157
1.810788
1.816268
1.821596
1.826769
1.831786
1.836643
1.841340
1.845873
1.850241
1.854443
1.858476
1.862338
1.866028
1.869545
1.872886
1.876050
1.879036
1.881843
1.884469
1.886912
1.889172
1.891248
1.893139
1.894844
1.896362
1.897693
1.898835
1.899789
1.900553
1.901128
1.901513
1.901708
1.901713
1.901527
1.901152
1.900586
1.899831
1.898887
1.897753
1.896431
1.894922
1.893225
1.891341
1.889272
1.887019
1.884581
1.881961
1.879160
1.876178
1.873018
1.869680
1.866166
1.862477
1.858616
1.854584
1.850382
1.846012
1.841477
1.836777
1.831916
1.826895
1.821717
1.816383
1.810895
1.805257
1.799470
1.793536
1.787459
1.781239
1.774881
1.768386
1.761757
1.754996
1.748107
1.741091
1.733952
1.726691
1.719312
1.711818
1.704210
1.696493
1.688668
1.680738
1.672706
1.664576
1.656348
1.648027
1.639616
1.631116
1.622530
1.613862
1.605114
1.596288
1.587389
1.578417
1.569376
1.560268
1.551097
1.541865
1.532573
1.523226
1.513825
1.504374
1.494873
1.485327
1.475737
1.466106
1.456436
1.446729
1.436989
1.427217
1.417415
1.407585
1.397731
1.387853
1.377955
1.368038
1.358103
1.348154
1.338193
1.328220
1.318238
1.308250
1.298255
1.288257
1.278258
1.268258
1.258260
1.248264
1.238274
1.228290
1.218313
1.208346
1.198389
1.188445
1.178514
1.168597
1.158696
1.148813
1.138948
1.129103
1.119278
1.109476
1.099696
1.089940
1.080208
1.070503
1.060825
1.051174
1.041551
1.031958
1.022395
1.012863
1.003363
0.993895
0.984460
0.975058
0.965691
0.956359
0.947061
0.937800
0.928576
0.919388
0.910237
0.901124
0.892049
0.883013
0.874016
0.865058
0.856139
0.847260
0.838421
0.829622
0.820864
0.812146
0.803469
0.794833
0.786239
0.777685
0.769173
0.760702
0.752272
0.743885
0.735538
0.727233
0.718970
0.710748
0.702568
0.694429
0.686331
0.678274
0.670259
0.662285
0.654352
0.646460
0.638608
0.630797
0.623026
0.615295
0.607605
0.599954
0.592343
0.584771
0.577238
0.569744
0.562289
0.554873
0.547494
0.540153
0.532850
0.525585
0.518356
0.511164
0.504008
0.496889
0.489805
0.482757
0.475744
0.468766
0.461822
0.454912
0.448036
0.441193
0.434384
0.427607
0.420862
0.414150
0.407468
0.400818
0.394199
0.387610
0.381051
0.374522
0.368022
0.361550
0.355107
0.348692
0.342304
0.335944
0.329610
0.323302
0.317020
0.310764
0.304533
0.298326
0.292143
0.285984
0.279849
0.273736
0.267645
0.261576
0.255529
0.249503
0.243498
0.237512
0.231547
0.225600
0.219673
0.213763
0.207872
0.201998
0.196141
0.190301
0.184476
0.178668
0.172874
0.167095
0.161331
0.155580
0.149842
0.144118
0.138406
0.132705
0.127017
0.121339
0.115672
0.110014
0.104367
0.098729
0.093099
0.087478
0.081864
0.076258
0.070658
0.065065
0.059478
0.053896
0.048320
0.042747
0.037179
0.031615
0.026053
0.020494
0.014938
0.009383
0.003829
-0.001724
-0.007276
-0.012829
-0.018382
-0.023936
-0.029492
-0.035050
-0.040611
-0.046174
-0.051741
-0.057311
-0.062886
-0.068466
-0.074051
-0.079642
-0.085239
-0.090842
-0.096453
-0.102071
-0.107698
-0.113333
-0.118977
-0.124630
-0.130293
-0.135967
-0.141651
-0.147347
-0.153054
-0.158774
-0.164506
-0.170251
-0.176010
-0.181783
-0.187571
-0.193373
-0.199191
-0.205025
-0.210875
-0.216741
-0.222625
-0.228527
-0.234447
-0.240385
-0.246343
-0.252320
-0.258316
-0.264333
-0.270371
-0.276431
-0.282511
-0.288614
-0.294740
-0.300888
-0.307060
-0.313256
-0.319476
-0.325721
-0.331991
-0.338286
-0.344608
-0.350956
-0.357330
-0.363732
-0.370162
-0.376620
-0.383106
-0.389621
-0.396165
-0.402739
-0.409343
-0.415978
-0.422643
-0.429340
-0.436068
-0.442828
-0.449620
-0.456445
-0.463304
-0.470195
-0.477121
-0.484080
-0.491075
-0.498103
-0.505168
-0.512267
-0.519402
-0.526574
-0.533782
-0.541026
-0.548308
-0.555626
-0.562983
-0.570377
-0.577809
-0.585280
-0.592789
-0.600337
-0.607925
-0.615551
-0.623217
-0.630923
-0.638668
-0.646454
-0.654280
-0.662146
-0.670053
-0.678001
-0.685989
-0.694018
-0.702089
-0.710200
-0.718353
-0.726546
-0.734782
-0.743058
-0.751376
-0.759735
-0.768135
-0.776577
-0.785060
-0.793584
-0.802150
-0.810756
-0.819403
-0.828091
-0.836819
-0.845588
-0.854397
-0.863246
-0.872135
-0.881063
-0.890031
-0.899037
-0.908082
-0.917166
-0.926287
-0.935445
-0.944641
-0.953873
-0.963142
-0.972446
-0.981785
-0.991159
-1.000566
-1.010007
-1.019481
-1.028987
-1.038524
-1.048092
-1.057689
-1.067316
-1.076971
-1.086654
-1.096363
-1.106097
-1.115856
-1.125639
-1.135445
-1.145272
-1.155119
-1.164986
-1.174872
-1.184774
-1.194692
-1.204624
-1.214570
-1.224528
-1.234496
-1.244473
-1.254458
-1.264449
-1.274444
-1.284443
-1.294442
-1.304442
-1.314440
-1.324434
-1.334422
-1.344404
-1.354376
-1.364337
-1.374286
-1.384219
-1.394136
-1.404034
-1.413911
-1.423765
-1.433594
-1.443395
-1.453167
-1.462907
-1.472613
-1.482283
-1.491914
-1.501504
-1.511050
-1.520551
-1.530003
-1.539404
-1.548751
-1.558043
-1.567276
-1.576448
-1.585556
-1.594598
-1.603571
-1.612472
-1.621298
-1.630048
-1.638718
-1.647305
-1.655806
-1.664220
-1.672543
-1.680772
-1.688904
-1.696938
-1.704870
-1.712697
-1.720416
-1.728026
-1.735522
-1.742903
-1.750165
-1.757306
-1.764324
-1.771215
-1.777977
-1.784607
-1.791103
-1.797462
-1.803681
-1.809759
-1.815692
-1.821479
-1.827116
-1.832602
-1.837934
-1.843110
-1.848128
-1.852986
-1.857681
-1.862211
-1.866575
-1.870771
-1.874796
-1.878650
-1.882329
-1.885834
-1.889161
-1.892310
-1.895279
-1.898066
-1.900671
-1.903093
-1.905329
-1.907380
-1.909244
-1.910920
-1.912407
-1.913706
-1.914814
-1.915732
-1.916459
-1.916995
-1.917340
-1.917493
-1.917454
-1.917223
-1.916801
-1.916187
-1.915382
-1.914387
-1.913201
-1.911825
-1.910259
-1.908506
-1.906564
-1.904436
-1.902121
-1.899622
-1.896939
-1.894074
-1.891027
-1.887800
-1.884395
-1.880813
-1.877056
-1.873125
-1.869022
-1.864749
-1.860307
-1.855699
-1.850927
-1.845992
-1.840897
-1.835645
-1.830236
-1.824673
-1.818960
-1.813097
-1.807088
-1.800935
-1.794640
-1.788206
-1.781636
-1.774931
-1.768096
-1.761131
-1.754041
-1.746828
-1.739494
-1.732042
-1.724475
-1.716796
-1.709007
-1.701112
-1.693112
-1.685012
-1.676813
-1.668519
-1.660132
-1.651655
-1.643091
-1.634442
-1.625713
-1.616904
-1.608019
-1.599062
-1.590033
-1.580937
-1.571776
-1.562552
-1.553269
-1.543928
-1.534533
-1.525086
-1.515590
-1.506047
-1.496459
-1.486830
-1.477161
-1.467455
-1.457715
-1.447942
-1.438140
-1.428309
-1.418453
-1.408574
-1.398674
-1.388755
-1.378819
-1.368868
-1.358905
-1.348930
-1.338947
-1.328957
-1.318962
-1.308964
-1.298964
-1.288964
-1.278967
-1.268973
-1.258984
-1.249002
-1.239029
-1.229066
-1.219114
-1.209175
-1.199250
-1.189341
-1.179449
-1.169575
-1.159720
-1.149886
-1.140074
-1.130285
-1.120520
-1.110780
-1.101067
-1.091380
-1.081722
-1.072093
-1.062493
-1.052925
-1.043388
-1.033883
-1.024412
-1.014974
-1.005571
-0.996204
-0.986872
-0.977577
-0.968319
-0.959098
-0.949916
-0.940772
-0.931668
-0.922603
-0.913578
-0.904594
-0.895650
-0.886748
-0.877887
-0.869068
-0.860290
-0.851555
-0.842863
-0.834213
-0.825606
-0.817043
-0.808522
-0.800045
-0.791612
-0.783222
-0.774876
-0.766573
-0.758314
-0.750099
-0.741928
-0.733801
-0.725718
-0.717678
-0.709682
-0.701729
-0.693821
-0.685955
-0.678134
-0.670355
-0.662619
-0.654927
-0.647277
-0.639670
-0.632106
-0.624584
-0.617104
-0.609666
-0.602270
-0.594915
-0.587602
-0.580330
-0.573098
-0.565907
-0.558756
-0.551646
-0.544575
-0.537543
-0.530551
-0.523597
-0.516682
-0.509806
-0.502967
-0.496166
-0.489402
-0.482675
-0.475985
-0.469331
-0.462712
-0.456130
-0.449583
-0.443070
-0.436592
-0.430148
-0.423738
-0.417361
-0.411017
-0.404706
-0.398427
-0.392180
-0.385964
-0.379780
-0.373626
-0.367502
-0.361408
-0.355344
-0.349308
-0.343302
-0.337323
-0.331372
-0.325449
-0.319552
-0.313683
-0.307839
-0.302021
-0.296228
-0.290460
-0.284717
-0.278998
-0.273302
-0.267629
-0.261979
-0.256352
-0.250746
-0.245162
-0.239599
-0.234056
-0.228533
-0.223031
-0.217547
-0.212082
-0.206636
-0.201208
-0.195797
-0.190403
-0.185026
-0.179665
-0.174320
-0.168990
-0.163676
-0.158375
-0.153089
-0.147816
-0.142556
-0.137309
-0.132075
-0.126852
-0.121640
-0.116439
-0.111249
-0.106069
-0.100899
-0.095738
-0.090585
-0.085441
-0.080304
-0.075175
-0.070053
-0.064938
-0.059828
-0.054724
-0.049626
-0.044532
-0.039442
-0.034356
-0.029274
-0.024195
-0.019118
-0.014043
-0.008970
-0.003898
0.001173
0.006243
0.011314
0.016385
0.021458
0.026531
0.031607
0.036685
0.041765
0.046849
0.051937
0.057028
0.062124
0.067225
0.072332
0.077444
0.082562
0.087687
0.092820
0.097960
0.103108
0.108264
0.113430
0.118604
0.123789
0.128984
0.134189
0.139406
0.144634
0.149874
0.155126
0.160392
0.165670
0.170963
0.176269
0.181590
0.186927
0.192278
0.197646
0.203030
0.208431
0.213849
0.219285
0.224739
0.230211
0.235702
0.241213
0.246744
0.252295
0.257866
0.263459
0.269073
0.274709
0.280368
0.286049
0.291754
0.297482
0.303235
0.309012
0.314814
0.320641
0.326495
0.332374
0.338280
0.344213
0.350173
0.356162
0.362178
0.368223
0.374298
0.380401
0.386535
0.392699
0.398894
0.405119
0.411376
0.417665
0.423986
0.430340
0.436727
0.443147
0.449600
0.456088
0.462611
0.469168
0.475760
0.482388
0.489051
0.495751
0.502488
0.509261
0.516071
0.522919
0.529805
0.536729
0.543692
0.550693
0.557733
0.564813
0.571932
0.579091
0.586290
0.593530
0.600810
0.608131
0.615494
0.622897
0.630343
0.637830
0.645359
0.652930
0.660544
0.668200
0.675898
0.683640
0.691424
0.699252
0.707123
0.715037
0.722994
0.730995
0.739040
0.747128
0.755259
0.763434
0.771653
0.779915
0.788221
0.796571
0.804964
0.813400
0.821879
0.830402
0.838968
0.847576
0.856228
0.864921
0.873657
0.882436
0.891256
0.900117
0.909020
0.917964
0.926948
0.935972
0.945037
0.954140
0.963283
0.972464
0.981683
0.990940
1.000234
1.009564
1.018929
1.028330
1.037766
1.047235
1.056737
1.066272
1.075838
1.085435
1.095061
1.104717
1.114401
1.124111
1.133848
1.143611
1.153397
1.163206
1.173037
1.182889
1.192761
1.202650
1.212557
1.222480
1.232417
1.242367
1.252328
1.262300
1.272280
1.282268
1.292261
1.302258
1.312257
1.322257
1.332256
1.342252
1.352243
1.362228
1.372204
1.382170
1.392124
1.402063
1.411986
1.421891
1.431775
1.441636
1.451472
1.461282
1.471062
1.480810
1.490524
1.500203
1.509842
1.519440
1.528994
1.538503
1.547963
1.557371
1.566726
1.576024
1.585264
1.594442
1.603555
1.612602
1.621579
1.630484
1.639313
1.648064
1.656735
1.665322
1.673823
1.682235
1.690555
1.698780
1.706908
1.714935
1.722860
1.730678
1.738387
1.745985
1.753469
1.760835
1.768082
1.775206
1.782204
1.789075
1.795814
1.802420
1.808891
1.815222
1.821413
1.827459
1.833360
1.839111
1.844712
1.850159
1.855451
1.860584
1.865558
1.870369
1.875015
1.879495
1.883806
1.887947
1.891916
1.895711
1.899330
1.902771
1.906034
1.909116
1.912016
1.914733
1.917265
1.919611
1.921771
1.923743
1.925526
1.927120
1.928523
1.929735
1.930755
1.931584
1.932219
1.932662
1.932912
1.932969
1.932832
1.932502
1.931979
1.931263
1.930354
1.929253
1.927961
1.926477
1.924803
1.922940
1.920888
1.918648
1.916221
1.913608
1.910811
1.907831
1.904669
1.901326
1.897804
1.894105
1.890231
1.886182
1.881961
1.877570
1.873010
1.868284
1.863394
1.858341
1.853129
1.847759
1.842233
1.836554
1.830724
1.824746
1.818622
1.812354
1.805946
1.799399
1.792717
1.785902
1.778957
1.771884
1.764686
1.757366
1.749927
1.742372
1.734702
1.726922
1.719034
1.711041
1.702945
1.694750
1.686459
1.678073
1.669597
1.661033
1.652383
1.643651
1.634840
1.625952
1.616990
1.607957
1.598855
1.589688
1.580458
1.571167
1.561820
1.552417
1.542962
1.533458
1.523906
1.514311
1.504673
1.494996
1.485282
1.475533
1.465752
1.455942
1.446104
1.436240
1.426354
1.416448
1.406522
1.396581
1.386625
1.376657
1.366679
1.356692
1.346700
1.336703
1.326704
1.316704
1.306705
1.296709
1.286718
1.276733
1.266756
1.256789
1.246832
1.236888
1.226959
1.217044
1.207147
1.197268
1.187408
1.177569
1.167753
1.157959
1.148190
1.138447
1.128730
1.119041
1.109380
1.099750
1.090150
1.080581
1.071045
1.061542
1.052074
1.042640
1.033242
1.023881
1.014556
1.005269
0.996021
0.986811
0.977642
0.968512
0.959423
0.950374
0.941368
0.932403
0.923481
0.914602
0.905766
0.896973
0.888224
0.879520
0.870860
0.862244
0.853673
0.845148
0.836667
0.828232
0.819843
0.811499
0.803202
0.794950
0.786744
0.778584
0.770470
0.762403
0.754381
0.746406
0.738477
0.730593
0.722756
0.714965
0.707220
0.699520
0.691866
0.684258
0.676695
0.669178
0.661706
0.654278
0.646896
0.639558
0.632265
0.625016
0.617811
0.610650
0.603533
0.596458
0.589428
0.582440
0.575494
0.568591
0.561730
0.554911
0.548134
0.541398
0.534703
0.528048
0.521434
0.514860
0.508325
0.501830
0.495374
0.488957
0.482578
0.476238
0.469935
0.463669
0.457441
0.451249
0.445093
0.438973
0.432889
0.426841
0.420827
0.414847
0.408901
0.402990
0.397111
0.391266
0.385453
0.379672
0.373923
0.368206
0.362519
0.356863
0.351237
0.345641
0.340075
0.334537
0.329028
0.323548
0.318095
0.312669
0.307271
0.301899
0.296553
0.291233
0.285939
0.280669
0.275424
0.270203
0.265006
0.259832
0.254681
0.249552
0.244446
0.239361
0.234298
0.229255
0.224233
0.219231
0.214248
0.209285
0.204340
0.199414
0.194506
0.189615
0.184742
0.179885
0.175044
0.170220
0.165411
0.160617
0.155837
0.151072
0.146321
0.141583
0.136858
0.132146
0.127446
0.122757
0.118080
0.113414
0.108759
0.104114
0.099478
0.094852
0.090234
0.085626
0.081025
0.076432
0.071846
0.067267
0.062694
0.058128
0.053567
0.049011
0.044461
0.039914
0.035372
0.030833
0.026297
0.021765
0.017234
0.012705
0.008178
0.003653
-0.000872
-0.005397
-0.009922
-0.014447
-0.018974
-0.023501
-0.028030
-0.032562
-0.037096
-0.041633
-0.046173
-0.050717
-0.055265
-0.059817
-0.064375
-0.068938
-0.073506
-0.078081
-0.082663
-0.087251
-0.091847
-0.096451
-0.101063
-0.105684
-0.110313
-0.114952
-0.119601
-0.124261
-0.128931
-0.133612
-0.138304
-0.143009
-0.147725
-0.152455
-0.157197
-0.161954
-0.166724
-0.171508
-0.176307
-0.181122
-0.185952
-0.190798
-0.195660
-0.200539
-0.205436
-0.210350
-0.215282
-0.220233
-0.225202
-0.230191
-0.235199
-0.240228
-0.245277
-0.250347
-0.255438
-0.260551
-0.265686
-0.270844
-0.276025
-0.281229
-0.286456
-0.291708
-0.296985
-0.302287
-0.307613
-0.312966
-0.318345
-0.323751
-0.329183
-0.334643
-0.340131
-0.345647
-0.351191
-0.356765
-0.362368
-0.368000
-0.373663
-0.379357
-0.385081
-0.390837
-0.396624
-0.402444
-0.408296
-0.414181
-0.420099
-0.426051
-0.432037
-0.438058
-0.444113
-0.450203
-0.456328
-0.462490
-0.468688
-0.474922
-0.481193
-0.487501
-0.493847
-0.500231
-0.506653
-0.513114
-0.519614
-0.526153
-0.532731
-0.539350
-0.546008
-0.552708
-0.559447
-0.566228
-0.573051
-0.579915
-0.586821
-0.593769
-0.600759
-0.607793
-0.614869
-0.621988
-0.629151
-0.636357
-0.643608
-0.650902
-0.658240
-0.665623
-0.673051
-0.680523
-0.688041
-0.695603
-0.703211
-0.710863
-0.718562
-0.726306
-0.734095
-0.741930
-0.749811
-0.757738
-0.765711
-0.773729
-0.781794
-0.789904
-0.798060
-0.806262
-0.814510
-0.822803
-0.831142
-0.839527
-0.847957
-0.856432
-0.864952
-0.873516
-0.882126
-0.890780
-0.899478
-0.908220
-0.917006
-0.925835
-0.934707
-0.943622
-0.952579
-0.961578
-0.970618
-0.979699
-0.988821
-0.997983
-1.007184
-1.016424
-1.025702
-1.035018
-1.044371
-1.053761
-1.063186
-1.072646
-1.082140
-1.091668
-1.101228
-1.110819
-1.120442
-1.130094
-1.139775
-1.149484
-1.159220
-1.168982
-1.178768
-1.188578
-1.198410
-1.208263
-1.218136
-1.228027
-1.237936
-1.247861
-1.257800
-1.267752
-1.277716
-1.287690
-1.297672
-1.307661
-1.317656
-1.327653
-1.337653
-1.347653
-1.357651
-1.367645
-1.377634
-1.387616
-1.397588
-1.407549
-1.417497
-1.427429
-1.437344
-1.447238
-1.457111
-1.466960
-1.476783
-1.486576
-1.496339
-1.506068
-1.515762
-1.525417
-1.535032
-1.544603
-1.554129
-1.563606
-1.573032
-1.582405
-1.591722
-1.600980
-1.610176
-1.619308
-1.628373
-1.637368
-1.646291
-1.655138
-1.663908
-1.672596
-1.681200
-1.689718
-1.698147
-1.706483
-1.714724
-1.722867
-1.730908
-1.738846
-1.746678
-1.754400
-1.762009
-1.769504
-1.776880
-1.784135
-1.791267
-1.798273
-1.805149
-1.811894
-1.818504
-1.824977
-1.831309
-1.837500
-1.843545
-1.849443
-1.855191
-1.860787
-1.866228
-1.871511
-1.876635
-1.881597
-1.886396
-1.891028
-1.895492
-1.899787
-1.903909
-1.907857
-1.911630
-1.915225
-1.918641
-1.921876
-1.924929
-1.927799
-1.930484
-1.932982
-1.935293
-1.937416
-1.939349
-1.941091
-1.942642
-1.944002
-1.945168
-1.946141
-1.946921
-1.947506
-1.947897
-1.948093
-1.948094
-1.947901
-1.947512
-1.946930
-1.946153
-1.945182
-1.944017
-1.942660
-1.941110
-1.939368
-1.937436
-1.935314
-1.933003
-1.930504
-1.927818
-1.924947
-1.921891
-1.918653
-1.915234
-1.911635
-1.907857
-1.903904
-1.899776
-1.895475
-1.891003
-1.886362
-1.881555
-1.876583
-1.871449
-1.866154
-1.860701
-1.855093
-1.849332
-1.843420
-1.837359
-1.831153
-1.824804
-1.818314
-1.811686
-1.804923
-1.798027
-1.791002
-1.783849
-1.776573
-1.769175
-1.761658
-1.754026
-1.746281
-1.738426
-1.730464
-1.722398
-1.714230
-1.705964
-1.697603
-1.689149
-1.680605
-1.671975
-1.663260
-1.654465
-1.645592
-1.636643
-1.627622
-1.618531
-1.609374
-1.600152
-1.590870
-1.581528
-1.572131
-1.562681
-1.553181
-1.543632
-1.534039
-1.524403
-1.514727
-1.505013
-1.495265
-1.485484
-1.475673
-1.465834
-1.455969
-1.446082
-1.436174
-1.426247
-1.416303
-1.406346
-1.396376
-1.386397
-1.376409
-1.366416
-1.356418
-1.346419
-1.336419
-1.326421
-1.316426
-1.306436
-1.296454
-1.286480
-1.276516
-1.266564
-1.256625
-1.246701
-1.236794
-1.226904
-1.217034
-1.207184
-1.197356
-1.187551
-1.177770
-1.168015
-1.158287
-1.148587
-1.138915
-1.129274
-1.119664
-1.110086
-1.100540
-1.091029
-1.081553
-1.072112
-1.062707
-1.053340
-1.044011
-1.034720
-1.025469
-1.016258
-1.007088
-0.997959
-0.988872
-0.979827
-0.970825
-0.961867
-0.952952
-0.944082
-0.935256
-0.926476
-0.917741
-0.909052
-0.900409
-0.891813
-0.883263
-0.874760
-0.866305
-0.857896
-0.849536
-0.841223
-0.832958
-0.824741
-0.816572
-0.808451
-0.800379
-0.792355
-0.784379
-0.776452
-0.768573
-0.760743
-0.752961
-0.745228
-0.737543
-0.729906
-0.722318
-0.714777
-0.707285
-0.699840
-0.692444
-0.685095
-0.677793
-0.670539
-0.663332
-0.656173
-0.649060
-0.641994
-0.634974
-0.628000
-0.621073
-0.614191
-0.607355
-0.600564
-0.593819
-0.587118
-0.580462
-0.573850
-0.567282
-0.560758
-0.554278
-0.547840
-0.541446
-0.535094
-0.528784
-0.522517
-0.516291
-0.510106
-0.503963
-0.497860
-0.491797
-0.485775
-0.479792
-0.473848
-0.467944
-0.462078
-0.456251
-0.450461
-0.444709
-0.438994
-0.433317
-0.427675
-0.422070
-0.416501
-0.410967
-0.405468
-0.400004
-0.394574
-0.389178
-0.383816
-0.378487
-0.373190
-0.367926
-0.362695
-0.357495
-0.352326
-0.347188
-0.342080
-0.337003
-0.331956
-0.326938
-0.321949
-0.316988
-0.312056
-0.307152
-0.302275
-0.297425
-0.292602
-0.287806
-0.283035
-0.278290
-0.273570
-0.268874
-0.264204
-0.259557
-0.254934
-0.250334
-0.245757
-0.241202
-0.236669
-0.232159
-0.227669
-0.223201
-0.218753
-0.214325
-0.209917
-0.205529
-0.201159
-0.196809
-0.192476
-0.188162
-0.183865
-0.179585
-0.175322
-0.171075
-0.166844
-0.162629
-0.158430
-0.154245
-0.150075
-0.145919
-0.141776
-0.137647
-0.133532
-0.129428
-0.125338
-0.121259
-0.117191
-0.113135
-0.109090
-0.105055
-0.101030
-0.097015
-0.093009
-0.089012
-0.085024
-0.081044
-0.077072
-0.073107
-0.069150
-0.065199
-0.061255
-0.057317
-0.053384
-0.049457
-0.045535
-0.041617
-0.037704
-0.033794
-0.029888
-0.025985
-0.022085
-0.018187
-0.014292
-0.010398
-0.006505
-0.002613
0.001278
0.005168
0.009059
0.012951
0.016843
0.020737
0.024632
0.028529
0.032428
0.036330
0.040235
0.044143
0.048055
0.051971
0.055892
0.059817
0.063748
0.067684
0.071626
0.075574
0.079529
0.083491
0.087461
0.091438
0.095423
0.099417
0.103419
0.107431
0.111452
0.115483
0.119525
0.123577
0.127640
0.131715
0.135801
0.139900
0.144011
0.148134
0.152271
0.156422
0.160587
0.164766
0.168960
0.173169
0.177393
0.181633
0.185889
0.190162
0.194452
0.198760
0.203085
0.207428
0.211789
0.216169
0.220569
0.224988
0.229427
0.233887
0.238367
0.242868
0.247391
0.251935
0.256502
0.261092
0.265704
0.270340
0.274999
0.279683
0.284391
0.289124
0.293883
0.298667
0.303477
0.308313
0.313176
0.318067
0.322985
0.327931
0.332905
0.337908
0.342940
0.348001
0.353092
0.358213
0.363365
0.368548
0.373763
0.379009
0.384287
0.389597
0.394940
0.400317
0.405727
0.411171
0.416649
0.422162
0.427710
0.433294
0.438913
0.444568
0.450260
0.455989
0.461754
0.467558
0.473399
0.479278
0.485196
0.491153
0.497149
0.503185
0.509261
0.515377
0.521533
0.527731
0.533969
0.540249
0.546571
0.552935
0.559342
0.565791
0.572284
0.578819
0.585398
0.592021
0.598689
0.605400
0.612156
0.618957
0.625804
0.632695
0.639633
0.646616
0.653645
0.660720
