2.099900
2.099591
2.099072
2.098343
2.097405
2.096258
2.094904
2.093341
2.091573
2.089598
2.087419
2.085037
2.082452
2.079666
2.076681
2.073498
2.070119
2.066546
2.062779
2.058822
2.054677
2.050345
2.045828
2.041130
2.036251
2.031196
2.025965
2.020563
2.014991
2.009252
2.003349
1.997286
1.991063
1.984686
1.978156
1.971477
1.964652
1.957685
1.950577
1.943333
1.935955
1.928447
1.920813
1.913056
1.905178
1.897184
1.889077
1.880859
1.872536
1.864109
1.855583
1.846960
1.838245
1.829441
1.820551
1.811578
1.802526
1.793398
1.784198
1.774930
1.765595
1.756198
1.746742
1.737230
1.727665
1.718051
1.708391
1.698687
1.688944
1.679163
1.669349
1.659504
1.649631
1.639732
1.629812
1.619872
1.609915
1.599945
1.589964
1.579974
1.569978
1.559979
1.549979
1.539981
1.529986
1.519999
1.510020
1.500052
1.490098
1.480159
1.470238
1.460336
1.450456
1.440600
1.430770
1.420967
1.411194
1.401452
1.391743
1.382069
1.372431
1.362832
1.353272
1.343753
1.334276
1.324844
1.315457
1.306117
1.296825
1.287583
1.278391
1.269251
1.260164
1.251131
1.242153
1.233232
1.224368
1.215561
1.206814
1.198128
1.189501
1.180937
1.172435
1.163996
1.155622
1.147312
1.139067
1.130888
1.122776
1.114731
1.106754
1.098845
1.091005
1.083234
1.075533
1.067902
1.060342
1.052852
1.045434
1.038087
1.030812
1.023610
1.016480
1.009423
1.002438
0.995527
0.988690
0.981926
0.975235
0.968619
0.962077
0.955609
0.949216
0.942896
0.936652
0.930482
0.924386
0.918365
0.912419
0.906548
0.900752
0.895030
0.889383
0.883811
0.878314
0.872891
0.867543
0.862270
0.857071
0.851947
0.846897
0.841922
0.837021
0.832195
0.827442
0.822764
0.818159
0.813629
0.809172
0.804789
0.800479
0.796243
0.792081
0.787991
0.783975
0.780031
0.776161
0.772363
0.768638
0.764985
0.761405
0.757897
0.754461
0.751097
0.747805
0.744584
0.741435
0.738358
0.735352
0.732417
0.729553
0.726760
0.724038
0.721387
0.718806
0.716295
0.713855
0.711486
0.709186
0.706956
0.704796
0.702706
0.700686
0.698735
0.696853
0.695041
0.693299
0.691625
0.690020
0.688485
0.687018
0.685620
0.684291
0.683031
0.681839
0.680716
0.679661
0.678674
0.677756
0.676906
0.676125
0.675411
0.674766
0.674189
0.673679
0.673238
0.672865
0.672560
0.672323
0.672153
0.672052
0.672018
0.672053
0.672155
0.672325
0.672563
0.672869
0.673242
0.673684
0.674194
0.674771
0.675417
0.676130
0.676912
0.677761
0.678679
0.679665
0.680719
0.681841
0.683032
0.684290
0.685618
0.687013
0.688478
0.690011
0.691612
0.693283
0.695022
0.696830
0.698707
0.700653
0.702668
0.704753
0.706907
0.709130
0.711423
0.713786
0.716218
0.718720
0.721292
0.723935
0.726647
0.729430
0.732283
0.735207
0.738201
0.741266
0.744402
0.747609
0.750887
0.754236
0.757656
0.761148
0.764712
0.768347
0.772054
0.775833
0.779685
0.783608
0.787603
0.791671
0.795812
0.800025
0.804311
0.808670
0.813101
0.817606
0.822184
0.826835
0.831559
0.836357
0.841228
0.846173
0.851191
0.856283
0.861449
0.866688
0.872002
0.877389
0.882851
0.888386
0.893995
0.899678
0.905436
0.911267
0.917172
0.923151
0.929204
0.935331
0.941532
0.947807
0.954155
0.960577
0.967072
0.973641
0.980283
0.986998
0.993786
1.000647
1.007580
1.014586
1.021664
1.028813
1.036035
1.043328
1.050691
1.058126
1.065631
1.073207
1.080851
1.088566
1.096349
1.104200
1.112120
1.120107
1.128161
1.136281
1.144467
1.152719
1.161035
1.169414
1.177858
1.186364
1.194931
1.203560
1.212249
1.220997
1.229804
1.238668
1.247589
1.256566
1.265597
1.274682
1.283819
1.293008
1.302247
1.311535
1.320871
1.330254
1.339681
1.349153
1.358667
1.368221
1.377816
1.387448
1.397116
1.406819
1.416555
1.426323
1.436120
1.445945
1.455796
1.465670
1.475567
1.485484
1.495419
1.505369
1.515334
1.525310
1.535295
1.545288
1.555285
1.565285
1.575284
1.585282
1.595274
1.605258
1.615233
1.625194
1.635140
1.645068
1.654975
1.664857
1.674714
1.684540
1.694334
1.704092
1.713812
1.723490
1.733124
1.742710
1.752244
1.761725
1.771148
1.780510
1.789809
1.799040
1.808201
1.817288
1.826298
1.835227
1.844072
1.852830
1.861498
1.870071
1.878546
1.886921
1.895191
1.903354
1.911405
1.919342
1.927161
1.934858
1.942431
1.949876
1.957189
1.964368
1.971410
1.978310
1.985065
1.991674
1.998132
2.004437
2.010585
2.016573
2.022399
2.028060
2.033553
2.038875
2.044024
2.048997
2.053792
2.058405
2.062835
2.067080
2.071137
2.075004
2.078679
2.082160
2.085446
2.088534
2.091423
2.094112
2.096598
2.098882
2.100960
2.102833
2.104499
2.105957
2.107207
2.108247
2.109078
2.109698
2.110108
2.110307
2.110295
2.110072
2.109638
2.108993
2.108138
2.107073
2.105799
2.104316
2.102625
2.100727
2.098623
2.096314
2.093801
2.091086
2.088170
2.085055
2.081741
2.078232
2.074529
2.070633
2.066547
2.062273
2.057812
2.053168
2.048343
2.043339
2.038158
2.032804
2.027278
2.021584
2.015724
2.009702
2.003520
1.997180
1.990687
1.984044
1.977252
1.970316
1.963239
1.956024
1.948674
1.941193
1.933583
1.925849
1.917994
1.910020
1.901932
1.893733
1.885426
1.877016
1.868504
1.859895
1.851193
1.842400
1.833520
1.824557
1.815513
1.806394
1.797201
1.787938
1.778608
1.769216
1.759764
1.750255
1.740694
1.731082
1.721424
1.711722
1.701979
1.692199
1.682385
1.672540
1.662667
1.652768
1.642847
1.632907
1.622950
1.612979
1.602997
1.593007
1.583011
1.573011
1.563011
1.553013
1.543020
1.533033
1.523056
1.513089
1.503137
1.493201
1.483283
1.473385
1.463509
1.453658
1.443833
1.434037
1.424270
1.414536
1.404835
1.395170
1.385543
1.375954
1.366406
1.356899
1.347437
1.338019
1.328648
1.319325
1.310051
1.300827
1.291656
1.282537
1.273472
1.264463
1.255510
1.246615
1.237778
1.229000
1.220283
1.211628
1.203034
1.194504
1.186037
1.177635
1.169299
1.161029
1.152825
1.144689
1.136621
1.128622
1.120692
1.112832
1.105043
1.097324
1.089676
1.082100
1.074597
1.067166
1.059808
1.052523
1.045312
1.038175
1.031112
1.024123
1.017209
1.010371
1.003607
0.996919
0.990307
0.983770
0.977309
0.970925
0.964616
0.958384
0.952228
0.946149
0.940146
0.934220
0.928371
0.922598
0.916903
0.911283
0.905741
0.900276
0.894887
0.889575
0.884339
0.879181
0.874099
0.869094
0.864165
0.859313
0.854537
0.849838
0.845215
0.840668
0.836197
0.831803
0.827484
0.823242
0.819075
0.814984
0.810968
0.807028
0.803164
0.799374
0.795660
0.792021
0.788457
0.784967
0.781553
0.778212
0.774947
0.771756
0.768639
0.765596
0.762627
0.759732
0.756911
0.754164
0.751490
0.748890
0.746363
0.743909
0.741529
0.739221
0.736987
0.734825
0.732736
0.730719
0.728776
0.726904
0.725105
0.723378
0.721724
0.720141
0.718631
0.717192
0.715825
0.714530
0.713307
0.712156
0.711076
0.710067
0.709130
0.708265
0.707471
0.706748
0.706097
0.705516
0.705007
0.704570
0.704203
0.703907
0.703683
0.703529
0.703447
0.703436
0.703496
0.703627
0.703828
0.704101
0.704445
0.704860
0.705347
0.705904
0.706532
0.707232
0.708002
0.708844
0.709757
0.710742
0.711798
0.712925
0.714123
0.715393
0.716734
0.718147
0.719632
0.721188
0.722816
0.724516
0.726288
0.728132
0.730048
0.732036
0.734096
0.736228
0.738433
0.740710
0.743060
0.745483
0.747978
0.750546
0.753187
0.755901
0.758688
0.761548
0.764482
0.767489
0.770570
0.773724
0.776952
0.780254
0.783630
0.787079
0.790603
0.794202
0.797874
0.801622
0.805443
0.809340
0.813311
0.817357
0.821478
0.825674
0.829945
0.834291
0.838713
0.843210
0.847782
0.852430
0.857154
0.861953
0.866828
0.871779
0.876806
0.881908
0.887087
0.892341
0.897672
0.903078
0.908560
0.914118
0.919753
0.925463
0.931249
0.937111
0.943049
0.949063
0.955153
0.961318
0.967559
0.973875
0.980267
0.986734
0.993276
0.999893
1.006585
1.013351
1.020192
1.027107
1.034096
1.041159
1.048295
1.055504
1.062787
1.070141
1.077568
1.085067
1.092637
1.100278
1.107990
1.115772
1.123624
1.131544
1.139534
1.147591
1.155716
1.163908
1.172166
1.180490
1.188879
1.197331
1.205848
1.214426
1.223067
1.231768
1.240530
1.249351
1.258230
1.267166
1.276158
1.285205
1.294307
1.303461
1.312667
1.321923
1.331229
1.340582
1.349982
1.359427
1.368916
1.378447
1.388020
1.397631
1.407280
1.416965
1.426684
1.436435
1.446218
1.456029
1.465868
1.475732
1.485619
1.495527
1.505454
1.515398
1.525357
1.535328
1.545310
1.555300
1.565296
1.575295
1.585295
1.595293
1.605288
1.615275
1.625253
1.635219
1.645170
1.655104
1.665017
1.674907
1.684771
1.694606
1.704409
1.714177
1.723907
1.733595
1.743240
1.752837
1.762383
1.771876
1.781311
1.790686
1.799997
1.809242
1.818416
1.827516
1.836539
1.845482
1.854340
1.863112
1.871792
1.880378
1.888867
1.897254
1.905537
1.913712
1.921776
1.929724
1.937554
1.945263
1.952846
1.960301
1.967625
1.974813
1.981862
1.988770
1.995534
2.002149
2.008613
2.014923
2.021075
2.027068
2.032897
2.038560
2.044054
2.049377
2.054525
2.059497
2.064289
2.068899
2.073325
2.077565
2.081615
2.085475
2.089142
2.092614
2.095889
2.098966
2.101843
2.104518
2.106989
2.109257
2.111318
2.113173
2.114820
2.116258
2.117487
2.118505
2.119312
2.119908
2.120292
2.120465
2.120425
2.120174
2.119710
2.119035
2.118148
2.117051
2.115743
2.114226
2.112500
2.110566
2.108425
2.106079
2.103528
2.100774
2.097818
2.094662
2.091308
2.087757
2.084012
2.080074
2.075944
2.071627
2.067122
2.062434
2.057564
2.052515
2.047289
2.041889
2.036318
2.030579
2.024673
2.018605
2.012377
2.005992
1.999454
1.992764
1.985928
1.978947
1.971825
1.964565
1.957171
1.949646
1.941993
1.934216
1.926318
1.918303
1.910174
1.901934
1.893587
1.885137
1.876587
1.867941
1.859201
1.850372
1.841457
1.832460
1.823383
1.814231
1.805007
1.795714
1.786355
1.776935
1.767456
1.757922
1.748335
1.738700
1.729020
1.719297
1.709535
1.699737
1.689906
1.680046
1.670158
1.660247
1.650315
1.640365
1.630400
1.620422
1.610435
1.600441
1.590442
1.580442
1.570443
1.560448
1.550458
1.540477
1.530507
1.520550
1.510608
1.500684
1.490780
1.480897
1.471039
1.461207
1.451403
1.441629
1.431886
1.422178
1.412505
1.402869
1.393272
1.383716
1.374203
1.364733
1.355308
1.345930
1.336601
1.327321
1.318092
1.308915
1.299792
1.290724
1.281711
1.272756
1.263859
1.255021
1.246244
1.237527
1.228873
1.220283
1.211756
1.203294
1.194897
1.186568
1.178305
1.170111
1.161985
1.153928
1.145941
1.138025
1.130180
1.122407
1.114705
1.107077
1.099522
1.092040
1.084632
1.077299
1.070040
1.062857
1.055749
1.048717
1.041761
1.034881
1.028078
1.021352
1.014703
1.008132
1.001637
0.995221
0.988882
0.982622
0.976439
0.970335
0.964309
0.958361
0.952492
0.946702
0.940990
0.935357
0.929802
0.924327
0.918930
0.913612
0.908372
0.903212
0.898130
0.893126
0.888202
0.883356
0.878589
0.873900
0.869290
0.864759
0.860306
0.855931
0.851634
0.847416
0.843275
0.839213
0.835229
0.831322
0.827494
0.823742
0.820069
0.816473
0.812954
0.809513
0.806149
0.802862
0.799652
0.796519
0.793463
0.790483
0.787580
0.784753
0.782003
0.779329
0.776731
0.774210
0.771764
0.769394
0.767100
0.764882
0.762739
0.760672
0.758680
0.756764
0.754922
0.753156
0.751465
0.749850
0.748309
0.746843
0.745451
0.744135
0.742893
0.741726
0.740633
0.739615
0.738671
0.737802
0.737007
0.736286
0.735640
0.735068
0.734570
0.734146
0.733796
0.733521
0.733319
0.733192
0.733138
0.733159
0.733254
0.733423
0.733666
0.733983
0.734374
0.734839
0.735378
0.735991
0.736678
0.737440
0.738276
0.739186
0.740170
0.741228
0.742361
0.743568
0.744849
0.746205
0.747635
0.749140
0.750720
0.752374
0.754103
0.755907
0.757785
0.759739
0.761767
0.763871
0.766050
0.768304
0.770633
0.773038
0.775518
0.778073
0.780705
0.783412
0.786195
0.789053
0.791988
0.794999
0.798086
0.801249
0.804489
0.807805
0.811197
0.814667
0.818212
0.821835
0.825535
0.829311
0.833165
0.837095
0.841103
0.845189
0.849351
0.853591
0.857909
0.862304
0.866776
0.871327
0.875955
0.880661
0.885444
0.890306
0.895246
0.900263
0.905358
0.910532
0.915783
0.921113
0.926520
0.932005
0.937569
0.943210
0.948929
0.954726
0.960600
0.966552
0.972582
0.978690
0.984875
0.991137
0.997476
1.003892
1.010385
1.016955
1.023602
1.030324
1.037123
1.043998
1.050948
1.057973
1.065074
1.072249
1.079499
1.086822
1.094220
1.101690
1.109234
1.116850
1.124538
1.132298
1.140128
1.148029
1.156000
1.164041
1.172150
1.180327
1.188571
1.196883
1.205260
1.213703
1.222210
1.230780
1.239414
1.248109
1.256866
1.265682
1.274558
1.283491
1.292481
1.301528
1.310629
1.319783
1.328990
1.338248
1.347556
1.356912
1.366315
1.375763
1.385256
1.394792
1.404368
1.413984
1.423638
1.433328
1.443052
1.452809
1.462597
1.472414
1.482257
1.492126
1.502018
1.511930
1.521861
1.531809
1.541772
1.551746
1.561731
1.571723
1.581720
1.591719
1.601719
1.611716
1.621708
1.631693
1.641667
1.651628
1.661574
1.671500
1.681405
1.691286
1.701139
1.710961
1.720751
1.730503
1.740217
1.749887
1.759511
1.769086
1.778609
1.788076
1.797485
1.806830
1.816111
1.825322
1.834460
1.843523
1.852507
1.861408
1.870222
1.878947
1.887579
1.896114
1.904549
1.912881
1.921105
1.929219
1.937219
1.945102
1.952863
1.960500
1.968010
1.975388
1.982632
1.989738
1.996703
2.003523
2.010196
2.016719
2.023087
2.029299
2.035350
2.041239
2.046961
2.052515
2.057898
2.063106
2.068137
2.072989
2.077659
2.082144
2.086443
2.090553
2.094471
2.098197
2.101727
2.105059
2.108193
2.111127
2.113858
2.116385
2.118708
2.120823
2.122732
2.124432
2.125922
2.127201
2.128270
2.129127
2.129772
2.130204
2.130423
2.130429
2.130222
2.129803
2.129170
2.128325
2.127268
2.126000
2.124521
2.122832
2.120934
2.118828
2.116516
2.113997
2.111275
2.108349
2.105222
2.101896
2.098372
2.094651
2.090737
2.086631
2.082335
2.077851
2.073182
2.068331
2.063299
2.058089
2.052704
2.047147
2.041420
2.035526
2.029468
2.023250
2.016874
2.010343
2.003660
1.996829
1.989853
1.982735
1.975479
1.968087
1.960563
1.952911
1.945134
1.937236
1.929220
1.921089
1.912847
1.904497
1.896044
1.887490
1.878839
1.870095
1.861261
1.852340
1.843337
1.834255
1.825097
1.815866
1.806567
1.797202
1.787775
1.778290
1.768749
1.759156
1.749515
1.739828
1.730099
1.720331
1.710528
1.700692
1.690826
1.680934
1.671019
1.661083
1.651129
1.641161
1.631181
1.621192
1.611196
1.601197
1.591198
1.581199
1.571205
1.561218
1.551240
1.541273
1.531320
1.521384
1.511466
1.501569
1.491695
1.481846
1.472023
1.462230
1.452468
1.442739
1.433045
1.423387
1.413768
1.404189
1.394651
1.385158
1.375709
1.366306
1.356952
1.347648
1.338394
1.329192
1.320045
1.310952
1.301915
1.292935
1.284014
1.275153
1.266352
1.257613
1.248937
1.240324
1.231776
1.223294
1.214877
1.206529
1.198248
1.190036
1.181893
1.173821
1.165819
1.157890
1.150032
1.142247
1.134535
1.126897
1.119334
1.111845
1.104431
1.097094
1.089832
1.082647
1.075539
1.068508
1.061554
1.054678
1.047881
1.041162
1.034522
1.027960
1.021478
1.015075
1.008751
1.002507
0.996343
0.990259
0.984255
0.978331
0.972488
0.966724
0.961042
0.955440
0.949918
0.944477
0.939117
0.933838
0.928639
0.923521
0.918484
0.913528
0.908652
0.903857
0.899143
0.894509
0.889956
0.885483
0.881092
0.876780
0.872549
0.868399
0.864328
0.860338
0.856428
0.852598
0.848849
0.845179
0.841589
0.838079
0.834648
0.831297
0.828026
0.824834
0.821722
0.818688
0.815734
0.812859
0.810063
0.807346
0.804708
0.802148
0.799667
0.797265
0.794941
0.792695
0.790528
0.788439
0.786428
0.784495
0.782640
0.780864
0.779164
0.777543
0.776000
0.774534
0.773145
0.771834
0.770601
0.769445
0.768366
0.767365
0.766441
0.765594
0.764824
0.764132
0.763516
0.762978
0.762516
0.762132
0.761824
0.761594
0.761440
0.761363
0.761364
0.761441
0.761595
0.761826
0.762133
0.762518
0.762980
0.763518
0.764134
0.764826
0.765596
0.766442
0.767365
0.768366
0.769444
0.770598
0.771830
0.773139
0.774525
0.775989
0.777530
0.779148
0.780844
0.782617
0.784468
0.786397
0.788403
0.790487
0.792648
0.794888
0.797205
0.799601
0.802074
0.804626
0.807256
0.809964
0.812751
0.815616
0.818560
0.821582
0.824683
0.827863
0.831121
0.834459
0.837875
0.841371
0.844946
0.848600
0.852333
0.856145
0.860037
0.864009
0.868060
0.872190
0.876401
0.880691
0.885060
0.889510
0.894039
0.898648
0.903337
0.908106
0.912955
0.917884
0.922893
0.927982
0.933151
0.938400
0.943729
0.949137
0.954626
0.960194
0.965842
0.971570
0.977377
0.983264
0.989231
0.995276
1.001401
1.007605
1.013888
1.020250
1.026690
1.033209
1.039806
1.046480
1.053233
1.060063
1.066970
1.073954
1.081015
1.088152
1.095365
1.102654
1.110018
1.117456
1.124969
1.132556
1.140216
1.147949
1.155754
1.163632
1.171580
1.179599
1.187688
1.195847
1.204074
1.212369
1.220731
1.229159
1.237654
1.246212
1.254835
1.263520
1.272268
1.281076
1.289945
1.298872
1.307857
1.316899
1.325996
1.335148
1.344352
1.353608
1.362915
1.372270
1.381674
1.391123
1.400617
1.410154
1.419732
1.429350
1.439006
1.448699
1.458426
1.468187
1.477977
1.487797
1.497644
1.507516
1.517411
1.527327
1.537261
1.547211
1.557176
1.567153
1.577139
1.587132
1.597130
1.607130
1.617129
1.627125
1.637116
1.647098
1.657069
1.667026
1.676966
1.686887
1.696785
1.706658
1.716502
1.726314
1.736092
1.745831
1.755530
1.765185
1.774793
1.784349
1.793852
1.803297
1.812682
1.822003
1.831257
1.840439
1.849548
1.858578
1.867528
1.876392
1.885169
1.893854
1.902443
1.910934
1.919323
1.927605
1.935779
1.943840
1.951784
1.959608
1.967310
1.974884
1.982329
1.989640
1.996814
2.003848
2.010738
2.017482
2.024075
2.030515
2.036799
2.042924
2.048886
2.054683
2.060311
2.065768
2.071052
2.076158
2.081086
2.085831
2.090393
2.094767
2.098953
2.102947
2.106748
2.110354
2.113762
2.116971
2.119979
2.122785
2.125386
2.127782
2.129970
2.131951
2.133723
2.135284
2.136634
2.137772
2.138698
2.139411
2.139910
2.140195
2.140267
2.140124
2.139768
2.139198
2.138414
2.137417
2.136208
2.134786
2.133154
2.131311
2.129260
2.127000
2.124533
2.121860
2.118983
2.115904
2.112624
2.109144
2.105468
2.101596
2.097530
2.093273
2.088828
2.084196
2.079379
2.074381
2.069204
2.063850
2.058323
2.052624
2.046758
2.040726
2.034532
2.028179
2.021670
2.015009
2.008197
2.001240
1.994139
1.986899
1.979522
1.972012
1.964373
1.956608
1.948721
1.940714
1.932592
1.924358
1.916016
1.907569
1.899021
1.890375
1.881635
1.872804
1.863887
1.854886
1.845805
1.836648
1.827418
1.818119
1.808754
1.799326
1.789840
1.780298
1.770704
1.761061
1.751372
1.741641
1.731871
1.722066
1.712227
1.702359
1.692465
1.682548
1.672610
1.662655
1.652685
1.642703
1.632713
1.622717
1.612718
1.602718
1.592720
1.582727
1.572741
1.562765
1.552801
1.542852
1.532919
1.523006
1.513114
1.503245
1.493403
1.483588
1.473803
1.464050
1.454331
1.444647
1.435001
1.425395
1.415829
1.406307
1.396829
1.387396
1.378012
1.368677
1.359392
1.350159
1.340980
1.331856
1.322788
1.313777
1.304825
1.295932
1.287100
1.278331
1.269624
1.260981
1.252404
1.243892
1.235448
1.227071
1.218763
1.210524
1.202356
1.194258
1.186232
1.178279
1.170399
1.162592
1.154860
1.147202
1.139620
1.132114
1.124684
1.117332
1.110056
1.102858
1.095739
1.088698
1.081736
1.074853
1.068050
1.061326
1.054683
1.048120
1.041638
1.035237
1.028916
1.022677
1.016520
1.010444
1.004450
0.998538
0.992708
0.986960
0.981294
0.975711
0.970210
0.964791
0.959456
0.954202
0.949032
0.943944
0.938939
0.934016
0.929176
0.924419
0.919745
0.915153
0.910644
0.906218
0.901874
0.897613
0.893435
0.889339
0.885325
0.881394
0.877545
0.873778
0.870094
0.866492
0.862972
0.859534
0.856178
0.852903
0.849711
0.846600
0.843571
0.840624
0.837758
0.834973
0.832270
0.829649
0.827108
0.824648
0.822270
0.819972
0.817756
0.815620
0.813565
0.811591
0.809697
0.807884
0.806151
0.804499
0.802927
0.801435
0.800024
0.798693
0.797442
0.796271
0.795180
0.794169
0.793238
0.792387
0.791615
0.790924
0.790312
0.789780
0.789328
0.788955
0.788663
0.788450
0.788316
0.788262
0.788288
0.788393
0.788578
0.788843
0.789187
0.789611
0.790114
0.790697
0.791360
0.792103
0.792925
0.793826
0.794808
0.795869
0.797010
0.798231
0.799532
0.800913
0.802373
0.803914
0.805534
0.807235
0.809016
0.810877
0.812818
0.814839
0.816941
0.819123
0.821386
0.823729
0.826152
0.828657
0.831242
0.833907
0.836654
0.839481
0.842389
0.845379
0.848449
0.851601
0.854833
0.858147
0.861543
0.865019
0.868577
0.872217
0.875938
0.879741
0.883625
0.887591
0.891639
0.895769
0.899980
0.904273
0.908648
0.913106
0.917644
0.922265
0.926968
0.931753
0.936620
0.941569
0.946599
0.951712
0.956906
0.962182
0.967540
0.972980
0.978502
0.984105
0.989789
0.995555
1.001403
1.007331
1.013341
1.019431
1.025603
1.031855
1.038187
1.044600
1.051092
1.057665
1.064316
1.071048
1.077858
1.084747
1.091714
1.098759
1.105883
1.113083
1.120360
1.127714
1.135144
1.142650
1.150231
1.157886
1.165615
1.173418
1.181294
1.189243
1.197263
1.205354
1.213515
1.221746
1.230046
1.238414
1.246849
1.255350
1.263917
1.272548
1.281244
1.290001
1.298820
1.307700
1.316639
1.325637
1.334691
1.343802
1.352967
1.362185
1.371455
1.380776
1.390146
1.399563
1.409027
1.418535
1.428086
1.437679
1.447311
1.456981
1.466687
1.476428
1.486200
1.496003
1.505835
1.515693
1.525575
1.535479
1.545404
1.555346
1.565304
1.575274
1.585256
1.595246
1.605242
1.615241
1.625241
1.635239
1.645232
1.655218
1.665195
1.675158
1.685106
1.695035
1.704943
1.714826
1.724682
1.734507
1.744299
1.754053
1.763768
1.773439
1.783064
1.792639
1.802160
1.811626
1.821031
1.830373
1.839648
1.848854
1.857985
1.867039
1.876013
1.884903
1.893705
1.902415
1.911031
1.919548
1.927964
1.936274
1.944475
1.952563
1.960535
1.968388
1.976118
1.983721
1.991193
1.998533
2.005735
2.012797
2.019716
2.026488
2.033109
2.039577
2.045889
2.052041
2.058030
2.063853
2.069508
2.074991
2.080299
2.085431
2.090383
2.095152
2.099737
2.104134
2.108342
2.112358
2.116180
2.119805
2.123233
2.126460
2.129486
2.132309
2.134926
2.137337
2.139541
2.141535
2.143319
2.144893
2.146254
2.147402
2.148337
2.149058
2.149564
2.149856
2.149933
2.149794
2.149441
2.148873
2.148091
2.147095
2.145885
2.144462
2.142827
2.140981
2.138925
2.136660
2.134187
2.131507
2.128623
2.125535
2.122245
2.118755
2.115067
2.111183
2.107104
2.102834
2.098374
2.093727
2.088895
2.083881
2.078686
2.073315
2.067770
2.062053
2.056167
2.050116
2.043902
2.037529
2.030999
2.024316
2.017484
2.010504
2.003382
1.996119
1.988721
1.981189
1.973527
1.965740
1.957830
1.949801
1.941657
1.933400
1.925036
1.916567
1.907997
1.899329
1.890568
1.881717
1.872779
1.863757
1.854657
1.845480
1.836232
1.826914
1.817531
1.808086
1.798583
1.789025
1.779416
1.769758
1.760056
1.750312
1.740530
1.730713
1.720864
1.710986
1.701084
1.691158
1.681213
1.671252
1.661278
1.651293
1.641300
1.631302
1.621302
1.611303
1.601307
1.591317
1.581335
1.571364
1.561407
1.551465
1.541541
1.531638
1.521758
1.511902
1.502074
1.492275
1.482507
1.472772
1.463073
1.453410
1.443787
1.434205
1.424665
1.415169
1.405719
1.396317
1.386964
1.377661
1.368411
1.359214
1.350073
1.340987
1.331959
1.322991
1.314082
1.305235
1.296450
1.287728
1.279072
1.270481
1.261957
1.253500
1.245112
1.236793
1.228545
1.220368
1.212262
1.204229
1.196270
1.188385
1.180574
1.172839
1.165180
1.157598
1.150092
1.142664
1.135315
1.128044
1.120852
1.113739
1.106707
1.099755
1.092883
1.086093
1.079383
1.072756
1.066210
1.059747
1.053366
1.047067
1.040852
1.034720
1.028671
1.022705
1.016823
1.011025
1.005311
0.999681
0.994135
0.988673
0.983296
0.978003
0.972794
0.967670
0.962630
0.957675
0.952805
0.948019
0.943318
0.938702
0.934171
0.929724
0.925361
0.921084
0.916891
0.912782
0.908758
0.904819
0.900964
0.897194
0.893508
0.889907
0.886389
0.882956
0.879608
0.876343
0.873162
0.870066
0.867053
0.864125
0.861280
0.858519
0.855841
0.853248
0.850737
0.848311
0.845968
0.843708
0.841531
0.839438
0.837428
0.835501
0.833657
0.831896
0.830218
0.828623
0.827110
0.825681
0.824334
0.823070
0.821888
0.820790
0.819773
0.818839
0.817988
0.817219
0.816533
0.815929
0.815407
0.814967
0.814610
0.814335
0.814143
0.814032
0.814004
0.814058
0.814194
0.814413
0.814713
0.815096
0.815561
0.816109
0.816738
0.817450
0.818244
0.819121
0.820079
0.821120
0.822243
0.823449
0.824737
0.826108
0.827561
0.829096
0.830714
0.832415
0.834198
0.836064
0.838012
0.840044
0.842158
0.844355
0.846635
0.848997
0.851443
0.853972
0.856584
0.859279
0.862057
0.864919
0.867864
0.870892
0.874004
0.877199
0.880477
0.883839
0.887285
0.890814
0.894427
0.898124
0.901905
0.905769
0.909717
0.913749
0.917865
0.922065
0.926348
0.930716
0.935168
0.939703
0.944323
0.949026
0.953813
0.958684
0.963639
0.968678
0.973801
0.979007
0.984297
0.989670
0.995128
1.000668
1.006292
1.011999
1.017789
1.023662
1.029618
1.035657
1.041778
1.047981
1.054266
1.060634
1.067083
1.073613
1.080225
1.086917
1.093690
1.100543
1.107476
1.114489
1.121581
1.128752
1.136001
1.143328
1.150732
1.158214
1.165771
1.173405
1.181115
1.188899
1.196757
1.204689
1.212694
1.220771
1.228919
1.237138
1.245427
1.253785
1.262212
1.270705
1.279266
1.287891
1.296581
1.305335
1.314151
1.323028
1.331966
1.340962
1.350016
1.359127
1.368293
1.377513
1.386785
1.396108
1.405481
1.414902
1.424370
1.433882
1.443438
1.453035
1.462672
1.472347
1.482058
1.491803
1.501581
1.511389
1.521225
1.531088
1.540975
1.550884
1.560812
1.570758
1.580719
1.590692
1.600676
1.610668
1.620665
1.630664
1.640664
1.650661
1.660653
1.670636
1.680609
1.690568
1.700510
1.710432
1.720332
1.730206
1.740051
1.749864
1.759643
1.769382
1.779081
1.788734
1.798340
1.807894
1.817393
1.826834
1.836213
1.845527
1.854772
1.863945
1.873043
1.882061
1.890997
1.899846
1.908606
1.917272
1.925841
1.934309
1.942673
1.950930
1.959074
1.967104
1.975016
1.982805
1.990469
1.998003
2.005405
2.012671
2.019798
2.026782
2.033619
2.040307
2.046842
2.053222
2.059442
2.065500
2.071393
2.077117
2.082670
2.088049
2.093251
2.098274
2.103114
2.107770
2.112238
2.116517
2.120604
2.124497
2.128193
2.131691
2.134989
2.138085
2.140977
2.143664
2.146144
2.148415
2.150478
2.152329
2.153969
2.155396
2.156609
2.157608
2.158393
2.158962
2.159315
2.159453
2.159375
2.159081
2.158571
2.157845
2.156905
2.155750
2.154381
2.152798
2.151004
2.148998
2.146781
2.144356
2.141723
2.138884
2.135839
2.132592
2.129144
2.125496
2.121650
2.117610
2.113376
2.108950
2.104337
2.099537
2.094554
2.089389
2.084046
2.078528
2.072837
2.066976
2.060948
2.054756
2.048404
2.041894
2.035230
2.028414
2.021452
2.014344
2.007096
1.999710
1.992191
1.984540
1.976763
1.968862
1.960842
1.952705
1.944455
1.936097
1.927633
1.919067
1.910403
1.901645
1.892796
1.883860
1.874840
1.865740
1.856564
1.847315
1.837997
1.828613
1.819167
1.809662
1.800103
1.790491
1.780832
1.771127
1.761381
1.751596
1.741777
1.731925
1.722046
1.712141
1.702213
1.692266
1.682304
1.672328
1.662341
1.652348
1.642350
1.632350
1.622351
1.612355
1.602367
1.592387
1.582418
1.572464
1.562525
1.552606
1.542708
1.532833
1.522984
1.513163
1.503372
1.493612
1.483887
1.474198
1.464547
1.454936
1.445367
1.435841
1.426361
1.416927
1.407542
1.398208
1.388925
1.379695
1.370520
1.361402
1.352340
1.343338
1.334396
1.325515
1.316697
1.307942
1.299252
1.290629
1.282072
1.273584
1.265164
1.256814
1.248535
1.240328
1.232194
1.224132
1.216145
1.208233
1.200396
1.192636
1.184952
1.177346
1.169818
1.162369
1.154999
1.147709
1.140499
1.133369
1.126321
1.119354
1.112469
1.105667
1.098947
1.092310
1.085757
1.079287
1.072901
1.066600
1.060382
1.054250
1.048202
1.042239
1.036362
1.030570
1.024863
1.019242
1.013707
1.008258
1.002895
0.997619
0.992428
0.987324
0.982306
0.977375
0.972530
0.967772
0.963100
0.958515
0.954017
0.949605
0.945279
0.941041
0.936889
0.932824
0.928845
0.924953
0.921147
0.917428
0.913796
0.910249
0.906790
0.903416
0.900130
0.896929
0.893814
0.890786
0.887844
0.884988
0.882218
0.879534
0.876936
0.874424
0.871998
0.869657
0.867402
0.865233
0.863149
0.861151
0.859239
0.857412
0.855670
0.854013
0.852442
0.850956
0.849556
0.848240
0.847010
0.845864
0.844804
0.843829
0.842938
0.842133
0.841412
0.840777
0.840226
0.839760
0.839378
0.839082
0.838870
0.838743
0.838701
0.838743
0.838870
0.839082
0.839379
0.839760
0.840226
0.840777
0.841412
0.842132
0.842937
0.843827
0.844801
0.845860
0.847004
0.848233
0.849547
0.850945
0.852429
0.853997
0.855650
0.857389
0.859212
0.861121
0.863114
0.865193
0.867357
0.869606
0.871940
0.874360
0.876865
0.879456
0.882131
0.884893
0.887740
0.890672
0.893690
0.896794
0.899983
0.903258
0.906619
0.910065
0.913597
0.917215
0.920919
0.924709
0.928585
0.932546
0.936594
0.940727
0.944946
0.949251
0.953643
0.958120
0.962682
0.967331
0.972066
0.976886
0.981792
0.986784
0.991861
0.997024
1.002272
1.007606
1.013025
1.018530
1.024119
1.029793
1.035552
1.041396
1.047324
1.053337
1.059433
1.065614
1.071878
1.078225
1.084656
1.091170
1.097766
1.104445
1.111206
1.118048
1.124972
1.131976
1.139061
1.146226
1.153471
1.160795
1.168198
1.175679
1.183238
1.190873
1.198585
1.206373
1.214237
1.222174
1.230186
1.238271
1.246428
1.254657
1.262956
1.271325
1.279764
1.288270
1.296843
1.305483
1.314187
1.322956
1.331787
1.340680
1.349634
1.358647
1.367718
1.376846
1.386029
1.395266
1.404556
1.413897
1.423287
1.432726
1.442210
1.451740
1.461312
1.470926
1.480579
1.490270
1.499996
1.509756
1.519548
1.529370
1.539219
1.549093
1.558991
1.568910
1.578848
1.588801
1.598769
1.608749
1.618737
1.628732
1.638731
1.648731
1.658729
1.668723
1.678711
1.688688
1.698653
1.708602
1.718532
1.728441
1.738324
1.748180
1.758005
1.767796
1.777550
1.787262
1.796931
1.806552
1.816123
1.825639
1.835098
1.844496
1.853830
1.863095
1.872289
1.881408
1.890448
1.899405
1.908277
1.917060
1.925749
1.934342
1.942834
1.951222
1.959503
1.967673
1.975728
1.983664
1.991478
1.999167
2.006727
2.014154
2.021445
2.028597
2.035605
2.042467
2.049180
2.055740
2.062143
2.068387
2.074468
2.080384
2.086131
2.091706
2.097107
2.102331
2.107374
2.112235
2.116910
2.121398
2.125695
2.129800
2.133709
2.137422
2.140936
2.144249
2.147359
2.150264
2.152964
2.155455
2.157738
2.159810
2.161671
2.163319
2.164753
2.165973
2.166977
2.167767
2.168339
2.168696
2.168835
2.168758
2.168464
2.167953
2.167225
2.166282
2.165123
2.163749
2.162162
2.160360
2.158347
2.156122
2.153688
2.151045
2.148195
2.145139
2.141879
2.138418
2.134756
2.130895
2.126839
2.122589
2.118147
2.113516
2.108698
2.103696
2.098513
2.093150
2.087611
2.081899
2.076017
2.069968
2.063755
2.057380
2.050848
2.044161
2.037323
2.030336
2.023206
2.015934
2.008525
2.000981
1.993307
1.985506
1.977582
1.969538
1.961378
1.953105
1.944723
1.936237
1.927648
1.918962
1.910182
1.901312
1.892354
1.883314
1.874194
1.864998
1.855730
1.846393
1.836991
1.827528
1.818007
1.808431
1.798804
1.789130
1.779412
1.769653
1.759856
1.750025
1.740164
1.730275
1.720361
1.710426
1.700473
1.690505
1.680525
1.670535
1.660539
1.650540
1.640540
1.630543
1.620550
1.610565
1.600589
1.590627
1.580680
1.570750
1.560841
1.550954
1.541092
1.531256
1.521450
1.511676
1.501934
1.492229
1.482560
1.472932
1.463344
1.453800
1.444301
1.434848
1.425444
1.416090
1.406788
1.397539
1.388345
1.379207
1.370126
1.361105
1.352144
1.343245
1.334409
1.325637
1.316930
1.308290
1.299717
1.291213
1.282779
1.274415
1.266123
1.257903
1.249757
1.241685
1.233688
1.225766
1.217921
1.210153
1.202464
1.194853
1.187320
1.179868
1.172496
1.165206
1.157996
1.150868
1.143823
1.136861
1.129982
1.123187
1.116475
1.109849
1.103306
1.096849
1.090478
1.084192
1.077992
1.071878
1.065851
1.059910
1.054056
1.048290
1.042610
1.037018
1.031513
1.026096
1.020767
1.015526
1.010373
1.005308
1.000331
0.995442
0.990642
0.985930
0.981306
0.976771
0.972325
0.967967
0.963698
0.959517
0.955425
0.951421
0.947506
0.943679
0.939942
0.936292
0.932731
0.929259
0.925875
0.922580
0.919373
0.916254
0.913224
0.910282
0.907428
0.904663
0.901985
0.899396
0.896895
0.894482
0.892157
0.889920
0.887770
0.885709
0.883736
0.881850
0.880052
0.878342
0.876719
0.875184
0.873736
0.872376
0.871104
0.869919
0.868821
0.867811
0.866888
0.866052
0.865304
0.864643
0.864069
0.863582
0.863183
0.862870
0.862645
0.862507
0.862456
0.862492
0.862616
0.862826
0.863124
0.863508
0.863980
0.864539
0.865185
0.865918
0.866738
0.867646
0.868640
0.869722
0.870891
0.872147
0.873490
0.874920
0.876438
0.878043
0.879735
0.881515
0.883382
0.885336
0.887378
0.889507
0.891724
0.894028
0.896420
0.898900
0.901466
0.904121
0.906863
0.909693
0.912611
0.915616
0.918709
0.921890
0.925159
0.928516
0.931960
0.935492
0.939113
0.942821
0.946617
0.950501
0.954472
0.958532
0.962680
0.966915
0.971238
0.975649
0.980148
0.984735
0.989409
0.994171
0.999020
1.003957
1.008982
1.014094
1.019293
1.024579
1.029952
1.035412
1.040959
1.046593
1.052313
1.058119
1.064012
1.069990
1.076055
1.082204
1.088439
1.094759
1.101164
1.107653
1.114226
1.120883
1.127623
1.134447
1.141353
1.148342
1.155412
1.162564
1.169797
1.177110
1.184503
1.191976
1.199527
1.207157
1.214864
1.222648
1.230509
1.238445
1.246456
1.254541
1.262699
1.270930
1.279233
1.287606
1.296049
1.304561
1.313140
1.321787
1.330499
1.339275
1.348115
1.357018
1.365981
1.375004
1.384086
1.393225
1.402419
1.411668
1.420969
1.430322
1.439724
1.449175
1.458672
1.468213
1.477797
1.487423
1.497088
1.506790
1.516527
1.526298
1.536100
1.545932
1.555790
1.565674
1.575580
1.585506
1.595450
1.605410
1.615383
1.625366
1.635358
1.645355
1.655354
1.665354
1.675351
1.685342
1.695325
1.705297
1.715254
1.725194
1.735114
1.745011
1.754881
1.764722
1.774529
1.784300
1.794032
1.803722
1.813365
1.822959
1.832499
1.841984
1.851408
1.860769
1.870063
1.879287
1.888436
1.897508
1.906499
1.915404
1.924222
1.932946
1.941575
1.950105
1.958531
1.966850
1.975059
1.983154
1.991131
1.998986
2.006717
2.014319
2.021789
2.029123
2.036318
2.043370
2.050277
2.057034
2.063638
2.070086
2.076375
2.082502
2.088462
2.094255
2.099875
2.105321
2.110590
2.115678
2.120584
2.125303
2.129835
2.134176
2.138324
2.142277
2.146033
2.149589
2.152944
2.156095
2.159042
2.161781
2.164313
2.166634
2.168744
2.170643
2.172327
2.173798
2.175053
2.176092
2.176915
2.177521
2.177909
2.178079
2.178032
2.177767
2.177285
2.176584
2.175667
2.174534
2.173184
2.171620
2.169841
2.167849
2.165644
2.163229
2.160604
2.157771
2.154731
2.151487
2.148039
2.144390
2.140542
2.136497
2.132257
2.127824
2.123202
2.118391
2.113395
2.108217
2.102859
2.097324
2.091615
2.085735
2.079687
2.073473
2.067099
2.060565
2.053876
2.047036
2.040046
2.032912
2.025636
2.018222
2.010673
2.002993
1.995186
1.987255
1.979203
1.971035
1.962755
1.954365
1.945870
1.937273
1.928578
1.919789
1.910909
1.901942
1.892893
1.883763
1.874558
1.865281
1.855935
1.846524
1.837052
1.827522
1.817938
1.808303
1.798621
1.788895
1.779128
1.769325
1.759488
1.749621
1.739726
1.729808
1.719868
1.709911
1.699940
1.689957
1.679966
1.669969
1.659969
1.649970
1.639973
1.629982
1.620000
1.610028
1.600070
1.590128
1.580205
1.570303
1.560424
1.550571
1.540746
1.530952
1.521189
1.511462
1.501771
1.492118
1.482506
1.472937
1.463412
1.453933
1.444502
1.435121
1.425791
1.416515
1.407292
1.398126
1.389018
1.379968
1.370979
1.362051
1.353187
1.344387
1.335653
1.326985
1.318385
1.309854
1.301394
1.293004
1.284687
1.276442
1.268272
1.260176
1.252156
1.244213
1.236346
1.228558
1.220849
1.213219
1.205670
1.198201
1.190813
1.183508
1.176285
1.169145
1.162089
1.155117
1.148229
1.141426
1.134709
1.128077
1.121531
1.115072
1.108700
1.102414
1.096216
1.090106
1.084084
1.078150
1.072304
1.066547
1.060879
1.055299
1.049809
1.044409
1.039097
1.033876
1.028744
1.023702
1.018749
1.013887
1.009115
1.004433
0.999842
0.995341
0.990930
0.986609
0.982379
0.978240
0.974190
0.970232
0.966364
0.962586
0.958899
0.955303
0.951797
0.948381
0.945056
0.941821
0.938677
0.935624
0.932660
0.929787
0.927005
0.924313
0.921711
0.919199
0.916777
0.914446
0.912205
0.910053
0.907992
0.906021
0.904140
0.902349
0.900648
0.899037
0.897515
0.896083
0.894741
0.893489
0.892327
0.891254
0.890271
0.889377
0.888573
0.887859
0.887234
0.886699
0.886253
0.885897
0.885630
0.885453
0.885365
0.885367
0.885457
0.885638
0.885908
0.886267
0.886716
0.887254
0.887881
0.888598
0.889404
0.890300
0.891285
0.892359
0.893523
0.894777
0.896120
0.897552
0.899074
0.900686
0.902387
0.904178
0.906058
0.908028
0.910087
0.912236
0.914475
0.916804
0.919222
0.921730
0.924328
0.927015
0.929792
0.932659
0.935616
0.938663
0.941800
0.945026
0.948342
0.951749
0.955245
0.958831
0.962506
0.966272
0.970128
0.974073
0.978108
0.982233
0.986448
0.990752
0.995146
0.999630
1.004203
1.008866
1.013618
1.018460
1.023391
1.028411
1.033520
1.038718
1.044005
1.049380
1.054845
1.060397
1.066038
1.071767
1.077583
1.083487
1.089479
1.095558
1.101724
1.107976
1.114315
1.120740
1.127250
1.133846
1.140527
1.147293
1.154143
1.161076
1.168094
1.175194
1.182376
1.189641
1.196987
1.204414
1.211921
1.219508
1.227173
1.234918
1.242740
1.250638
1.258613
1.266664
1.274789
1.282988
1.291259
1.299603
1.308018
1.316503
1.325056
1.333678
1.342367
1.351121
1.359940
1.368822
1.377766
1.386771
1.395836
1.404959
1.414138
1.423373
1.432661
1.442001
1.451392
1.460832
1.470319
1.479852
1.489428
1.499046
1.508704
1.518400
1.528132
1.537898
1.547696
1.557523
1.567378
1.577259
1.587163
1.597087
1.607030
1.616988
1.626960
1.636943
1.646934
1.656931
1.666930
1.676930
1.686927
1.696918
1.706902
1.716874
1.726831
1.736771
1.746691
1.756587
1.766457
1.776296
1.786102
1.795872
1.805602
1.815289
1.824929
1.834520
1.844056
1.853536
1.862955
1.872311
1.881598
1.890814
1.899956
1.909019
1.917999
1.926894
1.935699
1.944412
1.953027
1.961541
1.969952
1.978254
1.986445
1.994520
2.002477
2.010311
2.018018
2.025596
2.033040
2.040347
2.047514
2.054536
2.061412
2.068136
2.074706
2.081119
2.087371
2.093459
2.099380
2.105131
2.110709
2.116110
2.121333
2.126374
2.131230
2.135900
2.140379
2.144667
2.148760
2.152657
2.156354
2.159851
2.163145
2.166234
2.169117
2.171791
2.174256
2.176510
2.178551
2.180379
2.181993
2.183390
2.184572
2.185536
2.186282
2.186811
2.187121
2.187212
2.187085
2.186739
2.186174
2.185392
2.184391
2.183174
2.181740
2.180090
2.178225
2.176147
2.173856
2.171354
2.168642
2.165721
2.162594
2.159262
2.155726
2.151989
2.148054
2.143921
2.139593
2.135073
2.130363
2.125466
2.120384
2.115120
2.109677
2.104058
2.098265
2.092301
2.086171
2.079876
2.073420
2.066807
2.060040
2.053121
2.046055
2.038845
2.031495
2.024008
2.016387
2.008637
2.000760
1.992761
1.984644
1.976411
1.968068
1.959616
1.951061
1.942406
1.933654
1.924810
1.915877
1.906859
1.897760
1.888583
1.879332
1.870011
1.860623
1.851172
1.841662
1.832096
1.822478
1.812811
1.803099
1.793345
1.783553
1.773726
1.763867
1.753980
1.744068
1.734134
1.724182
1.714214
1.704234
1.694245
1.684249
1.674249
1.664250
1.654252
1.644260
1.634275
1.624301
1.614341
1.604396
1.594469
1.584563
1.574680
1.564823
1.554994
1.545195
1.535428
1.525696
1.516001
1.506344
1.496728
1.487155
1.477627
1.468145
1.458711
1.449327
1.439995
1.430717
1.421493
1.412326
1.403218
1.394169
1.385181
1.376255
1.367393
1.358597
1.349866
1.341204
1.332609
1.324085
1.315632
1.307251
1.298943
1.290709
1.282550
1.274467
1.266460
1.258532
1.250681
1.242910
1.235219
1.227609
1.220080
1.212633
1.205269
1.197988
1.190791
1.183678
1.176650
1.169708
1.162851
1.156081
1.149398
1.142802
1.136293
1.129873
1.123540
1.117297
1.111142
1.105077
1.099101
1.093215
1.087419
1.081713
1.076098
1.070573
1.065139
1.059796
1.054544
1.049384
1.044315
1.039338
1.034452
1.029659
1.024957
1.020347
1.015829
1.011403
1.007070
1.002829
0.998680
0.994623
0.990659
0.986787
0.983008
0.979321
0.975726
0.972224
0.968814
0.965497
0.962272
0.959140
0.956100
0.953153
0.950298
0.947535
0.944865
0.942287
0.939801
0.937407
0.935106
0.932897
0.930781
0.928756
0.926824
0.924983
0.923235
0.921579
0.920015
0.918543
0.917163
0.915875
0.914678
0.913574
0.912561
0.911641
0.910812
0.910075
0.909430
0.908876
0.908414
0.908044
0.907766
0.907579
0.907484
0.907481
0.907569
0.907749
0.908021
0.908384
0.908839
0.909386
0.910024
0.910754
0.911575
0.912488
0.913493
0.914589
0.915778
0.917057
0.918429
0.919892
0.921447
0.923093
0.924831
0.926661
0.928583
0.930597
0.932702
0.934899
0.937188
0.939568
0.942041
0.944605
0.947261
0.950009
0.952849
0.955781
0.958804
0.961920
0.965127
0.968426
0.971817
0.975300
0.978874
0.982541
0.986299
0.990149
0.994090
0.998124
1.002248
1.006465
1.010773
1.015172
1.019663
1.024246
1.028919
1.033684
1.038539
1.043486
1.048524
1.053652
1.058871
1.064180
1.069579
1.075069
1.080648
1.086317
1.092076
1.097924
1.103861
1.109886
1.116001
1.122203
1.128493
1.134871
1.141337
1.147889
1.154528
1.161252
1.168063
1.174959
1.181940
1.189005
1.196154
1.203386
1.210701
1.218099
1.225577
1.233137
1.240777
1.248497
1.256296
1.264173
1.272127
1.280158
1.288264
1.296446
1.304701
1.313030
1.321430
1.329902
1.338443
1.347054
1.355732
1.364477
1.373287
1.382162
1.391099
1.400098
1.409157
1.418275
1.427451
1.436682
1.445967
1.455306
1.464695
1.474134
1.483620
1.493152
1.502729
1.512347
1.522006
1.531703
1.541437
1.551204
1.561004
1.570833
1.580690
1.590573
1.600479
1.610405
1.620349
1.630309
1.640283
1.650267
1.660259
1.670256
1.680256
1.690255
1.700251
1.710242
1.720223
1.730193
1.740147
1.750083
1.759999
1.769889
1.779753
1.789585
1.799383
1.809144
1.818864
1.828540
1.838168
1.847744
1.857266
1.866730
1.876132
1.885468
1.894736
1.903930
1.913049
1.922087
1.931041
1.939908
1.948684
1.957365
1.965947
1.974427
1.982801
1.991065
1.999216
2.007249
2.015162
2.022950
2.030610
2.038137
2.045530
2.052783
2.059894
2.066859
2.073674
2.080337
2.086843
2.093190
2.099373
2.105391
2.111240
2.116916
2.122418
2.127741
2.132883
2.137841
2.142613
2.147196
2.151587
2.155784
2.159785
2.163587
2.167189
2.170588
2.173782
2.176770
2.179549
2.182119
2.184478
2.186624
2.188556
2.190273
2.191774
2.193058
2.194124
2.194972
2.195601
2.196012
2.196202
2.196173
2.195925
2.195457
2.194769
2.193863
2.192739
2.191397
2.189838
2.188063
2.186072
2.183868
2.181451
2.178823
2.175985
2.172938
2.169685
2.166227
2.162567
2.158705
2.154645
2.150389
2.145938
2.141296
2.136465
2.131447
2.126246
2.120863
2.115302
2.109567
2.103659
2.097582
2.091339
2.084934
2.078369
2.071648
2.064774
2.057751
2.050583
2.043272
2.035823
2.028239
2.020524
2.012680
2.004713
1.996626
1.988422
1.980105
1.971680
1.963149
1.954516
1.945786
1.936962
1.928048
1.919048
1.909965
1.900803
1.891566
1.882258
1.872882
1.863442
1.853942
1.844385
1.834775
1.825115
1.815410
1.805662
1.795875
1.786052
1.776197
1.766313
1.756404
1.746472
1.736522
1.726555
1.716576
1.706587
1.696592
1.686592
1.676592
1.666595
1.656602
1.646617
1.636643
1.626682
1.616737
1.606810
1.596904
1.587021
1.577165
1.567336
1.557538
1.547773
1.538043
1.528349
1.518695
1.509083
1.499513
1.489989
1.480512
1.471083
1.461706
1.452380
1.443109
1.433894
1.424736
1.415638
1.406599
1.397623
1.388710
1.379861
1.371079
1.362364
1.353717
1.345141
1.336635
1.328201
1.319841
1.311554
1.303343
1.295208
1.287150
1.279170
1.271269
1.263448
1.255707
1.248048
1.240470
1.232975
1.225564
1.218236
1.210994
1.203836
1.196764
1.189779
1.182881
1.176070
1.169346
1.162712
1.156165
1.149708
1.143341
1.137063
1.130876
1.124779
1.118773
1.112858
1.107034
1.101302
1.095662
1.090114
1.084659
1.079296
1.074026
1.068848
1.063764
1.058773
1.053875
1.049070
1.044360
1.039742
1.035219
1.030790
1.026454
1.022213
1.018065
1.014012
1.010053
1.006188
1.002417
0.998741
0.995158
0.991671
0.988277
0.984978
0.981774
0.978663
0.975647
0.972726
0.969899
0.967166
0.964527
0.961983
0.959533
0.957178
0.954917
0.952750
0.950677
0.948699
0.946814
0.945024
0.943328
0.941726
0.940219
0.938805
0.937486
0.936260
0.935129
0.934091
0.933148
0.932299
0.931543
0.930881
0.930314
0.929840
0.929460
0.929174
0.928982
0.928884
0.928879
0.928968
0.929152
0.929429
0.929799
0.930264
0.930822
0.931474
0.932220
0.933060
0.933993
0.935021
0.936142
0.937356
0.938665
0.940068
0.941564
0.943154
0.944838
0.946615
0.948487
0.950452
0.952511
0.954664
0.956911
0.959252
0.961686
0.964215
0.966837
0.969553
0.972363
0.975267
0.978264
0.981356
0.984541
0.987820
0.991192
0.994659
0.998219
1.001873
1.005620
1.009461
1.013396
1.017424
1.021545
1.025760
1.030068
1.034470
1.038964
1.043552
1.048232
1.053006
1.057872
1.062830
1.067881
1.073025
1.078260
1.083588
1.089007
1.094518
1.100120
1.105813
1.111597
1.117472
1.123438
1.129493
1.135638
1.141873
1.148197
1.154610
1.161111
1.167700
1.174377
1.181141
1.187992
1.194929
1.201952
1.209061
1.216254
1.223531
1.230892
1.238335
1.245861
1.253469
1.261158
1.268926
1.276775
1.284701
1.292706
1.300788
1.308945
1.317178
1.325485
1.333865
1.342317
1.350841
1.359434
1.368096
1.376826
1.385622
1.394483
1.403408
1.412395
1.421444
1.430552
1.439719
1.448942
1.458220
1.467551
1.476934
1.486368
1.495849
1.505377
1.514950
1.524566
1.534222
1.543917
1.553648
1.563414
1.573213
1.583042
1.592898
1.602781
1.612686
1.622613
1.632557
1.642518
1.652491
1.662476
1.672468
1.682465
1.692465
1.702464
1.712460
1.722450
1.732431
1.742399
1.752352
1.762286
1.772199
1.782087
1.791946
1.801774
1.811568
1.821323
1.831037
1.840705
1.850325
1.859893
1.869406
1.878859
1.888249
1.897573
1.906826
1.916006
1.925109
1.934130
1.943066
1.951913
1.960668
1.969327
1.977885
1.986340
1.994687
2.002924
2.011045
2.019047
2.026927
2.034681
2.042305
2.049795
2.057149
2.064361
2.071430
2.078351
2.085120
2.091735
2.098192
2.104488
2.110619
2.116582
2.122374
2.127993
2.133434
2.138696
2.143775
2.148668
2.153373
2.157887
2.162208
2.166334
2.170261
2.173988
2.177513
2.180833
2.183948
2.186854
2.189551
2.192036
2.194309
2.196367
2.198210
2.199838
2.201247
2.202439
2.203412
2.204165
2.204699
2.205012
2.205105
2.204977
2.204629
2.204061
2.203272
2.202265
2.201038
2.199593
2.197930
2.196051
2.193957
2.191648
2.189127
2.186394
2.183451
2.180299
2.176942
2.173379
2.169614
2.165648
2.161485
2.157125
2.152571
2.147827
2.142894
2.137775
2.132473
2.126991
2.121331
2.115498
2.109493
2.103321
2.096983
2.090484
2.083827
2.077016
2.070053
2.062942
2.055687
2.048291
2.040758
2.033092
2.025297
2.017375
2.009331
2.001169
1.992892
1.984504
1.976009
1.967411
1.958713
1.949920
1.941034
1.932061
1.923004
1.913866
1.904652
1.895364
1.886008
1.876586
1.867103
1.857561
1.847965
1.838318
1.828624
1.818886
1.809109
1.799294
1.789447
1.779569
1.769665
1.759738
1.749791
1.739828
1.729851
1.719864
