0.020090
0.040181
0.060269
0.080353
0.100431
0.120502
0.140562
0.160610
0.180644
0.200662
0.220662
0.240643
0.260601
0.280536
0.300444
0.320325
0.340177
0.359997
0.379783
0.399535
0.419249
0.438924
0.458559
0.478151
0.497699
0.517201
0.536655
0.556059
0.575413
0.594713
0.613959
0.633149
0.652282
0.671355
0.690367
0.709317
0.728203
0.747025
0.765779
0.784466
0.803083
0.821629
0.840103
0.858504
0.876830
0.895081
0.913254
0.931350
0.949366
0.967301
0.985155
1.002927
1.020615
1.038219
1.055737
1.073168
1.090513
1.107769
1.124937
1.142015
1.159002
1.175898
1.192702
1.209414
1.226032
1.242557
1.258987
1.275322
1.291561
1.307705
1.323752
1.339702
1.355555
1.371310
1.386968
1.402526
1.417986
1.433347
1.448609
1.463771
1.478834
1.493796
1.508659
1.523421
1.538084
1.552645
1.567107
1.581468
1.595728
1.609888
1.623947
1.637906
1.651765
1.665523
1.679182
1.692740
1.706198
1.719556
1.732814
1.745973
1.759033
1.771994
1.784856
1.797620
1.810285
1.822852
1.835321
1.847693
1.859968
1.872146
1.884227
1.896212
1.908102
1.919896
1.931595
1.943200
1.954711
1.966127
1.977450
1.988681
1.999819
2.010865
2.021819
2.032682
2.043454
2.054137
2.064729
2.075233
2.085648
2.095974
2.106213
2.116365
2.126430
2.136409
2.146302
2.156110
2.165834
2.175474
2.185030
2.194503
2.203894
2.213203
2.222431
2.231578
2.240645
2.249632
2.258541
2.267371
2.276123
2.284797
2.293395
2.301917
2.310363
2.318734
2.327030
2.335253
2.343402
2.351479
2.359483
2.367415
2.375277
2.383068
2.390789
2.398440
2.406023
2.413538
2.420985
2.428364
2.435678
2.442925
2.450106
2.457223
2.464276
2.471265
2.478190
2.485053
2.491853
2.498593
2.505271
2.511888
2.518446
2.524944
2.531383
2.537764
2.544087
2.550353
2.556562
2.562715
2.568812
2.574853
2.580841
2.586774
2.592653
2.598479
2.604252
2.609974
2.615643
2.621262
2.626829
2.632347
2.637815
2.643233
2.648603
2.653925
2.659199
2.664425
2.669605
2.674739
2.679826
2.684868
2.689865
2.694818
2.699726
2.704591
2.709413
2.714192
2.718929
2.723624
2.728277
2.732889
2.737461
2.741993
2.746485
2.750938
2.755352
2.759727
2.764065
2.768365
2.772627
2.776853
2.781043
2.785196
2.789314
2.793396
2.797444
2.801457
2.805436
2.809382
2.813294
2.817173
2.821020
2.824834
2.828617
2.832368
2.836088
2.839777
2.843436
2.847065
2.850665
2.854235
2.857776
2.861288
2.864772
2.868229
2.871657
2.875059
2.878433
2.881781
2.885102
2.888398
2.891668
2.894913
2.898132
2.901327
2.904498
2.907645
2.910768
2.913867
2.916944
2.919997
2.923028
2.926037
2.929024
2.931990
2.934934
2.937857
2.940759
2.943641
2.946503
2.949345
2.952167
2.954970
2.957754
2.960520
2.963267
2.965995
2.968706
2.971399
2.974075
2.976733
2.979375
2.982000
2.984609
2.987202
2.989779
2.992341
2.994887
2.997418
2.999935
3.002437
3.004924
3.007398
3.009858
3.012304
3.014738
3.017158
3.019565
3.021960
3.024342
3.026713
3.029071
3.031418
3.033754
3.036079
3.038393
3.040696
3.042988
3.045271
3.047543
3.049806
3.052060
3.054304
3.056539
3.058765
3.060983
3.063192
3.065394
3.067587
3.069773
3.071951
3.074122
3.076285
3.078443
3.080593
3.082737
3.084875
3.087007
3.089133
3.091254
3.093370
3.095480
3.097585
3.099686
3.101783
3.103875
3.105963
3.108047
3.110128
3.112206
3.114280
3.116351
3.118420
3.120485
3.122549
3.124610
3.126670
3.128728
3.130784
3.132839
3.134893
3.136946
3.138998
3.141050
3.143102
3.145154
3.147205
3.149257
3.151310
3.153363
3.155418
3.157473
3.159530
3.161589
3.163649
3.165712
3.167776
3.169844
3.171913
3.173986
3.176061
3.178140
3.180223
3.182309
3.184399
3.186493
3.188591
3.190694
3.192802
3.194915
3.197033
3.199156
3.201285
3.203419
3.205560
3.207707
3.209860
3.212020
3.214187
3.216361
3.218542
3.220731
3.222928
3.225133
3.227345
3.229567
3.231797
3.234035
3.236283
3.238540
3.240807
3.243084
3.245370
3.247667
3.249974
3.252292
3.254621
3.256961
3.259313
3.261676
3.264051
3.266438
3.268837
3.271249
3.273673
3.276111
3.278562
3.281027
3.283505
3.285998
3.288505
3.291026
3.293562
3.296113
3.298680
3.301261
3.303859
3.306473
3.309103
3.311750
3.314413
3.317094
3.319792
3.322508
3.325241
3.327993
3.330763
3.333552
3.336360
3.339187
3.342034
3.344900
3.347787
3.350694
3.353621
3.356570
3.359540
3.362531
3.365545
3.368580
3.371638
3.374719
3.377822
3.380949
3.384100
3.387274
3.390473
3.393696
3.396945
3.400218
3.403517
3.406842
3.410192
3.413570
3.416974
3.420405
3.423864
3.427351
3.430865
3.434408
3.437980
3.441581
3.445212
3.448872
3.452563
3.456284
3.460036
3.463820
3.467634
3.471481
3.475361
3.479273
3.483218
3.487196
3.491208
3.495255
3.499336
3.503452
3.507604
3.511791
3.516014
3.520274
3.524571
3.528905
3.533277
3.537687
3.542135
3.546623
3.551150
3.555716
3.560323
3.564971
3.569659
3.574389
3.579161
3.583975
3.588832
3.593733
3.598676
3.603664
3.608697
3.613775
3.618898
3.624067
3.629282
3.634544
3.639854
3.645211
3.650616
3.656070
3.661574
3.667127
3.672730
3.678384
3.684089
3.689846
3.695654
3.701515
3.707430
3.713398
3.719420
3.725497
3.731629
3.737816
3.744060
3.750360
3.756718
3.763133
3.769606
3.776138
3.782730
3.789381
3.796093
3.802865
3.809699
3.816595
3.823554
3.830575
3.837660
3.844810
3.852023
3.859303
3.866648
3.874059
3.881537
3.889083
3.896696
3.904379
3.912130
3.919951
3.927842
3.935804
3.943838
3.951943
3.960121
3.968372
3.976697
3.985096
3.993569
4.002118
4.010743
4.019444
4.028223
4.037078
4.046012
4.055025
4.064117
4.073289
4.082541
4.091873
4.101288
4.110784
4.120363
4.130025
4.139771
4.149601
4.159515
4.169515
4.179601
4.189772
4.200031
4.210377
4.220811
4.231333
4.241943
4.252644
4.263433
4.274314
4.285285
4.296347
4.307500
4.318746
4.330085
4.341516
4.353041
4.364660
4.376373
4.388180
4.400083
4.412081
4.424175
4.436365
4.448651
4.461034
4.473515
4.486093
4.498768
4.511542
4.524414
4.537385
4.550454
4.563623
4.576890
4.590258
4.603724
4.617291
4.630958
4.644724
4.658591
4.672559
4.686626
4.700794
4.715063
4.729432
4.743901
4.758471
4.773142
4.787913
4.802784
4.817755
4.832826
4.847998
4.863269
4.878639
4.894109
4.909677
4.925345
4.941111
4.956975
4.972937
4.988996
5.005152
5.021405
5.037754
5.054198
5.070738
5.087372
5.104100
5.120921
5.137835
5.154842
5.171939
5.189127
5.206405
5.223772
5.241227
5.258770
5.276400
5.294115
5.311914
5.329798
5.347764
5.365812
5.383940
5.402148
5.420435
5.438798
5.457238
5.475753
5.494341
5.513002
5.531734
5.550536
5.569406
5.588342
5.607345
5.626411
5.645540
5.664731
5.683981
5.703288
5.722653
5.742072
5.761544
5.781068
5.800642
5.820264
5.839932
5.859645
5.879401
5.899198
5.919035
5.938909
5.958818
5.978761
5.998737
6.018742
6.038775
6.058834
6.078918
6.099024
6.119150
6.139294
6.159455
6.179630
6.199817
6.220015
6.240221
6.260433
6.280650
6.300869
6.321088
6.341305
6.361519
6.381727
6.401927
6.422117
6.442295
6.462460
6.482609
6.502739
6.522850
6.542939
6.563005
6.583045
6.603057
6.623039
6.642991
6.662908
6.682791
6.702636
6.722443
6.742209
6.761932
6.781611
6.801244
6.820829
6.840364
6.859849
6.879280
6.898657
6.917977
6.937240
6.956443
6.975586
6.994666
7.013682
7.032633
7.051517
7.070333
7.089079
7.107754
7.126357
7.144887
7.163341
7.181720
7.200021
7.218244
7.236388
7.254451
7.272432
7.290330
7.308145
7.325875
7.343519
7.361077
7.378547
7.395929
7.413221
7.430424
7.447536
7.464557
7.481485
7.498321
7.515063
7.531712
7.548265
7.564724
7.581086
7.597353
7.613523
7.629596
7.645571
7.661448
7.677228
7.692908
7.708490
7.723973
7.739356
7.754640
7.769824
7.784908
7.799892
7.814775
7.829559
7.844242
7.858824
7.873306
7.887688
7.901969
7.916149
7.930229
7.944209
7.958089
7.971868
7.985548
7.999127
8.012607
8.025987
8.039268
8.052450
8.065533
8.078518
8.091404
8.104192
8.116882
8.129475
8.141970
8.154369
8.166671
8.178877
8.190988
8.203002
8.214922
8.226748
8.238479
8.250116
8.261660
8.273111
8.284470
8.295736
8.306911
8.317995
8.328989
8.339892
8.350706
8.361431
8.372067
8.382615
8.393076
8.403450
8.413737
8.423938
8.434054
8.444085
8.454032
8.463894
8.473674
8.483371
8.492987
8.502520
8.511973
8.521345
8.530638
8.539851
8.548986
8.558043
8.567022
8.575925
8.584751
8.593502
8.602177
8.610778
8.619305
8.627759
8.636140
8.644449
8.652686
8.660853
8.668949
8.676975
8.684932
8.692821
8.700641
8.708394
8.716080
8.723700
8.731255
8.738744
8.746169
8.753530
8.760827
8.768062
8.775235
8.782345
8.789395
8.796385
8.803315
8.810185
8.816996
8.823750
8.830445
8.837084
8.843666
8.850192
8.856663
8.863079
8.869441
8.875749
8.882003
8.888205
8.894355
8.900453
8.906501
8.912497
8.918444
8.924341
8.930189
8.935989
8.941741
8.947446
8.953103
8.958714
8.964280
8.969800
8.975275
8.980706
8.986092
8.991436
8.996737
9.001995
9.007211
9.012386
9.017520
9.022614
9.027667
9.032681
9.037656
9.042592
9.047491
9.052351
9.057175
9.061961
9.066712
9.071426
9.076105
9.080749
9.085359
9.089935
9.094477
9.098986
9.103462
9.107906
9.112317
9.116698
9.121047
9.125366
9.129654
9.133913
9.138143
9.142343
9.146515
9.150659
9.154775
9.158863
9.162925
9.166960
9.170969
9.174953
9.178910
9.182843
9.186752
9.190636
9.194496
9.198333
9.202147
9.205938
9.209707
9.213454
9.217180
9.220884
9.224567
9.228230
9.231873
9.235497
9.239100
9.242685
9.246251
9.249799
9.253329
9.256841
9.260337
9.263815
9.267277
9.270722
9.274152
9.277566
9.280965
9.284349
9.287719
9.291075
9.294416
9.297745
9.301060
9.304362
9.307652
9.310930
9.314196
9.317451
9.320694
9.323927
9.327149
9.330361
9.333563
9.336755
9.339939
9.343113
9.346279
9.349437
9.352586
9.355729
9.358863
9.361991
9.365113
9.368227
9.371336
9.374439
9.377537
9.380630
9.383718
9.386801
9.389881
9.392956
9.396028
9.399097
9.402163
9.405226
9.408287
9.411346
9.414403
9.417459
9.420514
9.423568
9.426622
9.429676
9.432729
9.435784
9.438839
9.441895
9.444953
9.448012
9.451074
9.454137
9.457204
9.460273
9.463346
9.466422
9.469502
9.472586
9.475675
9.478769
9.481868
9.484972
9.488082
9.491198
9.494321
9.497450
9.500586
9.503730
9.506881
9.510040
9.513207
9.516384
9.519568
9.522763
9.525966
9.529180
9.532404
9.535638
9.538884
9.542140
9.545408
9.548688
9.551980
9.555284
9.558601
9.561931
9.565275
9.568633
9.572005
9.575391
9.578792
9.582208
9.585640
9.589087
9.592551
9.596031
9.599528
9.603043
9.606575
9.610124
9.613692
9.617279
9.620885
9.624510
9.628154
9.631819
9.635504
9.639210
9.642937
9.646685
9.650455
9.654248
9.658063
9.661901
9.665763
9.669648
9.673557
9.677491
9.681449
9.685433
9.689443
9.693478
9.697540
9.701629
9.705745
9.709888
9.714060
9.718260
9.722489
9.726747
9.731034
9.735352
9.739700
9.744079
9.748489
9.752931
9.757405
9.761912
9.766451
9.771024
9.775631
9.780272
9.784948
9.789659
9.794405
9.799188
9.804007
9.808863
9.813756
9.818687
9.823657
9.828665
9.833712
9.838799
9.843927
9.849094
9.854303
9.859554
9.864846
9.870181
9.875560
9.880981
9.886447
9.891957
9.897512
9.903112
9.908759
9.914451
9.920191
9.925979
9.931814
9.937698
9.943631
9.949613
9.955646
9.961729
9.967863
9.974048
9.980286
9.986577
9.992921
9.999318
10.005770
10.012277
10.018839
10.025457
10.032132
10.038863
10.045653
10.052500
10.059406
10.066371
10.073396
10.080482
10.087628
10.094836
10.102106
10.109439
10.116835
10.124295
10.131819
10.139408
10.147063
10.154784
10.162571
10.170426
10.178348
10.186339
10.194399
10.202529
10.210729
10.218999
10.227341
10.235755
10.244242
10.252801
10.261434
10.270142
10.278924
10.287782
10.296716
10.305726
10.314814
10.323979
10.333223
10.342546
10.351948
10.361430
10.370993
10.380637
10.390363
10.400171
10.410062
10.420037
10.430095
10.440238
10.450466
10.460780
10.471180
10.481666
10.492240
10.502902
10.513651
10.524490
10.535418
10.546435
10.557543
10.568742
10.580031
10.591413
10.602886
10.614452
10.626111
10.637864
10.649711
10.661651
10.673687
10.685817
10.698044
10.710365
10.722784
10.735298
10.747910
10.760619
10.773425
10.786330
10.799332
10.812433
10.825633
10.838931
10.852329
10.865826
10.879422
10.893118
10.906914
10.920810
10.934807
10.948903
10.963100
10.977397
10.991795
11.006293
11.020892
11.035591
11.050391
11.065291
11.080291
11.095392
11.110593
11.125893
11.141294
11.156794
11.172393
11.188092
11.203889
11.219785
11.235779
11.251871
11.268060
11.284347
11.300730
11.317210
11.333785
11.350455
11.367220
11.384079
11.401032
11.418077
11.435215
11.452444
11.469764
11.487173
11.504672
11.522260
11.539935
11.557696
11.575544
11.593476
11.611492
11.629590
11.647771
11.666032
11.684373
11.702793
11.721290
11.739863
11.758510
11.777232
11.796026
11.814891
11.833826
11.852829
11.871899
11.891035
11.910234
11.929497
11.948820
11.968203
11.987644
12.007141
12.026693
12.046298
12.065954
12.085661
12.105415
12.125215
12.145060
12.164948
12.184876
12.204844
12.224849
12.244889
12.264963
12.285069
12.305204
12.325367
12.345555
12.365768
12.386002
12.406257
12.426529
12.446817
12.467120
12.487434
12.507758
12.528090
12.548428
12.568769
12.589113
12.609456
12.629797
12.650133
12.670464
12.690786
12.711097
12.731396
12.751681
12.771949
12.792199
12.812428
12.832635
12.852818
12.872974
12.893102
12.913200
12.933266
12.953298
12.973294
12.993252
13.013171
13.033048
13.052882
13.072670
13.092413
13.112106
13.131749
13.151341
13.170879
13.190361
13.209787
13.229154
13.248461
13.267707
13.286889
13.306007
13.325058
13.344043
13.362958
13.381803
13.400577
13.419277
13.437903
13.456454
13.474929
13.493325
13.511642
13.529880
13.548036
13.566109
13.584100
13.602006
13.619826
13.637561
13.655208
13.672768
13.690238
13.707619
13.724910
13.742109
13.759216
13.776231
13.793153
13.809980
13.826714
13.843352
13.859895
13.876341
13.892691
13.908944
13.925100
13.941158
13.957118
13.972979
13.988742
14.004405
14.019969
14.035434
14.050799
14.066064
14.081229
14.096293
14.111258
14.126121
14.140885
14.155548
14.170110
14.184572
14.198934
14.213195
14.227356
14.241416
14.255377
14.269237
14.282998
14.296658
14.310220
14.323682
14.337045
14.350309
14.363474
14.376541
14.389511
14.402382
14.415156
14.427833
14.440413
14.452896
14.465284
14.477576
14.489772
14.501874
14.513881
14.525794
14.537614
14.549340
14.560974
14.572515
14.583965
14.595323
14.606590
14.617767
14.628855
14.639853
14.650762
14.661582
14.672316
14.682961
14.693521
14.703994
14.714381
14.724684
14.734902
14.745036
14.755087
14.765055
14.774941
14.784745
14.794469
14.804112
14.813675
14.823159
14.832564
14.841892
14.851142
14.860315
14.869412
14.878433
14.887379
14.896251
14.905050
14.913775
14.922427
14.931008
14.939517
14.947955
14.956324
14.964623
14.972853
14.981015
14.989109
14.997136
15.005096
15.012991
15.020821
15.028586
15.036287
15.043924
15.051499
15.059012
15.066463
15.073853
15.081183
15.088453
15.095663
15.102816
15.109910
15.116947
15.123926
15.130850
15.137718
15.144531
15.151290
15.157994
15.164645
15.171244
15.177790
15.184285
15.190729
15.197122
15.203465
15.209759
15.216004
15.222201
15.228350
15.234452
15.240508
15.246517
15.252481
15.258400
15.264275
15.270106
15.275893
15.281638
15.287340
15.293001
15.298620
15.304199
15.309737
15.315236
15.320696
15.326117
15.331500
15.336845
15.342153
15.347424
15.352660
15.357860
15.363024
15.368154
15.373250
15.378312
15.383341
15.388338
15.393302
15.398234
15.403136
15.408006
15.412846
15.417656
15.422437
15.427189
15.431913
15.436608
15.441276
15.445917
15.450531
15.455120
15.459682
15.464219
15.468732
15.473220
15.477684
15.482124
15.486542
15.490937
15.495309
15.499660
15.503990
15.508299
15.512587
15.516856
15.521104
15.525334
15.529544
15.533737
15.537911
15.542068
15.546208
15.550331
15.554438
15.558529
15.562605
15.566666
15.570712
15.574743
15.578761
15.582766
15.586757
15.590736
15.594703
15.598658
15.602601
15.606534
15.610455
15.614367
15.618269
15.622161
15.626044
15.629919
15.633785
15.637644
15.641495
15.645339
15.649176
15.653007
15.656831
15.660651
15.664465
15.668274
15.672079
15.675880
15.679678
15.683472
15.687263
15.691052
15.694839
15.698624
15.702408
15.706190
15.709973
15.713755
15.717537
15.721320
15.725103
15.728889
15.732675
15.736464
15.740256
15.744050
15.747848
15.751649
15.755454
15.759264
15.763079
15.766898
15.770723
15.774555
15.778392
15.782236
15.786088
15.789947
15.793813
15.797688
15.801572
15.805465
15.809367
15.813279
15.817201
15.821134
15.825078
15.829033
15.833000
15.836979
15.840971
15.844976
15.848994
15.853026
15.857072
15.861133
15.865209
15.869300
15.873407
15.877530
15.881670
15.885827
15.890002
15.894194
15.898405
15.902634
15.906882
15.911150
15.915438
15.919746
15.924075
15.928426
15.932797
15.937191
15.941608
15.946047
15.950510
15.954997
15.959508
15.964044
15.968604
15.973191
15.977803
15.982442
15.987108
15.991801
15.996522
16.001271
16.006049
16.010856
16.015693
16.020560
16.025458
16.030386
16.035346
16.040339
16.045363
16.050421
16.055512
16.060637
16.065796
16.070990
16.076219
16.081485
16.086787
16.092125
16.097501
16.102915
16.108367
16.113858
16.119388
16.124958
16.130569
16.136220
16.141913
16.147648
16.153425
16.159245
16.165109
16.171017
16.176969
16.182966
16.189009
16.195098
16.201234
16.207417
16.213648
16.219928
16.226256
16.232633
16.239061
16.245539
16.252068
16.258649
16.265283
16.271969
16.278708
16.285502
16.292349
16.299252
16.306211
16.313226
16.320298
16.327427
16.334614
16.341860
16.349165
16.356530
16.363955
16.371441
16.378989
16.386598
16.394271
16.402007
16.409806
16.417670
16.425600
16.433595
16.441656
16.449785
16.457981
16.466245
16.474578
16.482980
16.491452
16.499995
16.508609
16.517295
16.526053
16.534884
16.543789
16.552768
16.561822
16.570951
16.580156
16.589438
16.598797
16.608233
16.617749
16.627343
16.637016
16.646770
16.656605
16.666521
16.676519
16.686599
16.696763
16.707010
16.717341
16.727757
16.738258
16.748845
16.759519
16.770279
16.781127
16.792063
16.803088
16.814201
16.825404
16.836697
16.848081
16.859556
16.871122
16.882780
16.894531
16.906374
16.918311
16.930342
16.942467
16.954686
16.967001
16.979410
16.991916
17.004518
17.017217
17.030012
17.042904
17.055894
17.068982
17.082168
17.095453
17.108836
17.122318
17.135899
17.149579
17.163359
17.177239
17.191219
17.205298
17.219478
17.233758
17.248139
17.262619
17.277201
17.291883
17.306665
17.321548
17.336531
17.351615
17.366799
17.382083
17.397467
17.412951
17.428535
17.444218
17.460001
17.475883
17.491863
17.507942
17.524119
17.540394
17.556766
17.573235
17.589801
17.606463
17.623220
17.640072
17.657019
17.674059
17.691193
17.708419
17.725738
17.743147
17.760647
17.778236
17.795914
17.813681
17.831534
17.849474
17.867499
17.885608
17.903801
17.922076
17.940432
17.958869
17.977384
17.995978
18.014648
18.033393
18.052213
18.071106
18.090071
18.109105
18.128209
18.147380
18.166618
18.185920
18.205285
18.224712
18.244199
18.263745
18.283347
18.303005
18.322717
18.342480
18.362294
18.382157
18.402066
18.422020
18.442018
18.462057
18.482136
18.502253
18.522405
18.542592
18.562811
18.583060
18.603337
18.623641
18.643969
18.664319
18.684690
18.705079
18.725485
18.745905
18.766337
18.786780
18.807231
18.827689
18.848150
18.868614
18.889078
18.909540
18.929998
18.950450
18.970894
18.991328
19.011750
19.032158
19.052549
19.072923
19.093276
19.113607
19.133914
19.154195
19.174448
19.194670
19.214861
19.235018
19.255139
19.275223
19.295267
19.315270
19.335230
19.355145
19.375013
19.394833
19.414602
19.434320
19.453984
19.473592
19.493144
19.512638
19.532071
19.551443
19.570751
19.589995
19.609173
19.628283
19.647324
19.666295
19.685194
19.704021
19.722773
19.741449
19.760049
19.778570
19.797013
19.815375
19.833656
19.851854
19.869969
19.888000
19.905945
19.923804
19.941575
19.959258
19.976853
19.994357
20.011771
20.029094
20.046324
20.063462
20.080507
20.097457
20.114313
20.131073
20.147738
20.164307
20.180779
20.197154
20.213432
20.229612
20.245693
20.261676
20.277560
20.293344
20.309030
20.324615
20.340101
20.355487
20.370773
20.385958
20.401044
20.416028
20.430913
20.445696
20.460380
20.474962
20.489445
20.503827
20.518108
20.532290
20.546371
20.560353
20.574234
20.588016
20.601699
20.615283
20.628767
20.642153
20.655441
20.668630
20.681722
20.694716
20.707612
20.720412
20.733116
20.745723
20.758234
20.770650
20.782971
20.795198
20.807330
20.819369
20.831315
20.843167
20.854928
20.866596
20.878173
20.889660
20.901055
20.912362
20.923578
20.934706
20.945746
20.956698
20.967563
20.978341
20.989034
20.999640
21.010162
21.020600
21.030953
21.041224
21.051412
21.061518
21.071543
21.081487
21.091350
21.101134
21.110840
21.120466
21.130015
21.139487
21.148883
21.158202
21.167447
21.176617
21.185712
21.194735
21.203685
21.212562
21.221368
21.230104
21.238769
21.247364
21.255891
21.264349
21.272740
21.281063
21.289321
21.297512
21.305639
21.313700
21.321698
21.329633
21.337505
21.345315
21.353064
21.360752
21.368380
21.375948
21.383458
21.390909
21.398303
21.405640
21.412920
21.420145
21.427314
21.434429
21.441490
21.448498
21.455452
21.462355
21.469206
21.476007
21.482757
21.489457
21.496108
21.502711
21.509265
21.515772
21.522233
21.528647
21.535016
21.541339
21.547618
21.553854
21.560046
21.566195
21.572302
21.578367
21.584391
21.590375
21.596319
21.602223
21.608089
21.613916
21.619706
21.625458
21.631174
21.636854
21.642498
21.648107
21.653681
21.659222
21.664729
21.670203
21.675645
21.681055
21.686434
21.691782
21.697099
21.702387
21.707645
21.712875
21.718077
21.723250
21.728397
21.733517
21.738610
21.743678
21.748721
21.753739
21.758732
21.763702
21.768649
21.773573
21.778474
21.783354
21.788212
21.793050
21.797867
21.802664
21.807442
21.812201
21.816942
21.821665
21.826370
21.831058
21.835729
21.840385
21.845024
21.849649
21.854259
21.858855
21.863436
21.868005
21.872561
21.877104
21.881635
21.886155
21.890664
21.895162
21.899650
21.904129
21.908598
21.913058
21.917510
21.921954
21.926391
21.930821
21.935244
21.939661
21.944073
21.948479
21.952880
21.957278
21.961671
21.966061
21.970448
21.974832
21.979215
21.983595
21.987975
21.992354
21.996732
22.001111
22.005490
22.009870
22.014251
22.018635
22.023021
22.027409
22.031801
22.036196
22.040596
22.045000
22.049409
22.053824
22.058244
22.062671
22.067104
22.071545
22.075993
22.080450
22.084915
22.089389
22.093872
22.098366
22.102869
22.107384
22.111910
22.116447
22.120997
22.125560
22.130135
22.134724
22.139327
22.143944
22.148577
22.153224
22.157888
22.162568
22.167264
22.171978
22.176709
22.181459
22.186227
22.191015
22.195822
22.200649
22.205496
22.210365
22.215255
22.220167
22.225102
22.230059
22.235040
22.240044
22.245073
22.250127
22.255207
22.260312
22.265444
22.270602
22.275788
22.281001
22.286243
22.291514
22.296814
22.302144
22.307505
22.312896
22.318319
22.323774
22.329261
22.334781
22.340335
22.345922
22.351545
22.357202
22.362895
22.368624
22.374389
22.380192
22.386033
22.391912
22.397830
22.403787
22.409784
22.415822
22.421900
22.428021
22.434183
22.440388
22.446637
22.452929
22.459266
22.465647
22.472074
22.478548
22.485068
22.491635
22.498250
22.504914
22.511627
22.518389
22.525201
22.532064
22.538979
22.545946
22.552965
22.560037
22.567163
22.574343
22.581579
22.588870
22.596217
22.603621
22.611082
22.618602
22.626180
22.633817
22.641514
22.649272
22.657090
22.664971
22.672913
22.680919
22.688988
22.697122
22.705320
22.713584
22.721913
22.730310
22.738774
22.747306
22.755906
22.764576
22.773315
22.782125
22.791006
22.799959
22.808984
22.818082
22.827253
22.836499
22.845819
22.855215
22.864688
22.874236
22.883862
22.893566
22.903349
22.913210
22.923152
22.933173
22.943276
22.953460
22.963726
22.974075
22.984507
22.995023
23.005624
23.016309
23.027081
23.037938
23.048882
23.059913
23.071032
23.082239
23.093535
23.104920
23.116396
23.127961
23.139618
23.151366
23.163205
23.175138
23.187163
23.199281
23.211493
23.223799
23.236199
23.248695
23.261285
23.273972
23.286755
23.299634
23.312610
23.325684
23.338854
23.352123
23.365490
23.378955
23.392519
23.406181
23.419943
23.433805
23.447765
23.461826
23.475986
23.490247
23.504608
23.519068
23.533630
23.548291
23.563054
23.577916
23.592880
23.607943
23.623107
23.638372
23.653737
23.669202
23.684767
23.700431
23.716196
23.732060
23.748023
23.764085
23.780246
23.796505
23.812863
23.829317
23.845870
23.862518
23.879264
23.896105
23.913041
23.930072
23.947198
23.964417
23.981729
23.999133
24.016629
24.034216
24.051892
24.069658
24.087513
24.105455
24.123484
24.141599
24.159798
24.178082
24.196448
24.214896
24.233425
24.252033
24.270720
24.289483
24.308324
24.327238
24.346227
24.365287
24.384419
24.403620
24.422889
24.442225
24.461626
24.481091
24.500618
24.520206
24.539853
24.559557
24.579318
24.599132
24.619000
24.638918
24.658885
24.678900
24.698961
24.719065
24.739211
24.759398
24.779623
24.799884
24.820181
24.840509
24.860869
24.881257
24.901672
24.922112
24.942575
24.963059
24.983562
25.004082
25.024616
25.045163
25.065722
25.086288
25.106862
25.127440
25.148021
25.168603
25.189182
25.209759
25.230329
25.250892
25.271445
25.291987
25.312514
25.333026
25.353520
25.373994
25.394446
25.414874
25.435276
25.455650
25.475995
25.496308
25.516587
25.536831
25.557037
25.577204
25.597329
25.617412
25.637450
25.657441
25.677383
25.697276
25.717117
25.736904
25.756636
25.776311
25.795928
25.815485
25.834980
25.854412
25.873779
25.893080
25.912313
25.931478
25.950572
25.969594
25.988543
26.007418
26.026217
26.044939
26.063584
26.082149
26.100633
26.119036
26.137357
26.155594
26.173746
26.191813
26.209794
26.227687
26.245491
26.263207
26.280832
26.298367
26.315811
26.333162
26.350420
26.367585
26.384656
26.401632
26.418512
26.435297
26.451986
26.468578
26.485072
26.501469
26.517768
26.533969
26.550071
26.566073
26.581977
26.597781
26.613486
26.629090
26.644595
26.659999
26.675304
26.690507
26.705611
26.720613
26.735516
26.750317
26.765019
26.779620
26.794120
26.808520
26.822821
26.837021
26.851121
26.865122
26.879023
26.892825
26.906528
26.920132
26.933637
26.947045
26.960354
26.973566
26.986680
26.999697
27.012618
27.025442
27.038171
27.050804
27.063342
27.075785
27.088135
27.100390
27.112552
27.124621
27.136598
27.148483
27.160276
27.171978
27.183590
27.195113
27.206546
27.217890
27.229145
27.240313
27.251394
27.262389
27.273297
27.284120
27.294858
27.305512
27.316082
27.326569
27.336973
27.347296
27.357538
27.367698
27.377779
27.387781
27.397703
27.407548
27.417315
27.427005
27.436619
27.446158
27.455621
27.465010
27.474326
27.483569
27.492739
27.501837
27.510865
27.519822
27.528709
27.537527
27.546277
27.554959
27.563574
27.572123
27.580605
27.589023
27.597376
27.605665
27.613891
27.622054
27.630155
27.638196
27.646175
27.654095
27.661955
27.669757
27.677501
27.685187
27.692817
27.700390
27.707908
27.715372
27.722781
27.730136
27.737439
27.744690
27.751888
27.759036
27.766134
27.773182
27.780180
27.787130
27.794033
27.800888
27.807696
27.814458
27.821175
27.827847
27.834475
27.841060
27.847601
27.854100
27.860557
27.866973
27.873348
27.879684
27.885980
27.892237
27.898456
27.904637
27.910781
27.916889
27.922961
27.928997
27.934999
27.940966
27.946900
27.952801
27.958669
27.964506
27.970311
27.976085
27.981830
27.987544
27.993229
27.998886
28.004515
28.010116
28.015691
28.021239
28.026761
28.032258
28.037730
28.043178
28.048602
28.054003
28.059381
28.064738
28.070073
28.075387
28.080680
28.085953
28.091207
28.096443
28.101659
28.106858
28.112040
28.117204
28.122352
28.127485
28.132602
28.137705
28.142793
28.147867
28.152928
28.157977
28.163013
28.168037
28.173051
28.178053
28.183045
28.188028
28.193001
28.197966
28.202923
28.207871
28.212813
28.217748
28.222676
28.227599
28.232517
28.237430
28.242339
28.247244
28.252146
28.257045
28.261942
28.266837
28.271731
28.276624
28.281517
28.286410
28.291303
28.296198
28.301095
28.305994
28.310896
28.315801
28.320709
28.325622
28.330539
28.335462
28.340390
28.345324
28.350266
28.355214
28.360170
28.365134
28.370106
28.375088
28.380080
28.385082
28.390094
28.395118
28.400153
28.405200
28.410260
28.415333
28.420420
28.425521
28.430637
28.435768
28.440915
28.446078
28.451258
28.456455
28.461669
28.466902
28.472154
28.477425
28.482716
28.488028
28.493360
28.498714
28.504089
28.509488
28.514909
28.520353
28.525822
28.531315
28.536834
28.542378
28.547948
28.553545
28.559170
28.564822
28.570502
28.576212
28.581951
28.587720
28.593519
28.599350
28.605213
28.611107
28.617035
28.622995
28.628990
28.635019
28.641084
28.647184
28.653320
28.659493
28.665703
28.671951
28.678238
28.684564
28.690929
28.697335
28.703781
28.710269
28.716800
28.723372
28.729988
28.736648
28.743352
28.750101
28.756896
28.763737
28.770625
28.777561
28.784544
28.791576
28.798658
28.805789
28.812971
28.820204
28.827489
28.834826
28.842216
28.849660
28.857158
28.864711
28.872320
28.879985
28.887707
28.895486
28.903323
28.911219
28.919174
28.927189
28.935265
28.943402
28.951602
28.959863
28.968188
28.976577
28.985030
28.993549
29.002133
29.010784
29.019502
29.028288
29.037142
29.046065
29.055057
29.064121
29.073255
29.082460
29.091738
29.101089
29.110514
29.120013
29.129586
29.139235
29.148960
29.158762
29.168641
29.178598
29.188634
29.198749
29.208944
29.219219
29.229575
29.240014
29.250534
29.261137
29.271824
29.282595
29.293450
29.304391
29.315418
29.326531
29.337730
29.349018
29.360393
29.371857
29.383410
29.395053
29.406786
29.418610
29.430525
29.442531
29.454630
29.466821
29.479106
29.491484
29.503956
29.516523
29.529184
29.541941
29.554793
29.567741
29.580786
29.593928
29.607167
29.620503
29.633937
29.647469
29.661099
29.674828
29.688656
29.702583
29.716610
29.730736
29.744962
29.759287
29.773713
29.788239
29.802865
29.817592
29.832419
29.847346
29.862374
29.877502
29.892731
29.908061
29.923490
29.939020
29.954650
29.970380
29.986210
30.002140
30.018169
30.034297
30.050524
30.066850
30.083274
30.099796
30.116416
30.133132
30.149946
30.166855
30.183861
30.200961
30.218156
30.235446
30.252828
30.270303
30.287871
30.305530
30.323279
30.341118
30.359047
30.377063
30.395167
30.413357
30.431633
30.449993
30.468436
30.486962
30.505570
30.524257
30.543024
30.561869
30.580790
30.599787
30.618858
30.638003
30.657219
30.676505
30.695860
30.715282
30.734771
30.754324
30.773940
30.793618
30.813355
30.833151
30.853004
30.872911
30.892872
30.912885
30.932948
30.953059
30.973217
30.993419
31.013664
31.033950
31.054275
31.074638
31.095036
31.115467
31.135930
31.156423
31.176943
31.197489
31.218058
31.238649
31.259260
31.279889
31.300533
31.321191
31.341860
31.362538
31.383224
31.403916
31.424610
31.445306
31.466001
31.486693
31.507380
31.528060
31.548731
31.569391
31.590037
31.610668
31.631282
31.651877
31.672450
31.692999
31.713524
31.734021
31.754488
31.774925
31.795328
31.815696
31.836027
31.856319
31.876570
31.896778
31.916942
31.937060
31.957130
31.977150
31.997118
32.017033
32.036893
32.056697
32.076442
32.096128
32.115752
32.135313
32.154809
32.174240
32.193603
32.212897
32.232121
32.251274
32.270353
32.289358
32.308288
32.327141
32.345916
32.364611
32.383227
32.401761
32.420212
32.438580
32.456863
32.475061
32.493172
32.511196
32.529131
32.546978
32.564734
32.582400
32.599974
32.617456
32.634845
32.652140
32.669341
32.686448
32.703459
32.720374
32.737193
32.753916
32.770540
32.787068
32.803497
32.819827
32.836059
32.852192
32.868226
32.884160
32.899995
32.915729
32.931364
32.946898
32.962332
32.977665
32.992898
33.008031
33.023063
33.037994
33.052825
33.067556
33.082187
33.096717
33.111147
33.125477
33.139707
33.153838
33.167870
33.181802
33.195635
33.209369
33.223006
33.236544
33.249984
33.263326
33.276572
33.289721
33.302773
33.315729
33.328590
33.341355
33.354025
33.366601
33.379083
33.391472
33.403767
33.415970
33.428081
33.440100
33.452029
33.463866
33.475614
33.487272
33.498841
33.510322
33.521715
33.533021
33.544240
33.555373
33.566421
33.577383
33.588261
33.599056
33.609767
33.620396
33.630944
33.641409
33.651795
33.662100
33.672326
33.682473
33.692543
33.702535
33.712450
33.722289
33.732053
33.741741
33.751356
33.760898
33.770366
33.779763
33.789088
33.798342
33.807526
33.816641
33.825687
33.834665
33.843575
33.852419
33.861196
33.869909
33.878556
33.887140
33.895660
33.904118
33.912513
33.920847
33.929121
33.937334
33.945488
33.953584
33.961621
33.969602
33.977525
33.985393
33.993205
34.000963
34.008667
34.016317
34.023915
34.031460
34.038955
34.046399
34.053792
34.061137
34.068432
34.075680
34.082880
34.090033
34.097140
34.104202
34.111219
34.118191
34.125120
34.132006
34.138850
34.145652
34.152413
34.159134
34.165815
34.172456
34.179060
34.185625
34.192153
34.198644
34.205099
34.211519
34.217904
34.224254
34.230571
34.236855
34.243106
34.249326
34.255515
34.261672
34.267800
34.273898
34.279968
34.286009
34.292023
34.298009
34.303969
34.309903
34.315812
34.321696
34.327555
34.333392
34.339205
34.344995
34.350764
34.356512
34.362239
34.367945
34.373632
34.379300
34.384950
34.390581
34.396196
34.401793
34.407375
34.412940
34.418491
34.424027
34.429549
34.435057
34.440553
34.446036
34.451508
34.456968
34.462417
34.467857
34.473287
34.478708
34.484120
34.489524
34.494921
34.500311
34.505695
34.511073
34.516446
34.521814
34.527178
34.532538
34.537895
34.543250
34.548603
34.553954
34.559305
34.564655
34.570005
34.575356
34.580708
34.586062
34.591418
34.596778
34.602140
34.607507
34.612878
34.618254
34.623636
34.629024
34.634418
34.639820
34.645230
34.650648
34.656074
34.661510
34.666956
34.672413
34.677881
34.683360
34.688851
34.694355
34.699872
34.705403
34.710948
34.716508
34.722084
34.727675
34.733284
34.738909
34.744552
34.750213
34.755893
34.761592
34.767311
34.773051
34.778811
34.784593
34.790398
34.796225
34.802075
34.807950
34.813849
34.819772
34.825722
34.831697
34.837700
34.843729
34.849787
34.855873
34.861988
34.868133
34.874308
34.880514
34.886752
34.893021
34.899324
34.905659
34.912028
34.918432
34.924871
34.931345
34.937856
34.944404
34.950989
34.957612
34.964274
34.970975
34.977716
34.984498
34.991321
34.998185
35.005092
35.012043
35.019036
35.026075
35.033158
35.040287
35.047462
35.054683
35.061953
35.069270
35.076636
35.084052
35.091518
35.099034
35.106602
35.114222
35.121895
35.129621
35.137401
35.145235
35.153125
35.161071
35.169073
35.177133
35.185251
35.193427
35.201662
35.209958
35.218314
35.226731
35.235210
35.243752
35.252357
35.261026
35.269760
35.278558
35.287423
35.296355
35.305353
35.314420
35.323555
35.332759
35.342034
35.351379
35.360795
35.370283
35.379844
35.389477
35.399185
35.408968
35.418825
35.428759
35.438768
35.448855
35.459020
35.469264
35.479586
35.489988
35.500470
35.511034
35.521678
35.532405
35.543215
35.554109
35.565086
35.576148
35.587295
35.598528
35.609847
35.621253
35.632747
35.644329
35.655999
35.667759
35.679608
35.691548
35.703578
35.715699
35.727913
35.740218
35.752616
35.765108
35.777693
35.790372
35.803146
35.816015
35.828979
35.842039
35.855195
35.868447
35.881797
35.895244
35.908788
35.922430
35.936171
35.950010
35.963948
35.977984
35.992120
36.006356
36.020690
36.035125
36.049660
36.064295
36.079030
36.093866
36.108801
36.123838
36.138974
36.154212
36.169550
36.184988
36.200526
36.216165
36.231904
36.247744
36.263683
36.279722
36.295860
36.312098
36.328434
36.344870
36.361403
36.378035
36.394765
36.411591
36.428515
36.445535
36.462651
36.479862
36.497168
36.514568
36.532061
36.549648
36.567327
36.585097
36.602958
36.620909
36.638950
36.657078
36.675295
36.693597
36.711986
36.730458
36.749015
36.767654
36.786375
36.805176
36.824056
36.843015
36.862050
36.881161
36.900346
36.919605
36.938935
36.958336
36.977805
36.997343
37.016946
37.036614
37.056345
37.076138
37.095990
37.115901
37.135869
37.155892
37.175969
37.196097
37.216275
37.236501
37.256774
37.277091
37.297452
37.317853
37.338293
37.358771
37.379284
37.399830
37.420408
37.441015
37.461650
37.482310
37.502994
37.523699
37.544424
37.565166
37.585924
37.606695
37.627477
37.648269
37.669067
37.689871
37.710678
37.731486
37.752292
37.773096
37.793894
37.814684
37.835465
37.856235
37.876991
37.897731
37.918454
37.939157
37.959838
37.980496
38.001127
38.021731
38.042305
38.062848
38.083356
38.103829
38.124265
38.144661
38.165016
38.185328
38.205595
38.225815
38.245987
38.266108
38.286177
38.306193
38.326153
38.346056
38.365900
38.385684
38.405406
38.425065
38.444658
38.464185
38.483645
38.503034
38.522353
38.541600
38.560774
38.579873
38.598895
38.617841
38.636708
38.655495
38.674202
38.692826
38.711368
38.729826
38.748198
38.766485
38.784685
38.802797
38.820820
38.838754
38.856598
38.874350
38.892010
38.909578
38.927053
38.944434
38.961720
38.978911
38.996007
39.013007
39.029909
39.046715
39.063423
39.080034
39.096546
39.112959
39.129274
39.145490
39.161605
39.177622
39.193538
39.209355
39.225071
39.240687
39.256203
39.271618
39.286932
39.302147
39.317260
39.332274
39.347186
39.361999
39.376711
39.391323
39.405835
39.420248
39.434560
39.448774
39.462888
39.476903
39.490819
39.504637
39.518356
39.531978
39.545502
39.558930
39.572260
39.585494
39.598631
39.611673
39.624620
39.637472
39.650229
39.662893
39.675463
39.687940
39.700325
39.712617
39.724818
39.736928
39.748947
39.760877
39.772717
39.784468
39.796131
39.807706
39.819195
39.830596
39.841912
39.853142
39.864288
39.875349
39.886328
39.897223
39.908036
39.918767
39.929417
39.939987
39.950478
39.960889
39.971222
39.981477
39.991655
40.001757
40.011783
40.021735
40.031611
40.041415
40.051145
40.060803
40.070389
40.079904
40.089349
40.098725
40.108032
40.117270
40.126441
40.135546
40.144584
40.153557
40.162465
40.171309
40.180090
40.188808
40.197464
40.206060
40.214594
40.223069
40.231485
40.239842
40.248141
40.256384
40.264570
40.272700
40.280775
40.288796
40.296764
40.304678
40.312541
40.320351
40.328111
40.335821
40.343481
40.351093
40.358656
40.366172
40.373641
40.381064
40.388441
40.395773
40.403062
40.410307
40.417509
40.424669
40.431788
40.438866
40.445904
40.452902
40.459861
40.466782
40.473666
40.480513
40.487323
40.494098
40.500838
40.507544
40.514216
40.520855
40.527462
40.534037
40.540581
40.547094
40.553577
40.560032
40.566457
40.572855
40.579225
40.585569
40.591886
40.598178
40.604445
40.610688
40.616907
40.623103
40.629277
40.635429
40.641560
40.647670
40.653760
40.659831
40.665883
40.671917
40.677934
40.683933
40.689916
40.695883
40.701835
40.707773
40.713696
40.719606
40.725504
40.731389
40.737262
40.743125
40.748977
40.754819
40.760652
40.766476
40.772292
40.778101
40.783903
40.789699
40.795488
40.801273
40.807053
40.812829
40.818602
40.824372
40.830139
40.835905
40.841670
40.847435
40.853199
40.858964
40.864731
40.870499
40.876270
40.882044
40.887821
40.893603
40.899389
40.905180
40.910978
40.916782
40.922593
40.928412
40.934239
40.940075
40.945920
40.951776
40.957642
40.963519
40.969408
40.975309
40.981223
40.987151
40.993093
40.999050
41.005022
41.011010
41.017015
41.023036
41.029076
41.035133
41.041210
41.047306
41.053422
41.059559
41.065717
41.071898
41.078100
41.084326
41.090576
41.096850
41.103149
41.109473
41.115824
41.122201
41.128606
41.135039
41.141501
41.147992
41.154513
41.161064
41.167647
41.174261
41.180908
41.187588
41.194302
41.201050
41.207833
41.214651
41.221506
41.228398
41.235327
41.242294
41.249300
41.256346
41.263432
41.270558
41.277726
41.284936
41.292189
41.299485
41.306825
41.314210
41.321640
41.329116
41.336639
41.344210
41.351828
41.359495
41.367211
41.374978
41.382795
41.390664
41.398584
41.406558
41.414585
41.422666
41.430802
41.438993
41.447240
41.455544
41.463906
41.472326
41.480805
41.489343
41.497942
41.506602
41.515323
41.524107
41.532954
41.541864
41.550839
41.559879
41.568984
41.578156
41.587395
41.596702
41.606078
41.615523
41.625037
41.634623
41.644279
41.654007
41.663808
41.673683
41.683631
41.693654
41.703752
41.713926
41.724176
41.734504
41.744910
41.755394
41.765958
41.776602
41.787326
41.798131
41.809018
41.819987
41.831040
41.842176
41.853396
41.864701
41.876092
41.887569
41.899132
41.910783
41.922521
41.934348
41.946264
41.958269
41.970365
41.982551
41.994828
42.007196
42.019657
42.032210
42.044856
42.057596
42.070430
42.083358
42.096381
42.109499
42.122713
42.136023
42.149430
42.162934
42.176534
42.190232
42.204028
42.217923
42.231915
42.246007
42.260197
42.274487
42.288876
42.303364
42.317953
42.332641
42.347429
42.362318
42.377307
42.392397
42.407587
42.422877
42.438268
42.453759
42.469351
42.485043
42.500836
42.516728
42.532721
42.548814
42.565006
42.581298
42.597689
42.614179
42.630768
42.647455
42.664240
42.681123
42.698103
42.715179
42.732352
42.749621
42.766985
42.784443
42.801996
42.819642
42.837380
42.855211
42.873133
42.891146
42.909248
42.927440
42.945719
42.964086
42.982539
43.001077
43.019700
43.038406
43.057194
43.076063
43.095013
43.114041
43.133147
43.152329
43.171587
43.190918
43.210323
43.229798
43.249343
43.268957
43.288637
43.308383
43.328193
43.348066
43.368000
43.387992
43.408043
43.428149
43.448310
43.468524
43.488788
43.509102
43.529463
43.549870
43.570320
43.590813
43.611345
43.631916
43.652523
43.673164
43.693838
43.714542
43.735274
43.756033
43.776816
43.797622
43.818449
43.839293
43.860154
43.881029
43.901917
43.922814
43.943720
43.964631
43.985546
44.006463
44.027380
44.048295
44.069204
44.090108
44.111002
44.131886
44.152757
44.173613
44.194452
44.215272
44.236071
44.256847
44.277598
44.298322
44.319016
44.339680
44.360310
44.380906
44.401464
44.421984
44.442463
44.462899
44.483291
44.503637
44.523935
44.544182
44.564379
44.584521
44.604609
44.624641
44.644613
44.664526
44.684378
44.704166
44.723889
44.743547
44.763136
44.782657
44.802107
44.821486
44.840791
44.860021
44.879176
44.898254
44.917253
44.936173
44.955012
44.973770
44.992444
45.011035
45.029541
45.047961
45.066295
45.084540
45.102697
45.120765
45.138742
45.156628
45.174422
45.192124
45.209732
45.227247
45.244667
45.261993
45.279222
45.296356
45.313392
45.330332
45.347174
45.363919
45.380565
45.397112
45.413560
45.429910
45.446160
45.462310
45.478360
45.494310
45.510160
45.525910
45.541559
45.557108
45.572557
45.587905
45.603152
45.618299
45.633346
45.648292
45.663138
45.677884
45.692530
45.707076
45.721523
45.735870
45.750118
45.764267
45.778318
45.792270
45.806124
45.819881
45.833539
45.847101
45.860566
45.873935
45.887208
45.900385
45.913468
45.926455
45.939349
45.952148
45.964855
45.977468
45.989989
46.002419
46.014757
46.027005
46.039162
46.051230
46.063209
46.075099
46.086901
46.098616
46.110244
46.121786
46.133243
46.144614
46.155901
46.167105
46.178226
46.189264
46.200220
46.211096
46.221891
46.232606
46.243242
46.253800
46.264280
46.274683
46.285009
46.295260
46.305436
46.315538
46.325565
46.335520
46.345403
46.355214
46.364955
46.374625
46.384226
46.393758
46.403222
46.412619
46.421949
46.431214
46.440413
46.449548
46.458619
46.467627
46.476573
46.485457
46.494281
46.503044
46.511748
46.520393
46.528980
46.537510
46.545983
46.554401
46.562763
46.571071
46.579326
46.587527
46.595676
46.603773
46.611820
46.619816
46.627763
46.635661
46.643511
46.651314
46.659070
46.666781
46.674445
46.682066
46.689642
46.697176
46.704666
46.712116
46.719523
46.726891
46.734219
46.741508
46.748758
46.755971
46.763147
46.770286
46.777390
46.784459
46.791493
46.798494
46.805462
46.812398
46.819302
46.826175
46.833018
46.839831
46.846615
46.853371
46.860100
46.866801
46.873476
46.880125
46.886750
46.893350
46.899926
46.906479
46.913010
46.919519
46.926006
46.932474
46.938921
46.945349
46.951759
46.958151
46.964525
46.970883
46.977224
46.983551
46.989862
46.996160
47.002444
47.008715
47.014973
47.021221
47.027457
47.033683
47.039899
47.046106
47.052305
47.058495
47.064679
47.070856
47.077027
47.083192
47.089353
47.095510
47.101663
47.107813
47.113962
47.120108
47.126254
47.132399
47.138544
47.144690
47.150838
47.156988
47.163140
47.169296
47.175456
47.181621
47.187790
47.193966
47.200148
47.206337
47.212533
47.218738
47.224952
47.231176
47.237409
47.243654
47.249910
47.256178
47.262459
47.268753
47.275061
47.281383
47.287721
47.294074
47.300445
47.306832
47.313237
47.319660
47.326102
47.332564
47.339046
47.345550
47.352074
47.358621
47.365191
47.371784
47.378402
47.385044
47.391712
47.398405
47.405126
47.411873
47.418649
47.425454
47.432288
47.439151
47.446046
47.452972
47.459929
47.466920
47.473943
47.481001
47.488093
47.495221
47.502384
47.509585
47.516822
47.524098
47.531412
47.538765
47.546159
47.553593
47.561068
47.568586
47.576146
47.583750
47.591398
47.599091
47.606829
47.614613
47.622445
47.630324
47.638251
47.646227
47.654252
47.662329
47.670456
47.678635
47.686866
47.695151
47.703489
47.711882
47.720330
47.728834
47.737395
47.746014
47.754690
47.763425
47.772220
47.781075
47.789991
47.798968
47.808008
47.817111
47.826278
47.835509
47.844805
47.854167
47.863596
47.873092
47.882656
47.892289
47.901991
47.911764
47.921607
47.931521
47.941508
47.951568
47.961701
47.971908
47.982191
47.992549
48.002983
48.013494
48.024083
48.034751
48.045497
48.056323
48.067229
48.078216
48.089285
48.100436
48.111670
48.122987
48.134388
48.145875
48.157446
48.169104
48.180848
48.192679
48.204598
48.216605
48.228702
48.240887
48.253163
48.265529
48.277986
48.290535
48.303176
48.315909
48.328736
48.341656
48.354670
48.367779
48.380982
48.394281
48.407676
48.421166
48.434753
48.448438
48.462219
48.476098
48.490075
48.504150
48.518323
48.532596
48.546967
48.561438
48.576008
48.590678
48.605447
48.620317
48.635287
48.650357
48.665527
48.680798
48.696169
48.711641
48.727213
48.742886
48.758659
48.774533
48.790507
48.806581
48.822755
48.839028
48.855402
48.871875
48.888446
48.905117
48.921886
48.938754
48.955719
48.972782
48.989941
49.007198
49.024550
49.041997
49.059540
49.077177
49.094907
49.112731
49.130647
49.148655
49.166753
49.184942
49.203220
49.221587
49.240041
49.258581
49.277208
49.295919
49.314714
49.333591
49.352550
49.371590
49.390709
49.409905
49.429179
49.448529
49.467952
49.487449
49.507017
49.526656
49.546364
49.566139
49.585979
49.605885
49.625853
49.645883
49.665972
49.686120
49.706324
49.726582
49.746894
49.767257
49.787670
49.808131
49.828638
49.849188
49.869782
49.890415
49.911087
49.931796
49.952540
49.973316
49.994123
50.014959
50.035822
50.056709
50.077619
50.098550
50.119500
50.140466
50.161447
50.182440
50.203444
50.224456
50.245474
50.266497
50.287521
50.308545
50.329567
50.350585
50.371596
50.392599
50.413591
50.434570
50.455535
50.476483
50.497412
50.518320
50.539205
50.560065
50.580898
50.601702
50.622475
50.643215
50.663920
50.684588
50.705218
50.725806
50.746352
50.766854
50.787309
50.807716
50.828073
50.848379
50.868631
50.888829
50.908969
50.929051
50.949073
50.969033
50.988930
51.008762
51.028528
51.048227
51.067856
51.087414
51.106900
51.126313
51.145652
51.164914
51.184099
51.203206
51.222233
51.241179
51.260043
51.278825
51.297522
51.316134
51.334661
51.353100
51.371451
51.389714
51.407887
51.425969
51.443960
51.461860
51.479666
51.497379
51.514999
51.532523
51.549952
51.567286
51.584523
51.601664
51.618707
51.635653
51.652501
51.669250
51.685901
51.702452
51.718904
51.735257
51.751510
51.767663
51.783716
51.799669
51.815521
51.831273
51.846925
51.862476
51.877926
51.893276
51.908526
51.923675
51.938724
51.953673
51.968522
51.983271
51.997920
52.012470
52.026920
52.041271
52.055524
52.069678
52.083734
52.097692
52.111553
52.125316
52.138983
52.152553
52.166027
52.179405
52.192688
52.205876
52.218970
52.231970
52.244876
52.257690
52.270411
52.283041
52.295579
52.308026
52.320383
52.332650
52.344828
52.356917
52.368919
52.380833
52.392660
52.404401
52.416056
52.427627
52.439113
52.450516
52.461835
52.473072
52.484228
52.495302
52.506296
52.517210
52.528046
52.538803
52.549482
52.560084
52.570610
52.581061
52.591437
52.601738
52.611966
52.622122
52.632205
52.642217
52.652159
52.662031
52.671833
52.681567
52.691234
52.700834
52.710367
52.719835
52.729238
52.738577
52.747853
52.757067
52.766218
52.775309
52.784339
52.793310
52.802221
52.811075
52.819871
52.828611
52.837295
52.845923
52.854497
52.863017
52.871485
52.879900
52.888263
52.896576
52.904839
52.913053
52.921217
52.929334
52.937404
52.945428
52.953405
52.961338
52.969227
52.977072
52.984874
52.992634
53.000353
53.008031
53.015669
53.023268
53.030829
53.038351
53.045837
53.053286
53.060699
53.068078
53.075422
53.082732
53.090010
53.097256
53.104470
53.111653
53.118806
53.125930
53.133025
53.140092
53.147132
53.154145
53.161132
53.168094
53.175031
53.181944
53.188834
53.195702
53.202548
53.209372
53.216176
53.222960
53.229725
53.236472
53.243200
53.249912
53.256607
53.263286
53.269950
53.276600
53.283236
53.289859
53.296469
53.303067
53.309654
53.316231
53.322798
53.329356
53.335905
53.342447
53.348981
53.355509
53.362031
53.368547
53.375059
53.381568
53.388073
53.394575
53.401075
53.407575
53.414073
53.420572
53.427071
53.433572
53.440075
53.446580
53.453089
53.459602
53.466119
53.472642
53.479171
53.485706
53.492249
53.498799
53.505358
53.511926
53.518505
53.525094
53.531694
53.538306
53.544930
53.551568
53.558219
53.564886
53.571567
53.578264
53.584978
53.591709
53.598458
53.605225
53.612012
53.618818
53.625645
53.632493
53.639364
53.646256
53.653172
53.660112
53.667077
53.674066
53.681082
53.688125
53.695194
53.702292
53.709418
53.716574
53.723760
53.730977
53.738225
53.745505
53.752818
53.760165
53.767546
53.774961
53.782413
53.789900
53.797425
53.804987
53.812588
53.820228
53.827908
53.835628
53.843389
53.851193
53.859039
53.866929
53.874862
53.882841
53.890865
53.898935
53.907052
53.915217
53.923430
53.931692
53.940004
53.948367
53.956781
53.965247
53.973766
53.982338
53.990964
53.999645
54.008382
54.017176
54.026026
54.034934
