1.990000
1.989801
1.989403
1.988806
1.988011
1.987018
1.985827
1.984440
1.982855
1.981075
1.979101
1.976932
1.974571
1.972018
1.969275
1.966342
1.963222
1.959916
1.956425
1.952750
1.948895
1.944860
1.940647
1.936259
1.931697
1.926963
1.922061
1.916991
1.911756
1.906359
1.900801
1.895086
1.889216
1.883193
1.877021
1.870701
1.864237
1.857631
1.850886
1.844005
1.836991
1.829846
1.822574
1.815177
1.807658
1.800021
1.792268
1.784403
1.776428
1.768346
1.760161
1.751875
1.743492
1.735014
1.726445
1.717788
1.709045
1.700220
1.691316
1.682335
1.673282
1.664157
1.654966
1.645710
1.636392
1.627016
1.617583
1.608098
1.598563
1.588980
1.579353
1.569684
1.559976
1.550231
1.540452
1.530641
1.520802
1.510937
1.501048
1.491137
1.481208
1.471261
1.461301
1.451328
1.441346
1.431356
1.421361
1.411362
1.401362
1.391363
1.381367
1.371375
1.361390
1.351413
1.341447
1.331492
1.321552
1.311627
1.301719
1.291829
1.281960
1.272113
1.262289
1.252490
1.242716
1.232971
1.223254
1.213567
1.203911
1.194288
1.184699
1.175144
1.165625
1.156143
1.146699
1.137294
1.127929
1.118605
1.109322
1.100081
1.090884
1.081731
1.072623
1.063560
1.054544
1.045574
1.036652
1.027778
1.018952
1.010176
1.001449
0.992773
0.984147
0.975572
0.967048
0.958577
0.950157
0.941790
0.933476
0.925215
0.917008
0.908854
0.900753
0.892707
0.884715
0.876778
0.868895
0.861067
0.853294
0.845575
0.837912
0.830303
0.822750
0.815252
0.807809
0.800421
0.793088
0.785810
0.778588
0.771420
0.764308
0.757250
0.750247
0.743299
0.736406
0.729567
0.722782
0.716052
0.709376
0.702753
0.696185
0.689670
0.683209
0.676800
0.670445
0.664143
0.657894
0.651697
0.645552
0.639459
0.633418
0.627428
0.621490
0.615603
0.609766
0.603981
0.598245
0.592560
0.586924
0.581338
0.575801
0.570313
0.564873
0.559482
0.554140
0.548845
0.543597
0.538397
0.533243
0.528137
0.523076
0.518062
0.513094
0.508171
0.503293
0.498459
0.493671
0.488927
0.484226
0.479569
0.474956
0.470385
0.465858
0.461372
0.456929
0.452528
0.448168
0.443849
0.439571
0.435333
0.431136
0.426979
0.422861
0.418782
0.414743
0.410742
0.406780
0.402856
0.398970
0.395121
0.391309
0.387535
0.383797
0.380095
0.376429
0.372799
0.369205
0.365645
0.362121
0.358631
0.355175
0.351754
0.348366
0.345011
0.341690
0.338402
0.335146
0.331922
0.328731
0.325571
0.322443
0.319346
0.316280
0.313245
0.310240
0.307265
0.304321
0.301406
0.298520
0.295664
0.292836
0.290037
0.287267
0.284524
0.281810
0.279123
0.276464
0.273832
0.271227
0.268648
0.266096
0.263570
0.261071
0.258597
0.256148
0.253725
0.251327
0.248954
0.246606
0.244282
0.241982
0.239706
0.237454
0.235226
0.233021
0.230839
0.228680
0.226544
0.224431
0.222339
0.220271
0.218224
0.216198
0.214195
0.212213
0.210252
0.208312
0.206392
0.204494
0.202616
0.200758
0.198921
0.197103
0.195305
0.193527
0.191768
0.190028
0.188308
0.186606
0.184923
0.183259
0.181613
0.179985
0.178375
0.176784
0.175210
0.173654
0.172115
0.170593
0.169089
0.167602
0.166132
0.164678
0.163241
0.161821
0.160417
0.159029
0.157657
0.156301
0.154960
0.153636
0.152327
0.151033
0.149755
0.148491
0.147243
0.146010
0.144791
0.143587
0.142397
0.141222
0.140062
0.138915
0.137782
0.136664
0.135559
0.134468
0.133390
0.132326
0.131276
0.130238
0.129214
0.128203
0.127205
0.126220
0.125248
0.124288
0.123341
0.122406
0.121484
0.120574
0.119677
0.118791
0.117918
0.117056
0.116207
0.115369
0.114543
0.113728
0.112925
0.112133
0.111353
0.110584
0.109827
0.109080
0.108344
0.107620
0.106906
0.106204
0.105512
0.104830
0.104160
0.103500
0.102850
0.102211
0.101582
0.100964
0.100355
0.099757
0.099169
0.098591
0.098023
0.097466
0.096917
0.096379
0.095851
0.095332
0.094823
0.094324
0.093834
0.093353
0.092882
0.092421
0.091969
0.091526
0.091093
0.090668
0.090253
0.089847
0.089450
0.089063
0.088684
0.088314
0.087953
0.087602
0.087259
0.086924
0.086599
0.086283
0.085975
0.085676
0.085385
0.085103
0.084830
0.084566
0.084310
0.084062
0.083823
0.083593
0.083371
0.083157
0.082952
0.082756
0.082567
0.082387
0.082216
0.082052
0.081897
0.081750
0.081612
0.081482
0.081360
0.081246
0.081140
0.081043
0.080954
0.080873
0.080800
0.080736
0.080679
0.080631
0.080591
0.080559
0.080535
0.080519
0.080512
0.080512
0.080521
0.080538
0.080563
0.080596
0.080637
0.080686
0.080744
0.080810
0.080883
0.080965
0.081055
0.081154
0.081260
0.081375
0.081498
0.081629
0.081768
0.081916
0.082072
0.082236
0.082408
0.082589
0.082778
0.082976
0.083181
0.083396
0.083618
0.083849
0.084088
0.084336
0.084593
0.084858
0.085131
0.085413
0.085703
0.086003
0.086311
0.086627
0.086952
0.087286
0.087629
0.087981
0.088341
0.088710
0.089089
0.089476
0.089872
0.090277
0.090691
0.091115
0.091547
0.091989
0.092440
0.092900
0.093370
0.093849
0.094337
0.094835
0.095342
0.095859
0.096386
0.096922
0.097468
0.098024
0.098589
0.099165
0.099750
0.100345
0.100951
0.101566
0.102192
0.102828
0.103474
0.104131
0.104798
0.105475
0.106163
0.106862
0.107571
0.108292
0.109023
0.109765
0.110517
0.111281
0.112056
0.112843
0.113640
0.114449
0.115270
0.116102
0.116945
0.117800
0.118667
0.119546
0.120437
0.121340
0.122254
0.123181
0.124121
0.125073
0.126037
0.127014
0.128003
0.129005
0.130021
0.131049
0.132090
0.133144
0.134212
0.135293
0.136387
0.137495
0.138617
0.139752
0.140902
0.142065
0.143242
0.144434
0.145640
0.146861
0.148096
0.149346
0.150611
0.151891
0.153186
0.154496
0.155821
0.157162
0.158518
0.159891
0.161279
0.162683
0.164103
0.165539
0.166992
0.168461
0.169947
0.171450
0.172970
0.174507
0.176061
0.177633
0.179222
0.180829
0.182454
0.184096
0.185757
0.187437
0.189134
0.190851
0.192586
0.194340
0.196113
0.197906
0.199718
0.201550
0.203402
0.205273
0.207165
0.209077
0.211010
0.212963
0.214938
0.216933
0.218950
0.220988
0.223047
0.225129
0.227233
0.229359
0.231507
0.233678
0.235871
0.238088
0.240328
0.242591
0.244878
0.247189
0.249524
0.251883
0.254267
0.256675
0.259108
0.261567
0.264050
0.266560
0.269095
0.271656
0.274243
0.276857
0.279498
0.282165
0.284860
0.287582
0.290332
0.293110
0.295916
0.298750
0.301613
0.304505
0.307426
0.310377
0.313357
0.316367
0.319407
0.322477
0.325578
0.328711
0.331874
0.335069
0.338295
0.341554
0.344845
0.348168
0.351524
0.354914
0.358336
0.361793
0.365283
0.368808
0.372367
0.375960
0.379589
0.383253
0.386953
0.390689
0.394461
0.398269
0.402114
0.405997
0.409916
0.413874
0.417869
0.421903
0.425975
0.430086
0.434236
0.438426
0.442656
0.446925
0.451235
0.455586
0.459977
0.464410
0.468884
0.473401
0.477959
0.482560
0.487204
0.491890
0.496621
0.501395
0.506212
0.511075
0.515981
0.520933
0.525930
0.530972
0.536060
0.541194
0.546375
0.551602
0.556876
0.562197
0.567566
0.572983
0.578447
0.583960
0.589522
0.595132
0.600792
0.606501
0.612260
0.618068
0.623927
0.629836
0.635796
0.641807
0.647869
0.653982
0.660147
0.666364
0.672633
0.678954
0.685327
0.691753
0.698232
0.704764
0.711349
0.717988
0.724680
0.731425
0.738225
0.745078
0.751985
0.758947
0.765962
0.773032
0.780157
0.787336
0.794569
0.801857
0.809200
0.816598
0.824050
0.831556
0.839118
0.846734
0.854404
0.862129
0.869908
0.877742
0.885630
0.893572
0.901568
0.909618
0.917721
0.925878
0.934088
0.942350
0.950666
0.959034
0.967453
0.975925
0.984448
0.993022
1.001647
1.010321
1.019046
1.027820
1.036643
1.045514
1.054432
1.063398
1.072410
1.081469
1.090572
1.099720
1.108912
1.118147
1.127424
1.136742
1.146101
1.155500
1.164938
1.174413
1.183926
1.193474
1.203056
1.212673
1.222322
1.232002
1.241712
1.251452
1.261218
1.271011
1.280829
1.290671
1.300534
1.310418
1.320321
1.330242
1.340178
1.350129
1.360092
1.370065
1.380048
1.390038
1.400033
1.410031
1.420031
1.430031
1.440027
1.450019
1.460005
1.469981
1.479946
1.489898
1.499834
1.509752
1.519650
1.529525
1.539375
1.549197
1.558989
1.568748
1.578472
1.588158
1.597804
1.607406
1.616962
1.626469
1.635925
1.645326
1.654670
1.663954
1.673175
1.682331
1.691417
1.700432
1.709372
1.718234
1.727016
1.735714
1.744325
1.752847
1.761276
1.769609
1.777843
1.785975
1.794002
1.801921
1.809729
1.817423
1.825000
1.832457
1.839791
1.846999
1.854078
1.861025
1.867837
1.874512
1.881047
1.887438
1.893683
1.899779
1.905725
1.911516
1.917151
1.922626
1.927940
1.933090
1.938074
1.942889
1.947533
1.952005
1.956301
1.960420
1.964360
1.968119
1.971695
1.975086
1.978291
1.981309
1.984137
1.986775
1.989221
1.991473
1.993532
1.995395
1.997062
1.998532
1.999804
2.000877
2.001751
2.002426
2.002901
2.003176
2.003251
2.003126
2.002800
2.002274
2.001548
2.000623
1.999498
1.998175
1.996654
1.994936
1.993021
1.990911
1.988607
1.986109
1.983419
1.980539
1.977469
1.974211
1.970767
1.967138
1.963326
1.959333
1.955160
1.950810
1.946285
1.941587
1.936718
1.931680
1.926475
1.921107
1.915576
1.909887
1.904041
1.898041
1.891889
1.885589
1.879143
1.872554
1.865824
1.858957
1.851955
1.844822
1.837560
1.830172
1.822661
1.815031
1.807283
1.799422
1.791451
1.783372
1.775188
1.766903
1.758520
1.750041
1.741470
1.732810
1.724065
1.715236
1.706328
1.697342
1.688283
1.679153
1.669955
1.660693
1.651369
1.641985
1.632546
1.623054
1.613511
1.603921
1.594287
1.584610
1.574895
1.565142
1.555357
1.545540
1.535694
1.525823
1.515928
1.506012
1.496077
1.486127
1.476162
1.466186
1.456201
1.446209
1.436212
1.426213
1.416213
1.406215
1.396220
1.386231
1.376249
1.366277
1.356316
1.346368
1.336435
1.326518
1.316620
1.306741
1.296884
1.287050
1.277240
1.267457
1.257700
1.247973
1.238275
1.228610
1.218976
1.209377
1.199813
1.190284
1.180794
1.171342
1.161929
1.152556
1.143226
1.133937
1.124692
1.115491
1.106334
1.097224
1.088160
1.079143
1.070174
1.061254
1.052383
1.043562
1.034792
1.026072
1.017404
1.008787
1.000224
0.991713
0.983256
0.974852
0.966502
0.958207
0.949967
0.941782
0.933652
0.925578
0.917560
0.909598
0.901692
0.893842
0.886050
0.878314
0.870635
0.863013
0.855448
0.847940
0.840490
0.833097
0.825761
0.818482
0.811261
0.804098
0.796991
0.789942
0.782950
0.776015
0.769138
0.762317
0.755554
0.748847
0.742197
0.735604
0.729067
0.722586
0.716162
0.709793
0.703481
0.697224
0.691023
0.684877
0.678786
0.672750
0.666769
0.660843
0.654970
0.649152
0.643388
0.637678
0.632020
0.626416
0.620865
0.615367
0.609921
0.604528
0.599186
0.593896
0.588657
0.583470
0.578333
0.573247
0.568211
0.563226
0.558290
0.553404
0.548567
0.543779
0.539039
0.534348
0.529706
0.525111
0.520563
0.516063
0.511610
0.507204
0.502844
0.498530
0.494262
0.490039
0.485862
0.481730
0.477643
0.473600
0.469601
0.465646
0.461734
0.457866
0.454041
0.450259
0.446519
0.442822
0.439166
0.435552
0.431979
0.428448
0.424957
0.421507
0.418097
0.414727
0.411397
0.408107
0.404856
0.401643
0.398470
0.395335
0.392238
0.389179
0.386158
0.383175
0.380229
0.377319
0.374447
0.371611
0.368811
0.366047
0.363319
0.360627
0.357970
0.355348
0.352761
0.350209
0.347691
0.345208
0.342758
0.340343
0.337961
0.335612
0.333296
0.331014
0.328764
0.326547
0.324362
0.322210
0.320089
0.318000
0.315943
0.313918
0.311923
0.309960
0.308027
0.306126
0.304255
0.302414
0.300603
0.298823
0.297072
0.295351
0.293660
0.291998
0.290365
0.288761
0.287187
0.285641
0.284124
0.282635
0.281175
0.279743
0.278339
0.276963
0.275615
0.274295
0.273002
0.271737
0.270499
0.269288
0.268104
0.266948
0.265818
0.264715
0.263639
0.262590
0.261567
0.260570
0.259600
0.258655
0.257737
0.256845
0.255979
0.255139
0.254324
0.253535
0.252772
0.252034
0.251322
0.250635
0.249974
0.249337
0.248726
0.248140
0.247580
0.247044
0.246533
0.246047
0.245586
0.245150
0.244738
0.244352
0.243990
0.243652
0.243340
0.243052
0.242788
0.242549
0.242335
0.242145
0.241979
0.241838
0.241721
0.241629
0.241561
0.241518
0.241499
0.241505
0.241534
0.241589
0.241667
0.241770
0.241898
0.242049
0.242226
0.242426
0.242652
0.242901
0.243175
0.243474
0.243797
0.244145
0.244518
0.244915
0.245336
0.245783
0.246254
0.246750
0.247271
0.247817
0.248387
0.248983
0.249604
0.250249
0.250920
0.251617
0.252338
0.253085
0.253857
0.254655
0.255478
0.256327
0.257201
0.258102
0.259028
0.259980
0.260958
0.261963
0.262993
0.264050
0.265134
0.266243
0.267380
0.268543
0.269733
0.270950
0.272194
0.273465
0.274763
0.276089
0.277442
0.278823
0.280232
0.281668
0.283133
0.284625
0.286146
0.287695
0.289273
0.290880
0.292515
0.294179
0.295873
0.297595
0.299348
0.301129
0.302941
0.304782
0.306654
0.308555
0.310487
0.312450
0.314443
0.316468
0.318523
0.320610
0.322728
0.324878
0.327059
0.329273
0.331518
0.333797
0.336107
0.338451
0.340827
0.343237
0.345680
0.348157
0.350667
0.353212
0.355791
0.358404
0.361052
0.363734
0.366452
0.369205
0.371994
0.374819
0.377679
0.380576
0.383509
0.386479
0.389486
0.392530
0.395612
0.398731
0.401888
0.405084
0.408317
0.411590
0.414901
0.418252
0.421642
0.425072
0.428541
0.432051
0.435602
0.439193
0.442825
0.446499
0.450214
0.453971
0.457769
0.461611
0.465495
0.469421
0.473391
0.477405
0.481462
0.485563
0.489709
0.493899
0.498134
0.502414
0.506739
0.511110
0.515527
0.519990
0.524500
0.529057
0.533660
0.538311
0.543010
0.547756
0.552551
0.557394
0.562286
0.567227
0.572217
0.577257
0.582346
0.587486
0.592675
0.597916
0.603207
0.608549
0.613943
0.619389
0.624886
0.630435
0.636037
0.641691
0.647398
0.653158
0.658972
0.664839
0.670759
0.676734
0.682763
0.688846
0.694983
0.701176
0.707423
0.713725
0.720083
0.726496
0.732964
0.739489
0.746069
0.752705
0.759397
0.766146
0.772950
0.779812
0.786729
0.793704
0.800735
0.807822
0.814967
0.822168
0.829426
0.836741
0.844112
0.851540
0.859025
0.866567
0.874165
0.881820
0.889531
0.897299
0.905122
0.913002
0.920937
0.928929
0.936975
0.945077
0.953234
0.961446
0.969712
0.978032
0.986406
0.994833
1.003314
1.011847
1.020433
1.029070
1.037759
1.046498
1.055288
1.064128
1.073017
1.081954
1.090940
1.099972
1.109052
1.118177
1.127347
1.136562
1.145820
1.155121
1.164463
1.173846
1.183270
1.192732
1.202232
1.211769
1.221341
1.230948
1.240589
1.250261
1.259965
1.269698
1.279460
1.289248
1.299062
1.308900
1.318761
1.328642
1.338543
1.348462
1.358398
1.368347
1.378310
1.388283
1.398266
1.408255
1.418250
1.428249
1.438249
1.448248
1.458245
1.468236
1.478221
1.488196
1.498160
1.508110
1.518044
1.527960
1.537854
1.547725
1.557570
1.567387
1.577173
1.586925
1.596641
1.606318
1.615954
1.625545
1.635088
1.644582
1.654023
1.663409
1.672735
1.682001
1.691202
1.700335
1.709398
1.718388
1.727301
1.736135
1.744887
1.753553
1.762130
1.770616
1.779006
1.787299
1.795491
1.803580
1.811560
1.819431
1.827189
1.834830
1.842352
1.849751
1.857025
1.864171
1.871185
1.878066
1.884808
1.891411
1.897871
1.904186
1.910352
1.916366
1.922227
1.927931
1.933477
1.938860
1.944080
1.949133
1.954018
1.958731
1.963271
1.967635
1.971822
1.975829
1.979655
1.983298
1.986755
1.990025
1.993107
1.996000
1.998700
2.001208
2.003522
2.005641
2.007564
2.009289
2.010816
2.012145
2.013273
2.014202
2.014930
2.015457
2.015783
2.015907
2.015830
2.015551
2.015070
2.014389
2.013506
2.012423
2.011140
2.009658
2.007977
2.006099
2.004023
2.001752
1.999286
1.996627
1.993775
1.990732
1.987500
1.984081
1.980475
1.976685
1.972712
1.968558
1.964226
1.959717
1.955034
1.950178
1.945152
1.939958
1.934599
1.929078
1.923395
1.917555
1.911560
1.905412
1.899115
1.892670
1.886081
1.879351
1.872482
1.865478
1.858341
1.851075
1.843682
1.836165
1.828528
1.820773
1.812904
1.804924
1.796836
1.788643
1.780347
1.771953
1.763463
1.754881
1.746210
1.737452
1.728611
1.719689
1.710691
1.701619
1.692476
1.683266
1.673990
1.664653
1.655257
1.645805
1.636301
1.626746
1.617144
1.607498
1.597810
1.588083
1.578321
1.568525
1.558698
1.548844
1.538964
1.529061
1.519138
1.509198
1.499241
1.489272
1.479292
1.469304
1.459309
1.449311
1.439311
1.429312
1.419315
1.409323
1.399337
1.389360
1.379394
1.369440
1.359500
1.349576
1.339670
1.329783
1.319918
1.310075
1.300257
1.290464
1.280699
1.270963
1.261257
1.251582
1.241940
1.232333
1.222760
1.213225
1.203727
1.194268
1.184850
1.175472
1.166136
1.156844
1.147595
1.138392
1.129234
1.120123
1.111059
1.102043
1.093077
1.084160
1.075294
1.066478
1.057715
1.049003
1.040345
1.031739
1.023188
1.014691
1.006249
0.997862
0.989530
0.981255
0.973036
0.964874
0.956769
0.948721
0.940731
0.932799
0.924924
0.917109
0.909351
0.901653
0.894013
0.886432
0.878910
0.871448
0.864044
0.856701
0.849416
0.842191
0.835026
0.827919
0.820873
0.813886
0.806958
0.800090
0.793282
0.786532
0.779842
0.773211
0.766639
0.760126
0.753672
0.747277
0.740941
0.734662
0.728443
0.722281
0.716178
0.710132
0.704144
0.698214
0.692341
0.686526
0.680767
0.675065
0.669419
0.663830
0.658297
0.652820
0.647399
0.642033
0.636723
0.631467
0.626266
0.621120
0.616028
0.610991
0.606007
0.601076
0.596199
0.591375
0.586604
0.581885
0.577218
0.572604
0.568041
0.563530
0.559070
0.554661
0.550303
0.545995
0.541738
0.537530
0.533373
0.529264
0.525205
0.521194
0.517233
0.513319
0.509454
0.505636
0.501867
0.498144
0.494469
0.490840
0.487258
0.483722
0.480233
0.476789
0.473390
0.470038
0.466730
0.463467
0.460248
0.457074
0.453944
0.450858
0.447815
0.444816
0.441860
0.438947
0.436077
0.433249
0.430464
0.427720
0.425018
0.422358
0.419740
0.417162
0.414626
0.412130
0.409675
0.407260
0.404886
0.402551
0.400256
0.398001
0.395785
0.393608
0.391471
0.389372
0.387312
0.385290
0.383307
0.381362
0.379455
0.377586
0.375754
0.373960
0.372203
0.370483
0.368801
0.367155
0.365546
0.363974
0.362438
0.360939
0.359476
0.358048
0.356657
0.355302
0.353982
0.352698
0.351449
0.350236
0.349058
0.347915
0.346807
0.345734
0.344696
0.343692
0.342723
0.341789
0.340889
0.340024
0.339193
0.338396
0.337633
0.336905
0.336210
0.335550
0.334923
0.334330
0.333771
0.333245
0.332754
0.332295
0.331871
0.331480
0.331122
0.330798
0.330508
0.330250
0.330027
0.329836
0.329679
0.329555
0.329465
0.329407
0.329383
0.329393
0.329435
0.329511
0.329620
0.329762
0.329938
0.330147
0.330389
0.330665
0.330974
0.331316
0.331692
0.332101
0.332544
0.333020
0.333530
0.334073
0.334650
0.335261
0.335905
0.336583
0.337295
0.338041
0.338821
0.339635
0.340483
0.341365
0.342281
0.343232
0.344217
0.345237
0.346291
0.347380
0.348504
0.349662
0.350856
0.352084
0.353348
0.354647
0.355982
0.357351
0.358757
0.360198
0.361675
0.363188
0.364737
0.366322
0.367944
0.369602
0.371297
0.373029
0.374797
0.376603
0.378446
0.380326
0.382244
0.384199
0.386192
0.388223
0.390293
0.392401
0.394547
0.396732
0.398956
0.401219
0.403521
0.405862
0.408243
0.410664
0.413125
0.415626
0.418168
0.420750
0.423372
0.426036
0.428741
0.431487
0.434275
0.437105
0.439977
0.442891
0.445848
0.448847
0.451889
0.454974
0.458103
0.461275
0.464491
0.467751
0.471056
0.474405
0.477799
0.481238
0.484722
0.488251
0.491827
0.495448
0.499116
0.502830
0.506590
0.510398
0.514253
0.518156
0.522106
0.526104
0.530151
0.534246
0.538390
0.542583
0.546825
0.551117
0.555458
0.559850
0.564292
0.568784
0.573328
0.577922
0.582568
0.587265
0.592014
0.596815
0.601669
0.606575
0.611534
0.616546
0.621611
0.626730
0.631902
0.637129
0.642410
0.647746
0.653136
0.658581
0.664081
0.669637
0.675248
0.680915
0.686638
0.692418
0.698253
0.704146
0.710095
0.716101
0.722164
0.728285
0.734463
0.740698
0.746992
0.753343
0.759752
0.766220
0.772745
0.779329
0.785972
0.792673
0.799433
0.806251
0.813128
0.820064
0.827059
0.834113
0.841226
0.848397
0.855627
0.862917
0.870265
0.877671
0.885137
0.892661
0.900243
0.907884
0.915583
0.923340
0.931156
0.939028
0.946959
0.954947
0.962991
0.971093
0.979251
0.987465
0.995735
1.004061
1.012442
1.020878
1.029368
1.037911
1.046509
1.055159
1.063862
1.072616
1.081422
1.090279
1.099185
1.108141
1.117146
1.126199
1.135299
1.144445
1.153637
1.162874
1.172154
1.181478
1.190843
1.200250
1.209697
1.219182
1.228706
1.238266
1.247861
1.257491
1.267154
1.276849
1.286575
1.296329
1.306111
1.315920
1.325753
1.335609
1.345487
1.355385
1.365301
1.375234
1.385182
1.395143
1.405116
1.415098
1.425087
1.435082
1.445080
1.455080
1.465079
1.475076
1.485068
1.495052
1.505027
1.514991
1.524940
1.534873
1.544787
1.554680
1.564549
1.574392
1.584205
1.593987
1.603735
1.613446
1.623117
1.632745
1.642329
1.651864
1.661348
1.670779
1.680152
1.689466
1.698718
1.707903
1.717020
1.726065
1.735036
1.743929
1.752741
1.761468
1.770109
1.778659
1.787117
1.795477
1.803738
1.811896
1.819949
1.827892
1.835724
1.843440
1.851038
1.858514
1.865867
1.873091
1.880186
1.887147
1.893971
1.900656
1.907199
1.913597
1.919847
1.925946
1.931892
1.937681
1.943312
1.948782
1.954088
1.959227
1.964198
1.968998
1.973624
1.978075
1.982348
1.986442
1.990354
1.994082
1.997624
2.000980
2.004146
2.007122
2.009906
2.012497
2.014893
2.017093
2.019096
2.020901
2.022507
2.023913
2.025119
2.026124
2.026927
2.027528
2.027926
2.028122
2.028115
2.027905
2.027492
2.026877
2.026060
2.025041
2.023820
2.022399
2.020778
2.018957
2.016939
2.014722
2.012310
2.009703
2.006901
2.003908
2.000723
1.997349
1.993788
1.990040
1.986108
1.981994
1.977700
1.973227
1.968579
1.963756
1.958762
1.953599
1.948269
1.942774
1.937117
1.931301
1.925329
1.919203
1.912925
1.906499
1.899928
1.893213
1.886359
1.879369
1.872244
1.864989
1.857605
1.850098
1.842468
1.834720
1.826857
1.818881
1.810796
1.802606
1.794312
1.785920
1.777430
1.768848
1.760175
1.751415
1.742572
1.733648
1.724646
1.715571
1.706423
1.697208
1.687928
1.678585
1.669184
1.659726
1.650216
1.640655
1.631047
1.621394
1.611701
1.601968
1.592200
1.582398
1.572566
1.562706
1.552821
1.542914
1.532987
1.523042
1.513082
1.503110
1.493127
1.483137
1.473141
1.463142
1.453142
1.443144
1.433148
1.423158
1.413175
1.403202
1.393240
1.383292
1.373359
1.363442
1.353545
1.343668
1.333813
1.323982
1.314176
1.304398
1.294648
1.284928
1.275239
1.265583
1.255962
1.246375
1.236826
1.227315
1.217842
1.208410
1.199020
1.189672
1.180368
1.171108
1.161894
1.152726
1.143605
1.134533
1.125510
1.116536
1.107614
1.098742
1.089923
1.081156
1.072443
1.063783
1.055179
1.046629
1.038135
1.029697
1.021316
1.012991
1.004725
0.996516
0.988365
0.980273
0.972240
0.964266
0.956352
0.948497
0.940702
0.932968
0.925294
0.917681
0.910129
0.902638
0.895207
0.887838
0.880531
0.873284
0.866099
0.858976
0.851914
0.844914
0.837976
0.831099
0.824284
0.817530
0.810838
0.804208
0.797638
0.791131
0.784684
0.778299
0.771975
0.765712
0.759510
0.753368
0.747288
0.741267
0.735308
0.729408
0.723569
0.717789
0.712069
0.706409
0.700808
0.695266
0.689784
0.684360
0.678994
0.673688
0.668439
0.663248
0.658116
0.653040
0.648022
0.643062
0.638158
0.633310
0.628520
0.623785
0.619107
0.614484
0.609916
0.605404
0.600947
0.596545
0.592197
0.587904
0.583665
0.579479
0.575347
0.571269
0.567243
0.563271
0.559351
0.555483
0.551668
0.547904
0.544193
0.540532
0.536923
0.533365
0.529857
0.526400
0.522993
0.519636
0.516329
0.513072
0.509864
0.506705
0.503595
0.500533
0.497520
0.494556
0.491639
0.488770
0.485949
0.483175
0.480448
0.477768
0.475135
0.472549
0.470009
0.467515
0.465067
0.462665
0.460309
0.457998
0.455732
0.453511
0.451336
0.449205
0.447118
0.445076
0.443078
0.441124
0.439215
0.437348
0.435526
0.433747
0.432011
0.430318
0.428669
0.427062
0.425498
0.423977
0.422498
0.421061
0.419667
0.418315
0.417005
0.415737
0.414510
0.413325
0.412182
0.411080
0.410020
0.409001
0.408023
0.407087
0.406191
0.405336
0.404523
0.403750
0.403017
0.402326
0.401675
0.401064
0.400494
0.399965
0.399476
0.399027
0.398619
0.398251
0.397923
0.397635
0.397388
0.397180
0.397013
0.396886
0.396799
0.396752
0.396745
0.396779
0.396852
0.396965
0.397119
0.397312
0.397546
0.397820
0.398134
0.398488
0.398882
0.399317
0.399791
0.400306
0.400862
0.401457
0.402093
0.402770
0.403487
0.404245
0.405043
0.405882
0.406762
0.407682
0.408644
0.409646
0.410690
0.411774
0.412900
0.414068
0.415276
0.416526
0.417818
0.419151
0.420527
0.421944
0.423403
0.424904
0.426448
0.428034
0.429662
0.431333
0.433047
0.434804
0.436604
0.438447
0.440333
0.442263
0.444237
0.446254
0.448315
0.450420
0.452569
0.454763
0.457002
0.459285
0.461613
0.463986
0.466405
0.468868
0.471378
0.473933
0.476534
0.479182
0.481876
0.484616
0.487403
0.490237
0.493119
0.496047
0.499024
0.502048
0.505120
0.508240
0.511409
0.514626
0.517892
0.521207
0.524572
0.527986
0.531449
0.534963
0.538527
0.542141
0.545806
0.549522
0.553289
0.557108
0.560977
0.564899
0.568873
0.572899
0.576977
0.581108
0.585293
0.589530
0.593821
0.598166
0.602564
0.607017
0.611524
0.616085
0.620702
0.625373
0.630100
0.634883
0.639721
0.644615
0.649565
0.654572
0.659635
0.664756
0.669933
0.675168
0.680460
0.685810
0.691218
0.696683
0.702207
0.707790
0.713431
0.719131
0.724890
0.730709
0.736586
0.742523
0.748520
0.754577
0.760693
0.766870
0.773106
0.779403
0.785761
0.792178
0.798657
0.805196
0.811796
0.818457
0.825178
0.831961
0.838804
0.845708
0.852674
0.859700
0.866787
0.873935
0.881144
0.888414
0.895744
0.903135
0.910587
0.918099
0.925671
0.933304
0.940996
0.948748
0.956560
0.964431
0.972362
0.980351
0.988398
0.996504
1.004668
1.012890
1.021168
1.029504
1.037896
1.046344
1.054847
1.063405
1.072018
1.080685
1.089405
1.098178
1.107004
1.115880
1.124808
1.133785
1.142812
1.151887
1.161010
1.170180
1.179396
1.188657
1.197963
1.207311
1.216702
1.226133
1.235605
1.245115
1.254663
1.264248
1.273868
1.283522
1.293208
1.302926
1.312674
1.322450
1.332253
1.342081
1.351934
1.361808
1.371703
1.381617
1.391548
1.401494
1.411454
1.421426
1.431407
1.441396
1.451390
1.461389
1.471388
1.481388
1.491384
1.501376
1.511360
1.521335
1.531298
1.541247
1.551179
1.561092
1.570983
1.580849
1.590689
1.600499
1.610278
1.620021
1.629726
1.639391
1.649013
1.658589
1.668115
1.677590
1.687010
1.696372
1.705673
1.714911
1.724081
1.733182
1.742209
1.751161
1.760033
1.768823
1.777527
1.786143
1.794666
1.803095
1.811426
1.819655
1.827780
1.835798
1.843704
1.851497
1.859172
1.866727
1.874159
1.881465
1.888641
1.895684
1.902593
1.909362
1.915990
1.922474
1.928811
1.934997
1.941031
1.946909
1.952629
1.958188
1.963583
1.968813
1.973874
1.978764
1.983481
1.988022
1.992385
1.996569
2.000571
2.004389
2.008022
2.011467
2.014722
2.017787
2.020659
2.023338
2.025821
2.028107
2.030196
2.032086
2.033777
2.035267
2.036555
2.037641
2.038525
2.039205
2.039682
2.039956
2.040025
2.039890
2.039551
2.039009
2.038263
2.037314
2.036162
2.034808
2.033252
2.031496
2.029540
2.027385
2.025033
2.022484
2.019739
2.016801
2.013670
2.010348
2.006837
2.003138
1.999254
1.995185
1.990935
1.986505
1.981897
1.977114
1.972157
1.967030
1.961734
1.956273
1.950648
1.944862
1.938918
1.932818
1.926566
1.920164
1.913615
1.906922
1.900088
1.893116
1.886008
1.878769
1.871400
1.863906
1.856288
1.848552
1.840698
1.832732
1.824655
1.816471
1.808184
1.799796
1.791310
1.782731
1.774061
1.765303
1.756461
1.747537
1.738536
1.729459
1.720311
1.711093
1.701811
1.692466
1.683061
1.673600
1.664086
1.654521
1.644909
1.635253
1.625555
1.615818
1.606045
1.596240
1.586403
1.576540
1.566651
1.556740
1.546809
1.536861
1.526899
1.516924
1.506940
1.496948
1.486951
1.476952
1.466952
1.456954
1.446960
1.436972
1.426992
1.417022
1.407065
1.397121
1.387194
1.377284
1.367395
1.357526
1.347681
1.337861
1.328067
1.318301
1.308565
1.298860
1.289188
1.279549
1.269946
1.260380
1.250852
1.241363
1.231914
1.222507
1.213143
1.203823
1.194548
1.185318
1.176136
1.167002
1.157916
1.148880
1.139895
1.130961
1.122080
1.113251
1.104476
1.095755
1.087090
1.078479
1.069926
1.061428
1.052989
1.044607
1.036283
1.028019
1.019813
1.011667
1.003581
0.995556
0.987592
0.979688
0.971846
0.964065
0.956347
0.948691
0.941097
0.933565
0.926097
0.918691
0.911348
0.904069
0.896853
0.889700
0.882611
0.875585
0.868623
0.861725
0.854890
0.848120
0.841412
0.834769
0.828189
0.821673
0.815220
0.808831
0.802506
0.796244
0.790045
0.783910
0.777837
0.771828
0.765881
0.759998
0.754177
0.748418
0.742722
0.737089
0.731517
0.726007
0.720559
0.715173
0.709848
0.704584
0.699381
0.694239
0.689158
0.684137
0.679177
0.674277
0.669436
0.664655
0.659934
0.655272
0.650669
0.646124
0.641639
0.637212
0.632843
0.628531
0.624278
0.620082
0.615944
0.611862
0.607838
0.603870
0.599958
0.596103
0.592303
0.588559
0.584871
0.581238
0.577660
0.574138
0.570669
0.567255
0.563896
0.560590
0.557338
0.554140
0.550995
0.547903
0.544865
0.541879
0.538945
0.536064
0.533235
0.530458
0.527733
0.525059
0.522437
0.519866
0.517346
0.514877
0.512459
0.510091
0.507773
0.505505
0.503288
0.501120
0.499002
0.496933
0.494914
0.492944
0.491023
0.489151
0.487327
0.485552
0.483826
0.482148
0.480518
0.478936
0.477402
0.475916
0.474478
0.473087
0.471744
0.470448
0.469199
0.467998
0.466843
0.465736
0.464675
0.463661
0.462694
0.461774
0.460900
0.460072
0.459291
0.458557
0.457868
0.457226
0.456630
0.456080
0.455576
0.455118
0.454706
0.454340
0.454020
0.453745
0.453517
0.453334
0.453198
0.453107
0.453061
0.453062
0.453108
0.453200
0.453338
0.453522
0.453751
0.454026
0.454347
0.454714
0.455127
0.455585
0.456090
0.456640
0.457237
0.457879
0.458568
0.459302
0.460083
0.460910
0.461784
0.462704
0.463670
0.464682
0.465742
0.466848
0.468000
0.469200
0.470446
0.471740
0.473080
0.474468
0.475903
0.477385
0.478915
0.480493
0.482118
0.483791
0.485513
0.487282
0.489099
0.490965
0.492880
0.494843
0.496855
0.498915
0.501025
0.503184
0.505393
0.507651
0.509958
0.512316
0.514724
0.517181
0.519689
0.522248
0.524857
0.527518
0.530229
0.532991
0.535805
0.538671
0.541588
0.544557
0.547579
0.550653
0.553779
0.556958
0.560191
0.563476
0.566815
0.570207
0.573653
0.577153
0.580707
0.584316
0.587979
0.591697
0.595471
0.599299
0.603183
0.607123
0.611118
0.615170
0.619278
0.623442
0.627663
0.631942
0.636277
0.640670
0.645120
0.649628
0.654195
0.658819
0.663502
0.668244
0.673044
0.677904
0.682823
0.687801
0.692839
0.697937
0.703095
0.708313
0.713591
0.718930
0.724330
0.729791
0.735313
0.740896
0.746540
0.752246
0.758014
0.763844
0.769735
0.775689
0.781705
0.787783
0.793924
0.800127
0.806393
0.812721
0.819113
0.825567
0.832084
0.838664
0.845307
0.852013
0.858782
0.865614
0.872509
0.879467
0.886488
0.893572
0.900719
0.907928
0.915200
0.922535
0.929932
0.937391
0.944912
0.952496
0.960141
0.967847
0.975615
0.983445
0.991334
0.999285
1.007295
1.015366
1.023496
1.031685
1.039933
1.048239
1.056604
1.065025
1.073504
1.082039
1.090630
1.099276
1.107977
1.116732
1.125540
1.134401
1.143314
1.152278
1.161293
1.170357
1.179470
1.188631
1.197839
1.207093
1.216392
1.225735
1.235120
1.244548
1.254017
1.263525
1.273071
1.282655
1.292274
1.301928
1.311615
1.321333
1.331082
1.340860
1.350664
1.360495
1.370349
1.380226
1.390123
1.400039
1.409973
1.419921
1.429883
1.439857
1.449839
1.459830
1.469825
1.479824
1.489824
1.499823
1.509818
1.519808
1.529790
1.539762
1.549721
1.559665
1.569591
1.579497
1.589380
1.599237
1.609067
1.618865
1.628631
1.638359
1.648049
1.657697
1.667300
1.676855
1.686360
1.695811
1.705205
1.714540
1.723812
1.733018
1.742155
1.751221
1.760211
1.769123
1.777953
1.786699
1.795357
1.803924
1.812397
1.820772
1.829047
1.837218
1.845282
1.853235
1.861075
1.868799
1.876403
1.883884
1.891239
1.898464
1.905558
1.912516
1.919336
1.926015
1.932549
1.938937
1.945174
1.951258
1.957187
1.962957
1.968566
1.974011
1.979291
1.984401
1.989340
1.994105
1.998695
2.003106
2.007337
2.011386
2.015250
2.018928
2.022418
2.025718
2.028826
2.031740
2.034461
2.036985
2.039311
2.041439
2.043368
2.045095
2.046621
2.047945
2.049065
2.049982
2.050695
2.051202
2.051505
2.051603
2.051496
2.051184
2.050666
2.049944
2.049018
2.047888
2.046554
2.045017
2.043279
2.041340
2.039200
2.036862
2.034326
2.031593
2.028666
2.025544
2.022230
2.018726
2.015033
2.011154
2.007089
2.002841
1.998413
1.993805
1.989021
1.984063
1.978933
1.973633
1.968167
1.962536
1.956744
1.950793
1.944685
1.938424
1.932012
1.925453
1.918748
1.911902
1.904918
1.897797
1.890544
1.883161
1.875652
1.868020
1.860267
1.852398
1.844415
1.836322
1.828121
1.819817
1.811412
1.802909
1.794313
1.785625
1.776850
1.767990
1.759049
1.750030
1.740936
1.731771
1.722537
1.713238
1.703877
1.694457
1.684980
1.675451
1.665872
1.656246
1.646576
1.636865
1.627116
1.617332
1.607515
1.597668
1.587795
1.577898
1.567979
1.558041
1.548087
1.538119
1.528139
1.518152
1.508157
1.498159
1.488159
1.478160
1.468163
1.458172
1.448188
1.438213
1.428250
1.418300
1.408365
1.398448
1.388550
1.378673
1.368818
1.358988
1.349185
1.339409
1.329663
1.319948
1.310265
1.300616
1.291003
1.281427
1.271889
1.262390
1.252933
1.243517
1.234145
1.224817
1.215534
1.206298
1.197110
1.187970
1.178880
1.169841
1.160852
1.151917
1.143034
1.134205
1.125431
1.116712
1.108049
1.099443
1.090894
1.082403
1.073971
1.065599
1.057285
1.049032
1.040840
1.032708
1.024639
1.016631
1.008685
1.000802
0.992982
0.985225
0.977532
0.969903
0.962337
0.954837
0.947400
0.940028
0.932722
0.925480
0.918303
0.911192
0.904146
0.897166
0.890251
0.883402
0.876619
0.869901
0.863249
0.856663
0.850143
0.843689
0.837300
0.830977
0.824719
0.818528
0.812401
0.806341
0.800345
0.794415
0.788551
0.782751
0.777016
0.771347
0.765742
0.760201
0.754725
0.749314
0.743967
0.738683
0.733464
0.728309
0.723217
0.718188
0.713223
0.708320
0.703481
0.698704
0.693990
0.689338
0.684748
0.680220
0.675754
0.671350
0.667006
0.662724
0.658503
0.654343
0.650243
0.646204
0.642224
0.638305
0.634445
0.630645
0.626904
0.623223
0.619600
0.616036
0.612531
0.609083
0.605694
0.602363
0.599090
0.595874
0.592716
0.589614
0.586570
0.583582
0.580651
0.577776
0.574958
0.572196
0.569489
0.566838
0.564243
0.561703
0.559218
0.556788
0.554413
0.552092
0.549826
0.547615
0.545457
0.543354
0.541305
0.539309
0.537367
0.535478
0.533643
0.531860
0.530131
0.528455
0.526832
0.525261
0.523743
0.522277
0.520864
0.519503
0.518194
0.516937
0.515732
0.514579
0.513478
0.512428
0.511430
0.510483
0.509588
0.508744
0.507952
0.507211
0.506521
0.505882
0.505294
0.504757
0.504271
0.503836
0.503452
0.503119
0.502836
0.502605
0.502424
0.502294
0.502215
0.502186
0.502208
0.502281
0.502405
0.502579
0.502804
0.503080
0.503407
0.503784
0.504212
0.504691
0.505221
0.505802
0.506433
0.507116
0.507850
0.508634
0.509470
0.510357
0.511296
0.512285
0.513326
0.514419
0.515563
0.516758
0.518006
0.519305
0.520656
0.522058
0.523513
0.525020
0.526580
0.528191
0.529855
0.531572
0.533341
0.535164
0.537039
0.538967
0.540948
0.542983
0.545071
0.547213
0.549408
0.551658
0.553961
0.556319
0.558731
0.561197
0.563718
0.566294
0.568925
0.571611
0.574352
0.577149
0.580001
0.582909
0.585873
0.588894
0.591970
0.595104
0.598293
0.601540
0.604844
0.608205
0.611624
0.615100
0.618634
0.622226
0.625877
0.629586
0.633353
0.637179
0.641064
0.645009
0.649013
0.653076
0.657199
0.661382
0.665626
0.669929
0.674293
0.678718
0.683204
0.687751
0.692360
0.697030
0.701761
0.706555
0.711410
0.716328
0.721308
0.726351
0.731456
0.736625
0.741856
0.747151
0.752509
0.757930
0.763415
0.768964
0.774577
0.780254
0.785995
0.791800
0.797670
0.803605
0.809603
0.815667
0.821795
0.827988
0.834246
0.840569
0.846957
0.853410
0.859928
0.866511
0.873160
0.879873
0.886651
0.893494
0.900402
0.907375
0.914413
0.921515
0.928682
0.935914
0.943210
0.950570
0.957995
0.965483
0.973034
0.980650
0.988328
0.996070
1.003874
1.011740
1.019669
1.027659
1.035711
1.043824
1.051997
1.060230
1.068524
1.076876
1.085287
1.093756
1.102283
1.110867
1.119508
1.128204
1.136956
1.145761
1.154621
1.163533
1.172498
1.181514
1.190580
1.199696
1.208861
1.218073
1.227332
1.236636
1.245986
1.255378
1.264813
1.274289
1.283805
1.293359
1.302951
1.312579
1.322242
1.331937
1.341665
1.351422
1.361208
1.371022
1.380860
1.390723
1.400607
1.410512
1.420435
1.430374
1.440329
1.450296
1.460273
1.470260
1.480253
1.490250
1.500250
1.510249
1.520247
1.530240
1.540226
1.550203
1.560168
1.570119
1.580053
1.589968
1.599861
1.609729
1.619570
1.629382
1.639160
1.648903
1.658608
1.668271
1.677890
1.687462
1.696984
1.706453
1.715866
1.725219
1.734511
1.743736
1.752894
1.761980
1.770990
1.779923
1.788775
1.797542
1.806222
1.814810
1.823305
1.831702
1.839999
1.848191
1.856277
1.864252
1.872113
1.879858
1.887483
1.894985
1.902360
1.909606
1.916719
1.923696
1.930535
1.937232
1.943784
1.950188
1.956442
1.962542
1.968486
1.974270
1.979893
1.985352
1.990643
1.995764
2.000714
2.005489
2.010087
2.014506
2.018744
2.022799
2.026668
2.030349
2.033842
2.037143
2.040252
2.043166
2.045885
2.048406
2.050729
2.052852
2.054774
2.056495
2.058012
2.059326
2.060436
2.061341
2.062040
2.062534
2.062822
2.062903
2.062778
2.062447
2.061910
2.061167
2.060218
2.059065
2.057707
2.056146
2.054381
2.052415
2.050247
2.047880
2.045314
2.042550
2.039591
2.036437
2.033090
2.029551
2.025824
2.021908
2.017807
2.013522
2.009056
2.004411
1.999588
1.994591
1.989421
1.984082
1.978575
1.972904
1.967070
1.961078
1.954928
1.948626
1.942172
1.935571
1.928825
1.921937
1.914910
1.907748
1.900453
1.893029
1.885479
1.877806
1.870013
1.862103
1.854080
1.845947
1.837708
1.829365
1.820922
1.812382
1.803749
1.795025
1.786214
1.777320
1.768345
1.759293
1.750167
1.740971
1.731707
1.722378
1.712989
1.703541
1.694038
1.684484
1.674880
1.665231
1.655540
1.645808
1.636039
1.626237
1.616403
1.606541
1.596653
1.586743
1.576812
1.566864
1.556901
1.546926
1.536941
1.526949
1.516952
1.506952
1.496952
1.486955
1.476962
1.466975
1.456998
1.447031
1.437077
1.427139
1.417217
1.407315
1.397433
1.387574
1.377739
1.367930
1.358150
1.348399
1.338679
1.328993
1.319340
1.309723
1.300144
1.290603
1.281102
1.271643
1.262226
1.252853
1.243525
1.234243
1.225009
1.215823
1.206686
1.197600
1.188565
1.179583
1.170654
1.161779
1.152959
1.144194
1.135487
1.126836
1.118244
1.109710
1.101235
1.092820
1.084466
1.076173
1.067941
1.059772
1.051665
1.043621
1.035640
1.027723
1.019871
1.012083
1.004360
0.996702
0.989110
0.981583
0.974123
0.966728
0.959401
0.952140
0.944945
0.937818
0.930758
0.923766
0.916840
0.909983
0.903192
0.896470
0.889815
0.883228
0.876709
0.870258
0.863874
0.857559
0.851311
0.845131
0.839018
0.832974
0.826997
0.821088
0.815246
0.809471
0.803764
0.798125
0.792552
0.787047
0.781608
0.776236
0.770931
0.765693
0.760521
0.755415
0.750376
0.745402
0.740495
0.735653
0.730876
0.726165
0.721519
0.716938
0.712422
0.707971
0.703584
0.699262
0.695004
0.690809
0.686679
0.682612
0.678609
0.674668
0.670791
0.666977
0.663226
0.659537
0.655910
0.652345
0.648843
0.645402
0.642023
0.638705
0.635448
0.632253
0.629118
0.626044
0.623030
0.620077
0.617184
0.614351
0.611578
0.608865
0.606211
0.603616
0.601081
0.598604
0.596187
0.593828
0.591527
0.589285
0.587102
0.584976
0.582908
0.580899
0.578947
0.577052
0.575215
0.573435
0.571713
0.570047
0.568439
0.566887
0.565392
0.563954
0.562572
0.561247
0.559978
0.558766
0.557609
0.556509
0.555464
0.554476
0.553543
0.552666
0.551845
0.551079
0.550369
0.549715
0.549116
0.548572
0.548084
0.547651
0.547274
0.546952
0.546685
0.546473
0.546317
0.546215
0.546169
0.546178
0.546242
0.546362
0.546536
0.546766
0.547051
0.547391
0.547786
0.548237
0.548743
0.549304
0.549920
0.550592
0.551319
0.552102
0.552940
0.553834
0.554783
0.555788
0.556849
0.557965
0.559138
0.560366
0.561651
0.562991
0.564388
0.565841
0.567350
0.568916
0.570538
0.572217
0.573953
0.575746
0.577596
0.579503
0.581467
0.583488
0.585567
0.587704
0.589898
0.592150
0.594460
0.596828
0.599255
0.601740
0.604283
0.606886
0.609547
0.612267
0.615046
0.617885
0.620783
0.623741
0.626759
0.629836
0.632974
0.636172
0.639431
0.642750
0.646130
0.649572
0.653074
0.656638
0.660263
0.663950
0.667699
0.671510
0.675383
0.679318
0.683316
0.687377
0.691501
0.695688
0.699939
0.704252
0.708630
0.713071
0.717576
0.722145
0.726779
0.731477
0.736240
0.741068
0.745960
0.750918
0.755941
0.761029
0.766183
0.771402
0.776687
0.782039
0.787456
0.792939
0.798489
0.804105
0.809788
0.815537
0.821353
0.827235
0.833185
0.839201
0.845284
0.851435
0.857652
0.863936
0.870288
0.876706
0.883192
0.889744
0.896364
0.903051
0.909804
0.916625
0.923512
0.930466
0.937487
0.944574
0.951728
0.958948
0.966234
0.973585
0.981003
0.988486
0.996034
1.003647
1.011325
1.019068
1.026874
1.034745
1.042679
1.050675
1.058735
1.066857
1.075040
1.083285
1.091591
1.099957
1.108382
1.116867
1.125411
1.134012
1.142671
1.151386
1.160158
1.168984
1.177865
1.186799
1.195785
1.204824
1.213914
1.223053
1.232241
1.241477
1.250761
1.260089
1.269463
1.278880
1.288339
1.297839
1.307379
1.316957
1.326572
1.336222
1.345907
1.355625
1.365373
1.375151
1.384957
1.394789
1.404645
1.414525
1.424425
1.434344
1.444280
1.454232
1.464196
1.474172
1.484157
1.494149
1.504146
1.514146
1.524145
1.534143
1.544137
1.554124
1.564101
1.574068
1.584019
1.593955
1.603871
1.613764
1.623634
1.633475
1.643287
1.653066
1.662808
1.672512
1.682175
1.691793
1.701363
1.710882
1.720348
1.729757
1.739107
1.748393
1.757613
1.766764
1.775843
1.784845
1.793769
1.802610
1.811367
1.820034
1.828609
1.837089
1.845471
1.853751
1.861925
1.869992
1.877946
1.885786
1.893507
1.901107
1.908582
1.915930
1.923146
1.930229
1.937174
1.943979
1.950640
1.957155
1.963520
1.969734
1.975792
1.981692
1.987431
1.993006
1.998416
2.003656
2.008726
2.013621
2.018340
2.022881
2.027240
2.031417
2.035408
2.039213
2.042828
2.046253
2.049484
2.052522
2.055363
2.058007
2.060452
2.062698
2.064741
2.066583
2.068221
2.069655
2.070884
2.071907
2.072724
2.073335
2.073738
2.073934
2.073923
2.073705
2.073279
2.072646
2.071806
2.070760
2.069508
2.068051
2.066390
2.064525
2.062457
2.060188
2.057718
2.055049
2.052183
2.049120
2.045863
2.042412
2.038770
2.034938
2.030919
2.026715
2.022326
2.017757
2.013008
2.008083
2.002984
1.997712
1.992272
1.986665
1.980893
1.974961
1.968870
1.962623
1.956224
1.949675
1.942979
1.936140
1.929160
1.922042
1.914790
1.907407
1.899896
1.892260
1.884502
1.876627
1.868636
1.860534
1.852323
1.844007
1.835590
1.827074
1.818464
1.809761
1.800971
1.792095
1.783138
1.774102
1.764990
1.755807
1.746556
1.737239
1.727860
1.718421
1.708927
1.699380
1.689784
1.680141
1.670454
1.660727
1.650962
1.641163
1.631332
1.621472
1.611587
1.601678
1.591748
1.581801
1.571838
1.561864
1.551879
1.541887
1.531889
1.521890
1.511890
1.501893
1.491900
1.481914
1.471937
1.461971
1.452018
1.442081
1.432161
1.422261
1.412382
1.402526
1.392695
1.382891
1.373116
1.363371
1.353657
1.343977
1.334333
1.324725
1.315155
1.305624
1.296135
1.286687
1.277284
1.267925
1.258612
1.249347
1.240130
1.230962
1.221845
1.212780
1.203767
1.194808
1.185903
1.177054
1.168261
1.159525
1.150848
1.142228
1.133668
1.125169
1.116730
1.108352
1.100036
1.091783
1.083593
1.075466
1.067404
1.059406
1.051474
1.043607
1.035805
1.028070
1.020402
1.012800
1.005266
0.997800
0.990401
0.983070
0.975807
0.968613
0.961488
0.954432
0.947444
0.940526
0.933677
0.926898
0.920188
0.913548
0.906977
0.900476
0.894045
0.887684
0.881393
0.875171
0.869020
0.862938
0.856926
0.850984
0.845112
0.839309
0.833576
0.827913
0.822319
0.816795
0.811340
0.805954
0.800638
0.795390
0.790212
0.785102
0.780061
0.775089
0.770185
0.765350
0.760582
0.755883
0.751252
0.746688
0.742192
0.737764
0.733402
0.729108
0.724881
0.720721
0.716627
0.712600
0.708639
0.704745
0.700916
0.697153
0.693456
0.689825
0.686258
0.682757
0.679321
0.675950
0.672643
0.669401
0.666223
0.663110
0.660060
0.657074
0.654152
0.651293
0.648498
0.645766
0.643097
0.640491
0.637948
0.635467
0.633049
0.630693
0.628399
0.626167
0.623998
0.621890
0.619843
0.617858
0.615935
0.614073
0.612272
0.610532
0.608853
0.607234
0.605677
0.604180
0.602743
0.601367
0.600052
0.598796
0.597601
0.596466
0.595391
0.594375
0.593420
0.592524
0.591688
0.590912
0.590195
0.589538
0.588940
0.588402
0.587923
0.587504
0.587144
0.586843
0.586601
0.586419
0.586296
0.586232
0.586228
0.586282
0.586396
0.586569
0.586801
0.587093
0.587444
0.587854
0.588323
0.588851
0.589439
0.590087
0.590793
0.591559
0.592385
0.593270
0.594215
0.595219
0.596283
0.597407
0.598590
0.599834
0.601137
0.602501
0.603925
0.605408
0.606953
0.608557
0.610222
0.611948
0.613734
0.615581
0.617489
0.619458
0.621488
0.623579
0.625732
0.627946
0.630221
0.632559
0.634958
0.637419
0.639942
0.642527
0.645175
0.647886
0.650659
0.653494
0.656393
0.659355
0.662380
0.665469
0.668621
0.671836
0.675116
0.678460
0.681867
0.685339
0.688876
0.692477
0.696143
0.699874
0.703670
0.707532
0.711458
0.715451
0.719509
0.723633
0.727823
0.732080
0.736402
0.740792
0.745248
0.749770
0.754360
0.759017
0.763741
0.768533
0.773392
0.778318
0.783313
0.788375
0.793506
0.798704
0.803971
0.809306
0.814710
0.820182
0.825723
0.831332
0.837010
0.842758
0.848574
0.854459
0.860413
0.866436
0.872528
0.878689
0.884919
0.891219
0.897587
0.904025
0.910532
0.917107
0.923752
0.930465
0.937247
0.944098
0.951018
0.958005
0.965062
0.972186
0.979378
0.986638
0.993966
1.001360
1.008822
1.016351
1.023947
1.031608
1.039336
1.047129
1.054987
1.062911
1.070898
1.078950
1.087065
1.095244
1.103484
1.111787
1.120152
1.128577
1.137062
1.145607
1.154211
1.162874
1.171594
1.180370
1.189203
1.198090
1.207032
1.216028
1.225075
1.234174
1.243324
1.252523
1.261771
1.271066
1.280406
1.289792
1.299222
1.308694
1.318207
1.327759
1.337351
1.346979
1.356643
1.366340
1.376070
1.385831
1.395621
1.405438
1.415282
1.425149
1.435038
1.444948
1.454875
1.464820
1.474778
1.484749
1.494730
1.504719
1.514714
1.524713
1.534713
1.544712
1.554707
1.564697
1.574679
1.584649
1.594607
1.604548
1.614471
1.624373
1.634251
1.644102
1.653923
1.663712
1.673466
1.683181
1.692856
1.702486
1.712069
1.721602
1.731081
1.740505
1.749868
1.759169
1.768404
1.777570
1.786664
1.795682
1.804621
1.813477
1.822249
1.830932
1.839522
1.848018
1.856414
1.864709
1.872898
1.880978
1.888947
1.896800
1.904535
1.912148
1.919635
1.926995
1.934223
1.941316
1.948271
1.955086
1.961756
1.968279
1.974652
1.980872
1.986936
1.992842
1.998585
2.004164
2.009576
2.014818
2.019888
2.024784
2.029502
2.034040
2.038396
2.042569
2.046555
2.050353
2.053961
2.057377
2.060599
2.063625
2.066455
2.069086
2.071517
2.073746
2.075774
2.077597
2.079217
2.080631
2.081838
2.082839
2.083633
2.084219
2.084597
2.084766
2.084727
2.084479
2.084024
2.083360
2.082488
2.081409
2.080123
