0.119095
0.138181
0.157254
0.176314
0.195358
0.214384
0.233391
0.252377
0.271340
0.290277
0.309188
0.328071
0.346922
0.365742
0.384527
0.403277
0.421990
0.440663
0.459295
0.477884
0.496429
0.514928
0.533379
0.551781
0.570132
0.588431
0.606676
0.624865
0.642997
0.661071
0.679084
0.697036
0.714925
0.732750
0.750509
0.768202
0.785826
0.803380
0.820864
0.838275
0.855613
0.872877
0.890065
0.907176
0.924210
0.941164
0.958039
0.974833
0.991544
1.008173
1.024718
1.041178
1.057552
1.073840
1.090040
1.106153
1.122176
1.138110
1.153953
1.169706
1.185366
1.200935
1.216410
1.231792
1.247080
1.262273
1.277371
1.292373
1.307280
1.322090
1.336803
1.351418
1.365936
1.380356
1.394678
1.408901
1.423025
1.437051
1.450976
1.464803
1.478529
1.492156
1.505683
1.519109
1.532435
1.545661
1.558787
1.571812
1.584737
1.597561
1.610284
1.622907
1.635430
1.647852
1.660174
1.672396
1.684517
1.696539
1.708461
1.720282
1.732005
1.743627
1.755151
1.766575
1.777901
1.789128
1.800256
1.811286
1.822219
1.833053
1.843790
1.854430
1.864973
1.875419
1.885769
1.896023
1.906181
1.916244
1.926212
1.936085
1.945864
1.955549
1.965140
1.974637
1.984042
1.993354
2.002574
2.011702
2.020738
2.029684
2.038539
2.047303
2.055978
2.064563
2.073059
2.081466
2.089785
2.098016
2.106160
2.114216
2.122186
2.130069
2.137867
2.145580
2.153207
2.160750
2.168208
2.175583
2.182875
2.190083
2.197209
2.204253
2.211216
2.218097
2.224897
2.231617
2.238257
2.244817
2.251299
2.257701
2.264025
2.270271
2.276440
2.282531
2.288546
2.294484
2.300346
2.306133
2.311844
2.317481
2.323044
2.328532
2.333947
2.339288
2.344557
2.349753
2.354877
2.359929
2.364910
2.369820
2.374659
2.379427
2.384126
2.388755
2.393315
2.397806
2.402228
2.406582
2.410867
2.415086
2.419237
2.423321
2.427338
2.431289
2.435173
2.438992
2.442746
2.446434
2.450057
2.453616
2.457111
2.460541
2.463908
2.467211
2.470450
2.473627
2.476741
2.479793
2.482782
2.485709
2.488575
2.491379
2.494121
2.496803
2.499424
2.501984
2.504484
2.506923
2.509302
2.511622
2.513882
2.516082
2.518224
2.520306
2.522329
2.524293
2.526199
2.528047
2.529836
2.531567
2.533241
2.534856
2.536414
2.537914
2.539357
2.540742
2.542070
2.543342
2.544556
2.545713
2.546814
2.547858
2.548846
2.549777
2.550652
2.551470
2.552232
2.552938
2.553588
2.554182
2.554720
2.555202
2.555628
2.555998
2.556313
2.556571
2.556774
2.556921
2.557013
2.557049
2.557029
2.556953
2.556822
2.556635
2.556392
2.556094
2.555740
2.555330
2.554864
2.554342
2.553765
2.553131
2.552442
2.551697
2.550895
2.550038
2.549124
2.548154
2.547127
2.546045
2.544905
2.543709
2.542456
2.541147
2.539781
2.538357
2.536877
2.535339
2.533744
2.532091
2.530381
2.528612
2.526786
2.524902
2.522960
2.520960
2.518900
2.516783
2.514606
2.512370
2.510075
2.507721
2.505307
2.502833
2.500300
2.497706
2.495052
2.492337
2.489562
2.486725
2.483828
2.480868
2.477848
2.474765
2.471620
2.468413
2.465143
2.461810
2.458414
2.454954
2.451431
2.447844
2.444192
2.440477
2.436696
2.432850
2.428939
2.424962
2.420920
2.416811
2.412635
2.408392
2.404083
2.399706
2.395261
2.390748
2.386166
2.381515
2.376796
2.372007
2.367148
2.362219
2.357219
2.352149
2.347007
2.341793
2.336508
2.331150
2.325720
2.320216
2.314640
2.308989
2.303264
2.297464
2.291590
2.285640
2.279614
2.273513
2.267334
2.261079
2.254746
2.248336
2.241848
2.235281
2.228635
2.221909
2.215104
2.208219
2.201253
2.194206
2.187078
2.179868
2.172575
2.165200
2.157742
2.150200
2.142575
2.134865
2.127070
2.119191
2.111225
2.103174
2.095036
2.086812
2.078500
2.070100
2.061613
2.053037
2.044372
2.035618
2.026775
2.017841
2.008817
1.999702
1.990496
1.981198
1.971809
1.962327
1.952752
1.943084
1.933323
1.923468
1.913519
1.903475
1.893337
1.883103
1.872774
1.862349
1.851828
1.841211
1.830497
1.819686
1.808778
1.797772
1.786668
1.775467
1.764167
1.752769
1.741271
1.729675
1.717980
1.706186
1.694292
1.682298
1.670205
1.658012
1.645718
1.633325
1.620831
1.608237
1.595542
1.582747
1.569852
1.556856
1.543759
1.530562
1.517265
1.503867
1.490369
1.476771
1.463072
1.449274
1.435376
1.421377
1.407280
1.393083
1.378787
1.364392
1.349899
1.335307
1.320618
1.305831
1.290946
1.275965
1.260887
1.245713
1.230444
1.215080
1.199621
1.184068
1.168421
1.152682
1.136850
1.120926
1.104912
1.088807
1.072613
1.056330
1.039959
1.023500
1.006955
0.990325
0.973610
0.956811
0.939929
0.922965
0.905920
0.888795
0.871592
0.854311
0.836953
0.819519
0.802011
0.784430
0.766777
0.749054
0.731260
0.713399
0.695471
0.677477
0.659419
0.641298
0.623116
0.604874
0.586574
0.568216
0.549804
0.531337
0.512818
0.494249
0.475630
0.456964
0.438252
0.419496
0.400698
0.381858
0.362980
0.344065
0.325113
0.306129
0.287112
0.268065
0.248990
0.229888
0.210762
0.191612
0.172442
0.153253
0.134047
0.114825
0.095590
0.076344
0.057088
0.037825
0.018555
-0.000718
-0.019993
-0.039267
-0.058540
-0.077809
-0.097072
-0.116327
-0.135573
-0.154807
-0.174027
-0.193232
-0.212420
-0.231589
-0.250736
-0.269861
-0.288960
-0.308033
-0.327078
-0.346092
-0.365074
-0.384022
-0.402934
-0.421809
-0.440645
-0.459440
-0.478192
-0.496899
-0.515561
-0.534175
-0.552740
-0.571253
-0.589714
-0.608121
-0.626473
-0.644767
-0.663002
-0.681178
-0.699291
-0.717342
-0.735328
-0.753249
-0.771102
-0.788887
-0.806601
-0.824245
-0.841817
-0.859315
-0.876738
-0.894086
-0.911356
-0.928549
-0.945662
-0.962695
-0.979646
-0.996516
-1.013302
-1.030004
-1.046621
-1.063152
-1.079596
-1.095953
-1.112221
-1.128400
-1.144490
-1.160488
-1.176395
-1.192211
-1.207933
-1.223563
-1.239098
-1.254539
-1.269886
-1.285137
-1.300292
-1.315351
-1.330313
-1.345178
-1.359946
-1.374616
-1.389187
-1.403660
-1.418035
-1.432310
-1.446486
-1.460563
-1.474540
-1.488417
-1.502194
-1.515871
-1.529448
-1.542924
-1.556300
-1.569576
-1.582751
-1.595826
-1.608800
-1.621673
-1.634447
-1.647119
-1.659692
-1.672164
-1.684536
-1.696808
-1.708980
-1.721053
-1.733026
-1.744899
-1.756673
-1.768348
-1.779924
-1.791402
-1.802781
-1.814062
-1.825245
-1.836330
-1.847318
-1.858209
-1.869003
-1.879700
-1.890302
-1.900807
-1.911217
-1.921531
-1.931751
-1.941876
-1.951907
-1.961845
-1.971688
-1.981439
-1.991097
-2.000662
-2.010136
-2.019518
-2.028809
-2.038009
-2.047119
-2.056139
-2.065069
-2.073911
-2.082663
-2.091328
-2.099904
-2.108393
-2.116795
-2.125111
-2.133340
-2.141484
-2.149543
-2.157517
-2.165406
-2.173211
-2.180933
-2.188572
-2.196129
-2.203603
-2.210995
-2.218306
-2.225537
-2.232687
-2.239757
-2.246747
-2.253658
-2.260491
-2.267246
-2.273922
-2.280522
-2.287044
-2.293490
-2.299860
-2.306154
-2.312374
-2.318518
-2.324588
-2.330584
-2.336506
-2.342356
-2.348132
-2.353837
-2.359469
-2.365030
-2.370520
-2.375939
-2.381288
-2.386567
-2.391777
-2.396917
-2.401989
-2.406992
-2.411928
-2.416795
-2.421596
-2.426329
-2.430996
-2.435597
-2.440132
-2.444602
-2.449007
-2.453346
-2.457622
-2.461833
-2.465980
-2.470065
-2.474086
-2.478044
-2.481940
-2.485773
-2.489545
-2.493255
-2.496904
-2.500492
-2.504020
-2.507487
-2.510894
-2.514241
-2.517529
-2.520757
-2.523927
-2.527038
-2.530090
-2.533085
-2.536021
-2.538899
-2.541721
-2.544485
-2.547192
-2.549842
-2.552435
-2.554973
-2.557454
-2.559880
-2.562250
-2.564564
-2.566823
-2.569027
-2.571176
-2.573271
-2.575311
-2.577297
-2.579228
-2.581106
-2.582930
-2.584700
-2.586416
-2.588080
-2.589690
-2.591247
-2.592751
-2.594202
-2.595601
-2.596947
-2.598241
-2.599482
-2.600671
-2.601808
-2.602894
-2.603927
-2.604908
-2.605838
-2.606716
-2.607543
-2.608318
-2.609042
-2.609715
-2.610336
-2.610906
-2.611425
-2.611893
-2.612310
-2.612676
-2.612991
-2.613255
-2.613468
-2.613630
-2.613741
-2.613802
-2.613812
-2.613770
-2.613678
-2.613535
-2.613342
-2.613097
-2.612802
-2.612455
-2.612058
-2.611610
-2.611111
-2.610560
-2.609959
-2.609307
-2.608603
-2.607848
-2.607042
-2.606185
-2.605276
-2.604316
-2.603304
-2.602240
-2.601125
-2.599958
-2.598738
-2.597467
-2.596144
-2.594768
-2.593341
-2.591860
-2.590327
-2.588741
-2.587103
-2.585411
-2.583667
-2.581869
-2.580017
-2.578112
-2.576153
-2.574141
-2.572074
-2.569953
-2.567777
-2.565547
-2.563263
-2.560923
-2.558528
-2.556078
-2.553572
-2.551010
-2.548392
-2.545718
-2.542988
-2.540201
-2.537358
-2.534457
-2.531499
-2.528483
-2.525409
-2.522278
-2.519088
-2.515839
-2.512532
-2.509165
-2.505739
-2.502254
-2.498708
-2.495103
-2.491437
-2.487710
-2.483922
-2.480072
-2.476161
-2.472188
-2.468153
-2.464055
-2.459894
-2.455670
-2.451382
-2.447031
-2.442615
-2.438135
-2.433589
-2.428979
-2.424303
-2.419560
-2.414752
-2.409877
-2.404935
-2.399925
-2.394848
-2.389702
-2.384488
-2.379206
-2.373853
-2.368432
-2.362940
-2.357377
-2.351744
-2.346040
-2.340264
-2.334416
-2.328495
-2.322502
-2.316435
-2.310295
-2.304081
-2.297792
-2.291428
-2.284989
-2.278474
-2.271883
-2.265216
-2.258471
-2.251649
-2.244749
-2.237770
-2.230713
-2.223577
-2.216361
-2.209064
-2.201688
-2.194230
-2.186691
-2.179070
-2.171367
-2.163581
-2.155712
-2.147760
-2.139723
-2.131602
-2.123396
-2.115105
-2.106728
-2.098265
-2.089715
-2.081078
-2.072353
-2.063541
-2.054640
-2.045651
-2.036572
-2.027404
-2.018146
-2.008797
-1.999358
-1.989828
-1.980205
-1.970491
-1.960685
-1.950785
-1.940793
-1.930707
-1.920527
-1.910253
-1.899884
-1.889421
-1.878862
-1.868208
-1.857457
-1.846611
-1.835668
-1.824628
-1.813491
-1.802256
-1.790924
-1.779494
-1.767966
-1.756339
-1.744614
-1.732790
-1.720866
-1.708844
-1.696722
-1.684500
-1.672179
-1.659758
-1.647236
-1.634615
-1.621893
-1.609071
-1.596149
-1.583126
-1.570003
-1.556779
-1.543455
-1.530030
-1.516505
-1.502879
-1.489153
-1.475327
-1.461401
-1.447374
-1.433248
-1.419022
-1.404697
-1.390272
-1.375749
-1.361126
-1.346405
-1.331586
-1.316669
-1.301655
-1.286543
-1.271335
-1.256030
-1.240629
-1.225133
-1.209543
-1.193857
-1.178078
-1.162206
-1.146240
-1.130183
-1.114035
-1.097795
-1.081466
-1.065048
-1.048541
-1.031946
-1.015264
-0.998496
-0.981644
-0.964707
-0.947686
-0.930583
-0.913399
-0.896135
-0.878791
-0.861369
-0.843870
-0.826294
-0.808644
-0.790921
-0.773125
-0.755257
-0.737320
-0.719314
-0.701241
-0.683101
-0.664898
-0.646631
-0.628302
-0.609913
-0.591465
-0.572960
-0.554398
-0.535783
-0.517115
-0.498396
-0.479628
-0.460811
-0.441949
-0.423042
-0.404092
-0.385101
-0.366071
-0.347003
-0.327899
-0.308761
-0.289592
-0.270391
-0.251163
-0.231907
-0.212627
-0.193323
-0.173999
-0.154655
-0.135294
-0.115918
-0.096528
-0.077126
-0.057715
-0.038296
-0.018872
0.000557
0.019987
0.039417
0.058845
0.078270
0.097688
0.117099
0.136500
0.155889
0.175264
0.194624
0.213967
0.233290
0.252592
0.271871
0.291125
0.310352
0.329550
0.348718
0.367854
0.386955
0.406020
0.425048
0.444036
0.462982
0.481886
0.500745
0.519558
0.538323
0.557038
0.575701
0.594312
0.612868
0.631369
0.649811
0.668195
0.686518
0.704779
0.722976
0.741109
0.759175
0.777174
0.795104
0.812964
0.830752
0.848467
0.866109
0.883675
0.901165
0.918578
0.935912
0.953166
0.970340
0.987432
1.004441
1.021367
1.038208
1.054963
1.071633
1.088215
1.104709
1.121114
1.137429
1.153655
1.169789
1.185832
1.201782
1.217639
1.233403
1.249072
1.264647
1.280127
1.295511
1.310799
1.325990
1.341084
1.356081
1.370980
1.385781
1.400484
1.415088
1.429593
1.443999
1.458305
1.472512
1.486619
1.500626
1.514532
1.528339
1.542045
1.555651
1.569157
1.582562
1.595866
1.609070
1.622174
1.635177
1.648080
1.660882
1.673584
1.686186
1.698688
1.711090
1.723392
1.735595
1.747699
1.759703
1.771608
1.783414
1.795122
1.806731
1.818242
1.829656
1.840972
1.852190
1.863312
1.874337
1.885266
1.896098
1.906835
1.917476
1.928023
1.938474
1.948832
1.959095
1.969265
1.979342
1.989326
1.999217
2.009017
2.018724
2.028341
2.037867
2.047302
2.056648
2.065904
2.075071
2.084149
2.093139
2.102042
2.110857
2.119585
2.128227
2.136783
2.145253
2.153638
2.161939
2.170155
2.178288
2.186338
2.194304
2.202189
2.209992
2.217713
2.225353
2.232913
2.240393
2.247794
2.255116
2.262358
2.269523
2.276610
2.283620
2.290553
2.297410
2.304191
2.310897
2.317528
2.324084
2.330567
2.336975
2.343311
2.349574
2.355765
2.361884
2.367931
2.373908
2.379814
2.385651
2.391417
2.397115
2.402743
2.408303
2.413796
2.419221
2.424578
2.429869
2.435094
2.440253
2.445346
2.450374
2.455338
2.460237
2.465073
2.469844
2.474553
2.479199
2.483782
2.488303
2.492763
2.497161
2.501499
2.505775
2.509992
2.514148
2.518245
2.522283
2.526262
2.530182
2.534044
2.537848
2.541594
2.545283
2.548916
2.552491
2.556010
2.559473
2.562881
2.566232
2.569529
2.572771
2.575958
2.579090
2.582169
2.585194
2.588165
2.591083
2.593947
2.596759
2.599519
2.602226
2.604881
2.607484
2.610036
2.612536
2.614985
2.617384
2.619731
2.622028
2.624274
2.626471
2.628618
2.630714
2.632762
2.634760
2.636708
2.638608
2.640459
2.642261
2.644015
2.645720
2.647378
2.648987
2.650548
2.652062
2.653528
2.654946
2.656318
2.657642
2.658919
2.660148
2.661332
2.662468
2.663558
2.664601
2.665597
2.666548
2.667452
2.668310
2.669122
2.669888
2.670608
2.671282
2.671910
2.672492
2.673029
2.673520
2.673966
2.674366
2.674720
2.675029
2.675293
2.675511
2.675684
2.675811
2.675893
2.675930
2.675922
2.675868
2.675768
2.675624
2.675434
2.675199
2.674918
2.674592
2.674220
2.673803
2.673341
2.672833
2.672280
2.671681
2.671036
2.670345
2.669609
2.668827
2.667999
2.667125
2.666205
2.665239
2.664227
2.663168
2.662063
2.660912
2.659714
2.658469
2.657178
2.655839
2.654454
2.653021
2.651542
2.650015
2.648440
2.646818
2.645147
2.643429
2.641663
2.639849
2.637986
2.636075
2.634115
2.632106
2.630048
2.627941
2.625785
2.623578
2.621322
2.619017
2.616660
2.614254
2.611797
2.609289
2.606730
2.604120
2.601458
2.598745
2.595980
2.593163
2.590293
2.587371
2.584396
2.581367
2.578286
2.575151
2.571961
2.568718
2.565420
2.562068
2.558661
2.555198
2.551680
2.548105
2.544475
2.540789
2.537045
2.533245
2.529387
2.525471
2.521498
2.517466
2.513375
2.509226
2.505017
2.500749
2.496421
2.492032
2.487583
2.483072
2.478500
2.473867
2.469171
2.464413
2.459592
2.454708
2.449760
2.444749
2.439672
2.434532
2.429326
2.424054
2.418717
2.413313
2.407842
2.402305
2.396699
2.391026
2.385285
2.379474
2.373595
2.367645
2.361626
2.355536
2.349376
2.343143
2.336840
2.330463
2.324015
2.317493
2.310897
2.304228
2.297484
2.290665
2.283771
2.276801
2.269754
2.262631
2.255431
2.248153
2.240797
2.233363
2.225849
2.218256
2.210583
2.202830
2.194995
2.187080
2.179082
2.171003
2.162841
2.154595
2.146266
2.137853
2.129355
2.120772
2.112104
2.103350
2.094509
2.085582
2.076568
2.067465
2.058275
2.048996
2.039628
2.030171
2.020624
2.010986
2.001258
1.991439
1.981528
1.971525
1.961430
1.951243
1.940962
1.930587
1.920119
1.909557
1.898900
1.888147
1.877300
1.866357
1.855318
1.844183
1.832951
1.821623
1.810197
1.798674
1.787052
1.775333
1.763516
1.751600
1.739586
1.727472
1.715259
1.702947
1.690536
1.678024
1.665413
1.652702
1.639891
1.626980
1.613968
1.600856
1.587643
1.574330
1.560917
1.547403
1.533789
1.520074
1.506258
1.492343
1.478327
1.464211
1.449995
1.435679
1.421263
1.406748
1.392133
1.377420
1.362607
1.347697
1.332687
1.317580
1.302376
1.287074
1.271676
1.256181
1.240590
1.224904
1.209123
1.193247
1.177278
1.161215
1.145060
1.128813
1.112474
1.096045
1.079526
1.062917
1.046221
1.029436
1.012565
0.995608
0.978566
0.961440
0.944231
0.926939
0.909567
0.892114
0.874582
0.856972
0.839286
0.821523
0.803686
0.785776
0.767794
0.749740
0.731618
0.713426
0.695169
0.676845
0.658458
0.640007
0.621496
0.602925
0.584295
0.565609
0.546867
0.528072
0.509225
0.490327
0.471381
0.452387
0.433348
0.414265
0.395141
0.375976
0.356772
0.337532
0.318257
0.298949
0.279609
0.260240
0.240843
0.221421
0.201975
0.182506
0.163018
0.143512
0.123989
0.104452
0.084903
0.065343
0.045775
0.026200
0.006621
-0.012961
-0.032544
-0.052125
-0.071703
-0.091276
-0.110842
-0.130398
-0.149944
-0.169476
-0.188994
-0.208495
-0.227977
-0.247438
-0.266876
-0.286290
-0.305678
-0.325038
-0.344367
-0.363664
-0.382928
-0.402156
-0.421347
-0.440499
-0.459609
-0.478677
-0.497701
-0.516678
-0.535608
-0.554488
-0.573318
-0.592094
-0.610816
-0.629483
-0.648092
-0.666642
-0.685131
-0.703559
-0.721924
-0.740223
-0.758457
-0.776623
-0.794720
-0.812747
-0.830702
-0.848585
-0.866393
-0.884127
-0.901784
-0.919364
-0.936865
-0.954286
-0.971627
-0.988886
-1.006062
-1.023155
-1.040162
-1.057085
-1.073920
-1.090669
-1.107329
-1.123901
-1.140382
-1.156773
-1.173074
-1.189282
-1.205398
-1.221420
-1.237349
-1.253184
-1.268924
-1.284569
-1.300117
-1.315570
-1.330926
-1.346184
-1.361345
-1.376409
-1.391374
-1.406240
-1.421008
-1.435677
-1.450246
-1.464716
-1.479087
-1.493357
-1.507527
-1.521597
-1.535567
-1.549437
-1.563206
-1.576874
-1.590442
-1.603910
-1.617277
-1.630544
-1.643710
-1.656776
-1.669742
-1.682607
-1.695373
-1.708038
-1.720604
-1.733070
-1.745436
-1.757704
-1.769872
-1.781942
-1.793912
-1.805785
-1.817559
-1.829236
-1.840815
-1.852296
-1.863681
-1.874969
-1.886161
-1.897256
-1.908256
-1.919161
-1.929970
-1.940685
-1.951306
-1.961833
-1.972266
-1.982606
-1.992854
-2.003009
-2.013072
-2.023044
-2.032925
-2.042716
-2.052416
-2.062026
-2.071547
-2.080980
-2.090324
-2.099580
-2.108748
-2.117830
-2.126825
-2.135734
-2.144558
-2.153296
-2.161950
-2.170519
-2.179005
-2.187408
-2.195728
-2.203965
-2.212121
-2.220196
-2.228190
-2.236104
-2.243937
-2.251692
-2.259368
-2.266965
-2.274485
-2.281927
-2.289292
-2.296581
-2.303794
-2.310932
-2.317994
-2.324982
-2.331897
-2.338737
-2.345505
-2.352200
-2.358823
-2.365375
-2.371855
-2.378265
-2.384604
-2.390874
-2.397074
-2.403206
-2.409269
-2.415265
-2.421193
-2.427054
-2.432848
-2.438576
-2.444239
-2.449836
-2.455369
-2.460837
-2.466242
-2.471583
-2.476860
-2.482075
-2.487228
-2.492319
-2.497349
-2.502318
-2.507226
-2.512074
-2.516862
-2.521590
-2.526260
-2.530871
-2.535424
-2.539918
-2.544356
-2.548736
-2.553059
-2.557327
-2.561538
-2.565693
-2.569793
-2.573838
-2.577829
-2.581765
-2.585647
-2.589476
-2.593252
-2.596974
-2.600644
-2.604262
-2.607827
-2.611341
-2.614804
-2.618215
-2.621576
-2.624887
-2.628147
-2.631357
-2.634518
-2.637629
-2.640692
-2.643705
-2.646671
-2.649588
-2.652457
-2.655278
-2.658052
-2.660779
-2.663459
-2.666092
-2.668679
-2.671219
-2.673714
-2.676162
-2.678566
-2.680924
-2.683236
-2.685504
-2.687728
-2.689907
-2.692041
-2.694132
-2.696178
-2.698181
-2.700141
-2.702057
-2.703930
-2.705760
-2.707547
-2.709292
-2.710994
-2.712654
-2.714272
-2.715847
-2.717381
-2.718873
-2.720324
-2.721733
-2.723101
-2.724428
-2.725714
-2.726959
-2.728163
-2.729326
-2.730449
-2.731531
-2.732573
-2.733575
-2.734537
-2.735458
-2.736340
-2.737182
-2.737984
-2.738746
-2.739468
-2.740151
-2.740795
-2.741399
-2.741963
-2.742488
-2.742974
-2.743421
-2.743829
-2.744197
-2.744526
-2.744816
-2.745068
-2.745280
-2.745453
-2.745587
-2.745682
-2.745739
-2.745756
-2.745734
-2.745674
-2.745574
-2.745436
-2.745259
-2.745042
-2.744787
-2.744493
-2.744159
-2.743787
-2.743376
-2.742925
-2.742435
-2.741906
-2.741338
-2.740731
-2.740084
-2.739398
-2.738672
-2.737907
-2.737102
-2.736258
-2.735374
-2.734450
-2.733486
-2.732482
-2.731438
-2.730354
-2.729230
-2.728065
-2.726860
-2.725614
-2.724328
-2.723001
-2.721633
-2.720224
-2.718773
-2.717282
-2.715749
-2.714174
-2.712558
-2.710900
-2.709200
-2.707457
-2.705673
-2.703846
-2.701976
-2.700063
-2.698108
-2.696109
-2.694067
-2.691982
-2.689853
-2.687680
-2.685463
-2.683201
-2.680896
-2.678545
-2.676150
-2.673709
-2.671224
-2.668692
-2.666115
-2.663492
-2.660823
-2.658107
-2.655345
-2.652536
-2.649679
-2.646776
-2.643824
-2.640825
-2.637777
-2.634681
-2.631536
-2.628342
-2.625099
-2.621806
-2.618463
-2.615071
-2.611628
-2.608134
-2.604589
-2.600993
-2.597345
-2.593645
-2.589893
-2.586088
-2.582231
-2.578320
-2.574356
-2.570337
-2.566265
-2.562138
-2.557956
-2.553719
-2.549426
-2.545077
-2.540672
-2.536210
-2.531692
-2.527115
-2.522481
-2.517789
-2.513038
-2.508228
-2.503359
-2.498431
-2.493442
-2.488392
-2.483282
-2.478110
-2.472877
-2.467581
-2.462223
-2.456802
-2.451317
-2.445769
-2.440157
-2.434479
-2.428737
-2.422929
-2.417056
-2.411115
-2.405108
-2.399034
-2.392892
-2.386681
-2.380402
-2.374054
-2.367636
-2.361149
-2.354590
-2.347961
-2.341261
-2.334488
-2.327643
-2.320725
-2.313734
-2.306669
-2.299530
-2.292316
-2.285027
-2.277662
-2.270221
-2.262704
-2.255109
-2.247436
-2.239686
-2.231857
-2.223948
-2.215961
-2.207893
-2.199744
-2.191515
-2.183204
-2.174811
-2.166335
-2.157777
-2.149135
-2.140409
-2.131599
-2.122704
-2.113724
-2.104658
-2.095506
-2.086266
-2.076940
-2.067526
-2.058024
-2.048433
-2.038754
-2.028985
-2.019125
-2.009176
-1.999136
-1.989005
-1.978782
-1.968467
-1.958059
-1.947559
-1.936966
-1.926279
-1.915497
-1.904622
-1.893652
-1.882586
-1.871426
-1.860169
-1.848816
-1.837367
-1.825821
-1.814178
-1.802438
-1.790600
-1.778664
-1.766630
-1.754497
-1.742266
-1.729935
-1.717506
-1.704977
-1.692349
-1.679622
-1.666794
-1.653866
-1.640839
-1.627711
-1.614483
-1.601154
-1.587725
-1.574196
-1.560566
-1.546836
-1.533005
-1.519074
-1.505042
-1.490910
-1.476678
-1.462345
-1.447913
-1.433380
-1.418748
-1.404017
-1.389186
-1.374256
-1.359228
-1.344101
-1.328876
-1.313553
-1.298132
-1.282615
-1.267000
-1.251290
-1.235484
-1.219582
-1.203586
-1.187496
-1.171312
-1.155035
-1.138666
-1.122204
-1.105652
-1.089009
-1.072277
-1.055456
-1.038547
-1.021551
-1.004468
-0.987300
-0.970047
-0.952710
-0.935291
-0.917790
-0.900209
-0.882548
-0.864808
-0.846991
-0.829098
-0.811130
-0.793088
-0.774973
-0.756787
-0.738531
-0.720206
-0.701814
-0.683356
-0.664833
-0.646247
-0.627599
-0.608891
-0.590124
-0.571300
-0.552420
-0.533486
-0.514499
-0.495462
-0.476375
-0.457241
-0.438061
-0.418836
-0.399570
-0.380262
-0.360916
-0.341533
-0.322114
-0.302661
-0.283178
-0.263664
-0.244122
-0.224554
-0.204962
-0.185348
-0.165714
-0.146061
-0.126391
-0.106707
-0.087010
-0.067303
-0.047587
-0.027864
-0.008137
0.011593
0.031325
0.051054
0.070781
0.090503
0.110218
0.129923
0.149618
0.169299
0.188966
0.208616
0.228247
0.247857
0.267445
0.287008
0.306545
0.326054
0.345532
0.364978
0.384390
0.403767
0.423106
0.442406
0.461665
0.480881
0.500052
0.519177
0.538254
0.557282
0.576258
0.595181
0.614050
0.632862
0.651617
0.670313
0.688948
0.707521
0.726030
0.744474
0.762851
0.781161
0.799402
0.817572
0.835670
0.853695
0.871646
0.889521
0.907320
0.925041
0.942683
0.960245
0.977726
0.995125
1.012440
1.029672
1.046818
1.063879
1.080853
1.097739
1.114537
1.131245
1.147863
1.164391
1.180827
1.197171
1.213423
1.229581
1.245645
1.261614
1.277488
1.293267
1.308950
1.324536
1.340025
1.355417
1.370711
1.385907
1.401004
1.416003
1.430903
1.445704
1.460405
1.475007
1.489509
1.503911
1.518212
1.532414
1.546515
1.560515
1.574416
1.588215
1.601915
1.615513
1.629012
1.642410
1.655707
1.668904
1.682001
1.694998
1.707895
1.720693
1.733390
1.745988
1.758487
1.770887
1.783188
1.795391
1.807495
1.819501
1.831409
1.843220
1.854933
1.866550
1.878070
1.889493
1.900821
1.912053
1.923190
1.934232
1.945180
1.956033
1.966793
1.977459
1.988033
1.998514
2.008903
2.019200
2.029406
2.039522
2.049547
2.059482
2.069328
2.079085
2.088753
2.098333
2.107826
2.117232
2.126551
2.135784
2.144932
2.153994
2.162972
2.171865
2.180675
2.189402
2.198047
2.206609
2.215089
2.223489
2.231808
2.240046
2.248206
2.256286
2.264287
2.272211
2.280057
2.287826
2.295518
2.303135
2.310676
2.318142
2.325533
2.332851
2.340095
2.347266
2.354365
2.361391
2.368347
2.375231
2.382045
2.388789
2.395463
2.402069
2.408606
2.415075
2.421477
2.427811
2.434079
2.440281
2.446417
2.452489
2.458495
2.464438
2.470317
2.476133
2.481885
2.487576
2.493205
2.498772
2.504279
2.509725
2.515110
2.520437
2.525704
2.530912
2.536062
2.541155
2.546189
2.551167
2.556088
2.560953
2.565763
2.570517
2.575216
2.579860
2.584450
2.588987
2.593470
2.597900
2.602277
2.606603
2.610876
2.615098
2.619269
2.623389
2.627459
2.631479
2.635449
2.639370
2.643242
2.647065
2.650840
2.654568
2.658247
2.661880
2.665465
2.669004
2.672497
2.675943
2.679344
2.682700
2.686011
2.689277
2.692498
2.695676
2.698809
2.701899
2.704946
2.707950
2.710911
2.713830
2.716707
2.719541
2.722334
2.725086
2.727797
2.730466
2.733096
2.735684
2.738233
2.740742
2.743211
2.745641
2.748032
2.750383
2.752696
2.754971
2.757207
2.759405
2.761565
2.763688
2.765773
2.767821
2.769832
2.771806
2.773743
2.775644
2.777509
2.779337
2.781129
2.782886
2.784607
2.786293
2.787943
2.789558
2.791138
2.792684
2.794194
2.795671
2.797112
2.798520
2.799893
2.801233
2.802539
2.803811
2.805049
2.806254
2.807425
2.808564
2.809669
2.810741
2.811780
2.812787
2.813761
2.814702
2.815611
2.816487
2.817331
2.818142
2.818922
2.819669
2.820385
2.821068
2.821720
2.822339
2.822927
2.823484
2.824008
2.824501
2.824963
2.825393
2.825792
2.826159
2.826495
2.826799
2.827072
2.827314
2.827525
2.827704
2.827853
2.827970
2.828056
2.828111
2.828134
2.828127
2.828088
2.828018
2.827917
2.827785
2.827622
2.827428
2.827202
2.826945
2.826657
2.826338
2.825988
2.825606
2.825193
2.824748
2.824272
2.823765
2.823226
2.822655
2.822053
2.821419
2.820754
2.820056
2.819327
2.818566
2.817773
2.816948
2.816091
2.815202
2.814280
2.813326
2.812339
2.811320
2.810268
2.809184
2.808066
2.806916
2.805733
2.804516
2.803266
2.801983
2.800666
2.799316
2.797932
2.796514
2.795062
2.793576
2.792055
2.790500
2.788911
2.787287
2.785627
2.783933
2.782204
2.780439
2.778639
2.776803
2.774932
2.773024
2.771080
2.769100
2.767083
2.765029
2.762938
2.760811
2.758646
2.756443
2.754203
2.751925
2.749608
2.747254
2.744860
2.742428
2.739957
2.737447
2.734897
2.732308
2.729678
2.727009
2.724298
2.721548
2.718756
2.715923
2.713049
2.710133
2.707175
2.704175
2.701133
2.698047
2.694919
2.691747
2.688532
2.685273
2.681969
2.678621
2.675229
2.671791
2.668308
2.664779
2.661204
2.657583
2.653915
2.650200
2.646438
2.642628
2.638771
2.634864
2.630910
2.626906
2.622853
2.618750
2.614598
2.610395
2.606141
2.601836
2.597479
2.593071
2.588610
2.584097
2.579530
2.574911
2.570237
2.565510
2.560727
2.555890
2.550998
2.546049
2.541045
2.535983
2.530865
2.525690
2.520456
2.515164
2.509814
2.504404
2.498935
2.493405
2.487815
2.482165
2.476453
2.470679
2.464842
2.458943
2.452981
2.446956
2.440866
2.434711
2.428492
2.422207
2.415856
2.409438
2.402954
2.396402
2.389782
2.383094
2.376337
2.369510
2.362614
2.355647
2.348610
2.341501
2.334320
2.327067
2.319741
2.312342
2.304869
2.297321
2.289699
2.282001
2.274227
2.266377
2.258450
2.250446
2.242364
2.234203
2.225963
2.217644
2.209245
2.200766
2.192206
2.183564
2.174840
2.166034
2.157145
2.148172
2.139116
2.129975
2.120749
2.111438
2.102040
2.092557
2.082986
2.073328
2.063583
2.053749
2.043826
2.033814
2.023713
2.013521
2.003239
1.992865
1.982401
1.971844
1.961195
1.950454
1.939619
1.928691
1.917669
1.906552
1.895341
1.884035
1.872633
1.861136
1.849543
1.837853
1.826066
1.814183
1.802202
1.790123
1.777946
1.765672
1.753298
1.740826
1.728256
1.715586
1.702816
1.689947
1.676979
1.663910
1.650742
1.637474
1.624105
1.610636
1.597066
1.583397
1.569626
1.555755
1.541784
1.527712
1.513540
1.499267
1.484895
1.470421
1.455848
1.441175
1.426402
1.411529
1.396558
1.381486
1.366316
1.351048
1.335681
1.320216
1.304654
1.288994
1.273237
1.257384
1.241435
1.225391
1.209252
1.193018
1.176691
1.160270
1.143756
1.127151
1.110454
1.093667
1.076790
1.059824
1.042769
1.025627
1.008399
0.991085
0.973686
0.956203
0.938637
0.920990
0.903261
0.885453
0.867566
0.849602
0.831561
0.813445
0.795255
0.776992
0.758658
0.740253
0.721779
0.703238
0.684631
0.665959
0.647224
0.628427
0.609570
0.590653
0.571680
0.552650
0.533567
0.514431
0.495244
0.476008
0.456724
0.437395
0.418021
0.398605
0.379148
0.359653
0.340120
0.320552
0.300951
0.281319
0.261657
0.241966
0.222251
0.202511
0.182749
0.162967
0.143167
0.123350
0.103519
0.083676
0.063823
0.043961
0.024093
0.004221
-0.015654
-0.035529
-0.055403
-0.075273
-0.095138
-0.114995
-0.134842
-0.154679
-0.174501
-0.194309
-0.214099
-0.233869
-0.253619
-0.273345
-0.293046
-0.312720
-0.332365
-0.351980
-0.371561
-0.391109
-0.410620
-0.430093
-0.449525
-0.468917
-0.488264
-0.507567
-0.526822
-0.546029
-0.565186
-0.584291
-0.603342
-0.622338
-0.641277
-0.660157
-0.678978
-0.697738
-0.716434
-0.735066
-0.753633
-0.772132
-0.790563
-0.808924
-0.827214
-0.845431
-0.863575
-0.881643
-0.899636
-0.917551
-0.935388
-0.953145
-0.970821
-0.988416
-1.005928
-1.023357
-1.040700
-1.057959
-1.075130
-1.092214
-1.109211
-1.126118
-1.142935
-1.159662
-1.176297
-1.192841
-1.209292
-1.225650
-1.241913
-1.258083
-1.274157
-1.290136
-1.306020
-1.321806
-1.337496
-1.353088
-1.368583
-1.383980
-1.399279
-1.414478
-1.429579
-1.444581
-1.459483
-1.474286
-1.488988
-1.503591
-1.518094
-1.532496
-1.546798
-1.561000
-1.575101
-1.589102
-1.603002
-1.616802
-1.630501
-1.644100
-1.657599
-1.670997
-1.684295
-1.697493
-1.710591
-1.723589
-1.736488
-1.749288
-1.761988
-1.774589
-1.787091
-1.799495
-1.811801
-1.824008
-1.836118
-1.848131
-1.860046
-1.871865
-1.883587
-1.895213
-1.906743
-1.918178
-1.929518
-1.940763
-1.951914
-1.962971
-1.973934
-1.984805
-1.995583
-2.006268
-2.016862
-2.027365
-2.037777
-2.048098
-2.058329
-2.068471
-2.078524
-2.088489
-2.098365
-2.108154
-2.117856
-2.127471
-2.137000
-2.146443
-2.155802
-2.165076
-2.174266
-2.183372
-2.192396
-2.201337
-2.210196
-2.218974
-2.227671
-2.236287
-2.244824
-2.253281
-2.261659
-2.269960
-2.278182
-2.286328
-2.294397
-2.302389
-2.310306
-2.318148
-2.325916
-2.333610
-2.341230
-2.348777
-2.356252
-2.363655
-2.370987
-2.378248
-2.385439
-2.392559
-2.399611
-2.406594
-2.413509
-2.420357
-2.427137
-2.433850
-2.440498
-2.447080
-2.453596
-2.460049
-2.466437
-2.472761
-2.479023
-2.485222
-2.491359
-2.497434
-2.503448
-2.509402
-2.515295
-2.521129
-2.526904
-2.532620
-2.538278
-2.543878
-2.549421
-2.554907
-2.560337
-2.565711
-2.571029
-2.576293
-2.581502
-2.586657
-2.591758
-2.596806
-2.601802
-2.606745
-2.611636
-2.616476
-2.621265
-2.626003
-2.630691
-2.635329
-2.639918
-2.644458
-2.648949
-2.653392
-2.657788
-2.662136
-2.666437
-2.670692
-2.674900
-2.679063
-2.683180
-2.687252
-2.691280
-2.695263
-2.699202
-2.703098
-2.706950
-2.710760
-2.714527
-2.718252
-2.721935
-2.725577
-2.729177
-2.732737
-2.736256
-2.739735
-2.743174
-2.746574
-2.749935
-2.753256
-2.756540
-2.759785
-2.762992
-2.766161
-2.769293
-2.772388
-2.775446
-2.778468
-2.781454
-2.784404
-2.787318
-2.790197
-2.793041
-2.795851
-2.798625
-2.801366
-2.804072
-2.806745
-2.809385
-2.811991
-2.814564
-2.817105
-2.819613
-2.822089
-2.824533
-2.826945
-2.829326
-2.831676
-2.833994
-2.836282
-2.838539
-2.840766
-2.842963
-2.845130
-2.847267
-2.849374
-2.851453
-2.853502
-2.855522
-2.857514
-2.859477
-2.861411
-2.863318
-2.865197
-2.867048
-2.868871
-2.870667
-2.872436
-2.874178
-2.875893
-2.877582
-2.879243
-2.880879
-2.882488
-2.884071
-2.885629
-2.887160
-2.888666
-2.890147
-2.891602
-2.893033
-2.894438
-2.895818
-2.897174
-2.898505
-2.899812
-2.901094
-2.902352
-2.903586
-2.904797
-2.905983
-2.907146
-2.908285
-2.909401
-2.910493
-2.911562
-2.912608
-2.913631
-2.914631
-2.915608
-2.916563
-2.917494
-2.918404
-2.919291
-2.920155
-2.920997
-2.921817
-2.922615
-2.923391
-2.924145
-2.924877
-2.925588
-2.926276
-2.926943
-2.927589
-2.928213
-2.928815
-2.929396
-2.929956
-2.930494
-2.931011
-2.931508
-2.931983
-2.932436
-2.932869
-2.933281
-2.933672
-2.934042
-2.934392
-2.934720
-2.935028
-2.935315
-2.935581
-2.935826
-2.936051
-2.936256
-2.936439
-2.936602
-2.936745
-2.936867
-2.936968
-2.937049
-2.937109
-2.937149
-2.937168
-2.937167
-2.937145
-2.937103
-2.937040
-2.936957
-2.936853
-2.936729
-2.936584
-2.936419
-2.936233
-2.936026
-2.935799
-2.935551
-2.935283
-2.934994
-2.934684
-2.934354
-2.934003
-2.933631
-2.933238
-2.932824
-2.932390
-2.931935
-2.931458
-2.930961
-2.930442
-2.929903
-2.929342
-2.928760
-2.928157
-2.927532
-2.926886
-2.926218
-2.925529
-2.924819
-2.924087
-2.923333
-2.922557
-2.921759
-2.920940
-2.920098
-2.919235
-2.918349
-2.917441
-2.916510
-2.915557
-2.914582
-2.913584
-2.912563
-2.911519
-2.910453
-2.909363
-2.908250
-2.907114
-2.905955
-2.904772
-2.903566
-2.902336
-2.901082
-2.899804
-2.898502
-2.897176
-2.895826
-2.894451
-2.893051
-2.891627
-2.890178
-2.888704
-2.887205
-2.885681
-2.884131
-2.882556
-2.880955
-2.879328
-2.877675
-2.875996
-2.874291
-2.872559
-2.870800
-2.869015
-2.867202
-2.865363
-2.863496
-2.861601
-2.859679
-2.857729
-2.855750
-2.853744
-2.851709
-2.849645
-2.847552
-2.845431
-2.843280
-2.841099
-2.838889
-2.836649
-2.834379
-2.832079
-2.829748
-2.827386
-2.824994
-2.822570
-2.820115
-2.817628
-2.815109
-2.812558
-2.809974
-2.807358
-2.804709
-2.802027
-2.799312
-2.796563
-2.793780
-2.790963
-2.788111
-2.785225
-2.782304
-2.779348
-2.776356
-2.773328
-2.770264
-2.767164
-2.764028
-2.760854
-2.757643
-2.754395
-2.751109
-2.747784
-2.744422
-2.741020
-2.737579
-2.734100
-2.730580
-2.727020
-2.723420
-2.719780
-2.716098
-2.712375
-2.708610
-2.704804
-2.700955
-2.697063
-2.693128
-2.689150
-2.685128
-2.681062
-2.676951
-2.672796
-2.668595
-2.664349
-2.660057
-2.655718
-2.651332
-2.646900
-2.642420
-2.637892
-2.633315
-2.628690
-2.624016
-2.619292
-2.614519
-2.609695
-2.604820
-2.599894
-2.594916
-2.589887
-2.584805
-2.579670
-2.574481
-2.569239
-2.563943
-2.558592
-2.553186
-2.547724
-2.542206
-2.536632
-2.531001
-2.525312
-2.519566
-2.513761
-2.507898
-2.501975
-2.495993
-2.489950
-2.483847
-2.477682
-2.471456
-2.465167
-2.458816
-2.452402
-2.445924
-2.439382
-2.432775
-2.426103
-2.419365
-2.412561
-2.405691
-2.398753
-2.391748
-2.384674
-2.377532
-2.370320
-2.363039
-2.355687
-2.348264
-2.340771
-2.333205
-2.325567
-2.317855
-2.310071
-2.302212
-2.294279
-2.286271
-2.278187
-2.270028
-2.261791
-2.253478
-2.245086
-2.236617
-2.228068
-2.219441
-2.210733
-2.201946
-2.193077
-2.184127
-2.175095
-2.165981
-2.156784
-2.147503
-2.138139
-2.128690
-2.119156
-2.109536
-2.099831
-2.090039
-2.080159
-2.070193
-2.060139
-2.049996
-2.039764
-2.029443
-2.019032
-2.008530
-1.997938
-1.987255
-1.976480
-1.965613
-1.954653
-1.943601
-1.932455
-1.921215
-1.909881
-1.898453
-1.886929
-1.875311
-1.863596
-1.851786
-1.839879
-1.827876
-1.815776
-1.803578
-1.791283
-1.778889
-1.766398
-1.753808
-1.741120
-1.728332
-1.715445
-1.702460
-1.689374
-1.676189
-1.662904
-1.649519
-1.636034
-1.622449
-1.608763
-1.594977
-1.581090
-1.567104
-1.553016
-1.538828
-1.524540
-1.510151
-1.495662
-1.481072
-1.466382
-1.451593
-1.436703
-1.421714
-1.406625
-1.391436
-1.376149
-1.360763
-1.345278
-1.329696
-1.314015
-1.298237
-1.282362
-1.266390
-1.250322
-1.234158
-1.217899
-1.201545
-1.185097
-1.168556
-1.151922
-1.135195
-1.118377
-1.101467
-1.084468
-1.067379
-1.050202
-1.032936
-1.015584
-0.998146
-0.980622
-0.963014
-0.945323
-0.927550
-0.909695
-0.891761
-0.873747
-0.855655
-0.837486
-0.819242
-0.800924
-0.782532
-0.764068
-0.745534
-0.726930
-0.708258
-0.689520
-0.670717
-0.651850
-0.632921
-0.613931
-0.594882
-0.575775
-0.556613
-0.537395
-0.518125
-0.498804
-0.479433
-0.460014
-0.440549
-0.421040
-0.401487
-0.381895
-0.362262
-0.342593
-0.322888
-0.303150
-0.283380
-0.263580
-0.243752
-0.223898
-0.204020
-0.184119
-0.164199
-0.144260
-0.124305
-0.104335
-0.084353
-0.064360
-0.044359
-0.024352
-0.004340
0.015674
0.035688
0.055701
0.075711
0.095715
0.115711
0.135698
0.155673
0.175635
0.195581
0.215510
0.235419
0.255307
0.275172
0.295011
0.314823
0.334606
0.354359
0.374078
0.393762
0.413410
0.433020
0.452589
0.472117
0.491601
0.511039
0.530430
0.549772
0.569063
0.588302
0.607487
0.626617
0.645689
0.664703
0.683657
0.702549
0.721377
0.740141
0.758839
0.777469
0.796031
0.814522
0.832941
0.851288
0.869560
0.887758
0.905878
0.923921
0.941885
0.959770
0.977573
0.995294
1.012932
1.030486
1.047954
1.065337
1.082633
1.099842
1.116961
1.133992
1.150932
1.167781
1.184539
1.201205
1.217777
1.234256
1.250641
1.266932
1.283126
1.299226
1.315229
1.331135
1.346944
1.362656
1.378270
1.393785
1.409202
1.424520
1.439740
1.454859
1.469879
1.484800
1.499620
1.514341
1.528961
1.543480
1.557900
1.572219
1.586437
1.600555
1.614573
1.628490
1.642307
1.656023
1.669639
1.683155
1.696570
1.709886
1.723102
1.736219
1.749236
1.762153
1.774972
1.787692
1.800314
1.812837
1.825262
1.837590
1.849820
1.861954
1.873990
1.885930
1.897774
1.909522
1.921175
1.932733
1.944197
1.955566
1.966841
1.978024
1.989113
2.000110
2.011015
2.021828
2.032550
2.043181
2.053723
2.064174
2.074537
2.084810
2.094996
2.105094
2.115104
2.125028
2.134866
2.144617
2.154284
2.163866
2.173364
2.182779
2.192110
2.201359
2.210526
2.219611
2.228616
2.237540
2.246385
2.255150
2.263837
2.272446
2.280977
2.289431
2.297808
2.306110
2.314336
2.322488
2.330565
2.338568
2.346499
2.354357
2.362143
2.369857
2.377501
2.385074
2.392578
2.400012
2.407377
2.414675
2.421905
2.429068
2.436164
2.443194
2.450159
2.457059
2.463895
2.470667
2.477376
2.484021
2.490605
2.497127
2.503588
2.509989
2.516329
2.522609
2.528831
2.534994
2.541099
2.547147
2.553137
2.559071
2.564949
2.570771
2.576539
2.582251
2.587910
2.593515
2.599068
2.604567
2.610015
2.615410
2.620755
2.626049
2.631293
2.636487
2.641631
2.646727
2.651775
2.656774
2.661726
2.666631
2.671489
2.676302
2.681068
2.685789
2.690465
2.695097
2.699685
2.704229
2.708730
2.713189
2.717605
2.721979
2.726311
2.730603
2.734853
2.739064
2.743234
2.747365
2.751456
2.755509
2.759524
2.763500
2.767439
2.771340
2.775205
2.779033
2.782825
2.786581
2.790301
2.793987
2.797638
2.801254
2.804837
2.808385
2.811900
2.815383
2.818832
2.822249
2.825634
2.828988
2.832310
2.835601
2.838861
2.842091
2.845291
2.848461
2.851601
2.854713
2.857795
2.860849
2.863874
2.866872
2.869842
2.872784
2.875700
2.878588
2.881450
2.884286
2.887096
2.889880
2.892639
2.895372
2.898081
2.900765
2.903425
2.906060
2.908672
2.911260
2.913825
2.916367
2.918886
2.921383
2.923857
2.926309
2.928739
2.931148
2.933535
2.935902
2.938247
2.940572
2.942876
2.945160
2.947425
2.949669
2.951894
2.954100
2.956287
2.958455
2.960604
2.962735
2.964848
2.966943
2.969020
2.971079
2.973122
2.975147
2.977155
2.979146
2.981121
2.983079
2.985022
2.986948
2.988859
2.990754
2.992634
2.994498
2.996348
2.998182
3.000003
3.001808
3.003600
3.005377
3.007141
3.008890
3.010627
3.012350
3.014059
3.015756
3.017440
3.019111
3.020770
3.022416
3.024050
3.025672
3.027282
3.028881
3.030468
3.032044
3.033608
3.035162
3.036704
3.038236
3.039757
3.041268
3.042769
3.044259
3.045740
3.047211
3.048672
3.050123
3.051565
3.052998
3.054422
3.055837
3.057243
3.058640
3.060029
3.061410
3.062782
3.064146
3.065503
3.066851
3.068192
3.069525
3.070851
3.072170
3.073481
3.074786
3.076083
3.077374
3.078658
3.079936
3.081207
3.082472
3.083731
3.084985
3.086232
3.087473
3.088709
3.089940
3.091165
3.092385
3.093600
3.094809
3.096014
3.097215
3.098410
3.099602
3.100789
3.101971
3.103150
3.104324
3.105495
3.106662
3.107825
3.108984
3.110141
3.111294
3.112443
3.113590
3.114734
3.115875
3.117013
3.118149
3.119282
3.120413
3.121541
3.122668
3.123792
3.124915
3.126035
3.127154
3.128272
3.129388
3.130502
3.131616
3.132728
3.133839
3.134949
3.136059
3.137168
3.138276
3.139384
3.140492
3.141599
3.142706
3.143814
3.144921
3.146028
3.147136
3.148245
3.149354
3.150463
3.151574
3.152685
3.153797
3.154910
3.156025
3.157141
3.158258
3.159377
3.160498
3.161621
3.162745
3.163871
3.165000
3.166131
3.167264
3.168400
3.169538
3.170679
3.171822
3.172969
3.174119
3.175272
3.176428
3.177588
3.178751
3.179917
3.181088
3.182262
3.183441
3.184623
3.185810
3.187001
3.188196
3.189397
3.190601
3.191811
3.193026
3.194245
3.195470
3.196700
3.197936
3.199177
3.200424
3.201676
3.202935
3.204200
3.205471
3.206748
3.208031
3.209322
3.210618
3.211922
3.213233
3.214551
3.215876
3.217208
3.218548
3.219895
3.221251
3.222614
3.223985
3.225365
3.226752
3.228148
3.229553
3.230967
3.232389
3.233820
3.235261
3.236711
3.238170
3.239639
3.241118
3.242606
3.244105
3.245613
3.247132
3.248662
3.250202
3.251753
3.253315
3.254888
3.256472
3.258068
3.259675
3.261294
3.262925
3.264568
3.266223
3.267891
3.269571
3.271264
3.272970
3.274689
3.276421
3.278166
3.279925
3.281698
3.283485
3.285286
3.287101
3.288930
3.290774
3.292633
3.294507
3.296397
3.298301
3.300222
3.302158
3.304109
3.306078
3.308062
3.310063
3.312081
3.314115
3.316167
3.318236
3.320323
3.322427
3.324549
3.326690
3.328849
3.331026
3.333223
3.335438
3.337672
3.339926
3.342200
3.344493
3.346807
3.349141
3.351496
3.353871
3.356268
3.358685
3.361125
3.363586
3.366069
3.368574
3.371102
3.373652
3.376226
3.378822
3.381442
3.384086
3.386754
3.389446
3.392163
3.394904
3.397671
3.400462
3.403280
3.406123
3.408992
3.411888
3.414810
3.417760
3.420736
3.423740
3.426772
3.429832
3.432921
3.436038
3.439184
3.442360
3.445565
3.448800
3.452065
3.455361
3.458688
3.462045
3.465435
3.468856
3.472309
3.475795
3.479313
3.482865
3.486450
3.490069
3.493722
3.497409
3.501132
3.504889
3.508682
3.512511
3.516376
3.520278
3.524217
3.528193
3.532206
3.536258
3.540348
3.544477
3.548646
3.552854
3.557101
3.561390
3.565719
3.570089
3.574500
3.578954
3.583450
3.587988
3.592570
3.597196
3.601865
3.606579
3.611338
3.616142
3.620991
3.625887
3.630830
3.635819
3.640856
3.645940
3.651073
3.656255
3.661486
3.666767
3.672098
3.677479
3.682912
3.688396
3.693932
3.699521
3.705162
3.710857
3.716606
3.722409
3.728267
3.734181
3.740150
3.746176
3.752259
3.758399
3.764596
3.770853
3.777168
3.783542
3.789977
3.796472
3.803027
3.809644
3.816324
3.823065
3.829870
3.836738
3.843671
3.850668
3.857730
3.864858
3.872052
3.879312
3.886641
3.894036
3.901501
3.909034
3.916637
3.924310
3.932053
3.939868
3.947754
3.955712
3.963743
3.971848
3.980026
3.988279
3.996607
4.005010
4.013490
4.022046
4.030679
4.039390
4.048179
4.057047
4.065995
4.075022
4.084130
4.093319
4.102589
4.111942
4.121377
4.130895
4.140497
4.150183
4.159954
4.169810
4.179752
4.189781
4.199896
4.210098
4.220388
4.230767
4.241234
4.251790
4.262437
4.273173
4.284000
4.294919
4.305929
4.317031
4.328225
4.339513
4.350893
4.362368
4.373937
4.385600
4.397358
4.409212
4.421161
4.433206
4.445348
4.457587
4.469922
4.482355
4.494886
4.507514
4.520241
4.533066
4.545990
4.559013
4.572136
4.585357
4.598678
4.612099
4.625620
4.639241
4.652962
4.666784
4.680705
4.694727
4.708850
4.723073
4.737397
4.751821
4.766345
4.780970
4.795695
4.810521
4.825446
4.840472
4.855597
4.870822
4.886147
4.901570
4.917093
4.932714
4.948433
4.964250
4.980165
4.996177
5.012286
5.028492
5.044793
5.061189
5.077681
5.094266
5.110946
5.127718
5.144583
5.161540
5.178587
5.195725
5.212953
5.230269
5.247674
5.265165
5.282743
5.300406
5.318153
5.335984
5.353897
5.371891
5.389966
5.408120
5.426352
5.444661
5.463046
5.481505
5.500037
5.518641
5.537316
5.556061
5.574873
5.593752
5.612695
5.631703
5.650773
5.669903
5.689093
5.708340
5.727644
5.747001
5.766412
5.785873
5.805384
5.824943
5.844548
5.864197
5.883889
5.903621
5.923392
5.943200
5.963044
5.982920
6.002829
6.022766
6.042732
6.062723
6.082738
6.102775
6.122832
6.142907
6.162998
6.183102
6.203219
6.223346
6.243481
6.263621
6.283766
6.303913
6.324059
6.344204
6.364344
6.384479
6.404605
6.424721
6.444825
6.464915
6.484988
6.505044
6.525080
6.545094
6.565083
6.585047
6.604983
6.624889
6.644764
6.664605
6.684411
6.704179
6.723909
6.743597
6.763243
6.782844
6.802399
6.821907
6.841364
6.860770
6.880124
6.899422
6.918665
6.937849
6.956974
6.976038
6.995040
7.013978
7.032850
7.051655
7.070393
7.089060
7.107657
7.126181
7.144632
7.163008
7.181308
7.199531
7.217676
7.235741
7.253725
7.271628
7.289448
7.307185
7.324836
7.342402
7.359882
7.377274
7.394578
7.411793
7.428918
7.445952
7.462895
7.479745
7.496504
7.513168
7.529739
7.546215
7.562596
7.578882
7.595071
7.611163
7.627159
7.643057
7.658858
7.674560
7.690164
7.705669
7.721075
7.736381
7.751588
7.766695
7.781703
7.796610
7.811417
7.826124
7.840730
7.855236
7.869642
7.883946
7.898151
7.912255
7.926258
7.940162
7.953965
7.967667
7.981270
7.994773
8.008176
8.021479
8.034683
8.047788
8.060794
8.073701
8.086510
8.099221
8.111833
8.124348
8.136766
8.149087
8.161311
8.173439
8.185471
8.197407
8.209248
8.220995
8.232647
8.244205
8.255669
8.267041
8.278319
8.289506
8.300600
8.311604
8.322516
8.333338
8.344070
8.354713
8.365267
8.375733
8.386111
8.396401
8.406605
8.416722
8.426754
8.436700
8.446561
8.456339
8.466033
8.475644
8.485172
8.494618
8.503983
8.513267
8.522471
8.531596
8.540641
8.549607
8.558496
8.567307
8.576042
8.584700
8.593282
8.601790
8.610223
8.618582
8.626867
8.635080
8.643221
8.651290
8.659288
8.667215
8.675073
8.682861
8.690581
8.698232
8.705816
8.713333
8.720783
8.728167
8.735487
8.742741
8.749931
8.757058
8.764122
8.771123
8.778062
8.784940
8.791757
8.798514
8.805211
8.811849
8.818429
8.824950
8.831414
8.837821
8.844171
8.850466
8.856705
8.862889
8.869019
8.875096
8.881119
8.887089
8.893007
8.898874
8.904689
8.910454
8.916168
8.921833
8.927448
8.933015
8.938534
8.944005
8.949429
8.954806
8.960137
8.965423
8.970663
8.975858
8.981009
8.986117
8.991181
8.996202
9.001180
9.006117
9.011012
9.015866
9.020680
9.025453
9.030187
9.034881
9.039537
9.044154
9.048733
9.053275
9.057780
9.062248
9.066680
9.071076
9.075436
9.079762
9.084053
9.088310
9.092533
9.096723
9.100880
9.105004
9.109096
9.113157
9.117186
9.121184
9.125152
9.129089
9.132997
9.136875
9.140724
9.144545
9.148337
9.152101
9.155838
9.159547
9.163230
9.166886
9.170516
9.174120
9.177699
9.181253
9.184782
9.188287
9.191768
9.195225
9.198659
9.202070
9.205458
9.208824
9.212168
9.215490
9.218791
9.222071
9.225330
9.228569
9.231788
9.234987
9.238167
9.241328
9.244470
9.247594
9.250700
9.253787
9.256858
9.259911
9.262947
9.265967
9.268970
9.271957
9.274929
9.277885
9.280827
9.283753
9.286665
9.289563
9.292447
9.295317
9.298174
9.301018
9.303849
9.306668
9.309475
9.312269
9.315052
9.317824
9.320584
9.323334
9.326074
9.328803
9.331522
9.334231
9.336931
9.339622
9.342304
9.344978
9.347643
9.350300
9.352949
9.355591
9.358225
9.360853
9.363474
9.366088
9.368696
9.371299
9.373895
9.376486
9.379073
9.381654
9.384230
9.386803
9.389371
9.391935
9.394496
9.397053
9.399607
9.402159
9.404708
9.407255
9.409799
9.412342
9.414884
9.417424
9.419963
9.422502
9.425039
9.427577
9.430115
9.432653
9.435191
9.437731
9.440271
9.442813
9.445356
9.447901
9.450448
9.452998
9.455550
9.458105
9.460663
9.463224
9.465789
9.468358
9.470931
9.473509
9.476091
9.478678
9.481270
9.483868
9.486471
9.489081
9.491696
9.494318
9.496947
9.499583
9.502226
9.504877
9.507535
9.510202
9.512877
9.515560
9.518253
9.520954
9.523665
9.526386
9.529116
9.531857
9.534609
9.537371
9.540144
9.542929
9.545725
9.548533
9.551354
9.554187
9.557032
9.559891
9.562763
9.565648
9.568548
9.571461
9.574389
9.577332
9.580290
9.583263
9.586252
9.589257
9.592278
9.595316
9.598370
9.601442
9.604531
9.607637
9.610762
9.613905
9.617067
9.620248
9.623448
9.626668
9.629908
9.633168
9.636448
9.639750
9.643072
9.646417
9.649783
9.653171
9.656582
9.660015
9.663472
9.666953
9.670457
9.673986
9.677539
9.681117
9.684720
9.688349
9.692003
9.695684
9.699392
9.703127
9.706889
9.710679
9.714497
9.718344
9.722219
9.726124
9.730058
9.734022
9.738016
9.742042
9.746098
9.750186
9.754306
9.758458
9.762642
9.766860
9.771111
9.775397
9.779716
9.784070
9.788459
9.792884
9.797345
9.801841
9.806375
9.810946
9.815554
9.820201
9.824886
9.829610
9.834373
9.839176
9.844019
9.848903
9.853828
9.858794
9.863803
9.868853
9.873947
9.879084
9.884265
9.889491
9.894761
9.900076
9.905437
9.910845
9.916298
9.921800
9.927348
9.932945
9.938591
9.944285
9.950029
9.955824
9.961669
9.967565
9.973512
9.979512
9.985565
9.991670
9.997830
10.004043
10.010311
10.016635
10.023014
10.029449
10.035942
10.042492
10.049099
10.055765
10.062490
10.069275
10.076120
10.083025
10.089991
10.097020
