1.899007
1.897824
1.896454
1.894895
1.893150
1.891218
1.889101
1.886800
1.884315
1.881647
1.878799
1.875770
1.872563
1.869179
1.865620
1.861886
1.857979
1.853902
1.849656
1.845243
1.840664
1.835922
1.831019
1.825956
1.820736
1.815362
1.809834
1.804156
1.798330
1.792358
1.786242
1.779986
1.773591
1.767060
1.760396
1.753601
1.746677
1.739628
1.732456
1.725164
1.717754
1.710229
1.702592
1.694845
1.686992
1.679034
1.670976
1.662819
1.654566
1.646220
1.637784
1.629261
1.620652
1.611962
1.603193
1.594347
1.585427
1.576437
1.567377
1.558252
1.549064
1.539815
1.530508
1.521146
1.511731
1.502266
1.492752
1.483194
1.473592
1.463950
1.454270
1.444554
1.434804
1.425023
1.415214
1.405377
1.395516
1.385632
1.375729
1.365806
1.355868
1.345915
1.335950
1.325975
1.315991
1.306000
1.296005
1.286006
1.276007
1.266007
1.256009
1.246015
1.236026
1.226044
1.216070
1.206106
1.196153
1.186212
1.176285
1.166373
1.156477
1.146599
1.136739
1.126900
1.117082
1.107286
1.097512
1.087764
1.078040
1.068343
1.058672
1.049030
1.039416
1.029832
1.020278
1.010755
1.001264
0.991806
0.982381
0.972990
0.963633
0.954311
0.945025
0.935775
0.926562
0.917385
0.908246
0.899145
0.890082
0.881058
0.872073
0.863127
0.854220
0.845354
0.836528
0.827742
0.818996
0.810291
0.801628
0.793005
0.784424
0.775883
0.767384
0.758927
0.750511
0.742137
0.733804
0.725513
0.717263
0.709055
0.700889
0.692764
0.684680
0.676638
0.668637
0.660677
0.652758
0.644879
0.637042
0.629245
0.621488
0.613772
0.606095
0.598459
0.590862
0.583304
0.575786
0.568306
0.560865
0.553463
0.546098
0.538772
0.531483
0.524231
0.517017
0.509839
0.502697
0.495592
0.488522
0.481488
0.474489
0.467525
0.460595
0.453699
0.446837
0.440008
0.433213
0.426450
0.419719
0.413020
0.406352
0.399716
0.393110
0.386535
0.379990
0.373474
0.366987
0.360529
0.354099
0.347698
0.341323
0.334976
0.328655
0.322361
0.316093
0.309849
0.303631
0.297437
0.291268
0.285122
0.278999
0.272899
0.266821
0.260765
0.254731
0.248718
0.242725
0.236752
0.230799
0.224865
0.218950
0.213054
0.207175
0.201313
0.195469
0.189641
0.183829
0.178032
0.172251
0.166485
0.160732
0.154994
0.149268
0.143556
0.137856
0.132167
0.126490
0.120825
0.115169
0.109524
0.103889
0.098262
0.092644
0.087035
0.081433
0.075838
0.070250
0.064669
0.059093
0.053523
0.047958
0.042397
0.036841
0.031288
0.025738
0.020190
0.014645
0.009101
0.003559
-0.001982
-0.007524
-0.013065
-0.018607
-0.024150
-0.029695
-0.035242
-0.040791
-0.046343
-0.051899
-0.057458
-0.063022
-0.068591
-0.074165
-0.079744
-0.085330
-0.090923
-0.096522
-0.102130
-0.107745
-0.113369
-0.119002
-0.124644
-0.130296
-0.135959
-0.141632
-0.147317
-0.153014
-0.158722
-0.164444
-0.170178
-0.175926
-0.181688
-0.187465
-0.193257
-0.199064
-0.204887
-0.210726
-0.216582
-0.222455
-0.228346
-0.234255
-0.240182
-0.246129
-0.252095
-0.258081
-0.264087
-0.270114
-0.276163
-0.282233
-0.288325
-0.294440
-0.300577
-0.306738
-0.312923
-0.319133
-0.325367
-0.331626
-0.337911
-0.344221
-0.350558
-0.356922
-0.363314
-0.369732
-0.376179
-0.382655
-0.389159
-0.395692
-0.402256
-0.408849
-0.415473
-0.422127
-0.428813
-0.435530
-0.442280
-0.449061
-0.455876
-0.462723
-0.469604
-0.476519
-0.483468
-0.490451
-0.497470
-0.504523
-0.511612
-0.518736
-0.525897
-0.533094
-0.540328
-0.547599
-0.554907
-0.562253
-0.569637
-0.577058
-0.584518
-0.592017
-0.599555
-0.607131
-0.614747
-0.622403
-0.630098
-0.637833
-0.645609
-0.653424
-0.661280
-0.669177
-0.677114
-0.685092
-0.693111
-0.701172
-0.709273
-0.717416
-0.725599
-0.733825
-0.742091
-0.750399
-0.758749
-0.767139
-0.775571
-0.784045
-0.792559
-0.801115
-0.809712
-0.818350
-0.827029
-0.835748
-0.844508
-0.853308
-0.862148
-0.871028
-0.879948
-0.888907
-0.897905
-0.906941
-0.916016
-0.925129
-0.934280
-0.943468
-0.952692
-0.961953
-0.971250
-0.980581
-0.989948
-0.999349
-1.008783
-1.018250
-1.027749
-1.037280
-1.046841
-1.056433
-1.066054
-1.075703
-1.085380
-1.095084
-1.104813
-1.114567
-1.124346
-1.134147
-1.143970
-1.153813
-1.163677
-1.173558
-1.183457
-1.193372
-1.203302
-1.213245
-1.223201
-1.233167
-1.243142
-1.253126
-1.263116
-1.273110
-1.283108
-1.293108
-1.303108
-1.313106
-1.323101
-1.333091
-1.343073
-1.353048
-1.363011
-1.372962
-1.382899
-1.392819
-1.402720
-1.412601
-1.422460
-1.432293
-1.442100
-1.451878
-1.461624
-1.471336
-1.481013
-1.490651
-1.500249
-1.509803
-1.519312
-1.528773
-1.538184
-1.547541
-1.556843
-1.566087
-1.575270
-1.584390
-1.593444
-1.602429
-1.611344
-1.620184
-1.628947
-1.637631
-1.646233
-1.654750
-1.663180
-1.671519
-1.679765
-1.687915
-1.695966
-1.703916
-1.711761
-1.719500
-1.727129
-1.734645
-1.742046
-1.749330
-1.756492
-1.763532
-1.770445
-1.777229
-1.783882
-1.790402
-1.796785
-1.803029
-1.809131
-1.815089
-1.820901
-1.826565
-1.832077
-1.837435
-1.842638
-1.847683
-1.852568
-1.857291
-1.861850
-1.866243
-1.870467
-1.874521
-1.878404
-1.882113
-1.885647
-1.889005
-1.892184
-1.895183
-1.898001
-1.900637
-1.903090
-1.905357
-1.907439
-1.909334
-1.911042
-1.912561
-1.913891
-1.915031
-1.915980
-1.916739
-1.917307
-1.917683
-1.917868
-1.917861
-1.917662
-1.917271
-1.916689
-1.915916
-1.914951
-1.913796
-1.912451
-1.910917
-1.909194
-1.907283
-1.905185
-1.902901
-1.900432
-1.897779
-1.894943
-1.891925
-1.888728
-1.885351
-1.881798
-1.878069
-1.874165
-1.870090
-1.865844
-1.861429
-1.856848
-1.852102
-1.847193
-1.842124
-1.836896
-1.831512
-1.825973
-1.820284
-1.814444
-1.808458
-1.802328
-1.796055
-1.789643
-1.783094
-1.776410
-1.769595
-1.762651
-1.755580
-1.748386
-1.741070
-1.733637
-1.726087
-1.718425
-1.710654
-1.702774
-1.694791
-1.686706
-1.678522
-1.670242
-1.661869
-1.653406
-1.644855
-1.636219
-1.627502
-1.618705
-1.609832
-1.600885
-1.591867
-1.582781
-1.573629
-1.564415
-1.555140
-1.545808
-1.536421
-1.526982
-1.517493
-1.507956
-1.498375
-1.488752
-1.479089
-1.469388
-1.459653
-1.449884
-1.440086
-1.430259
-1.420407
-1.410531
-1.400634
-1.390717
-1.380784
-1.370835
-1.360873
-1.350900
-1.340918
-1.330929
-1.320935
-1.310936
-1.300937
-1.290937
-1.280939
-1.270945
-1.260955
-1.250972
-1.240998
-1.231033
-1.221079
-1.211139
-1.201212
-1.191300
-1.181406
-1.171529
-1.161672
-1.151836
-1.142021
-1.132228
-1.122460
-1.112717
-1.103000
-1.093310
-1.083648
-1.074015
-1.064412
-1.054839
-1.045298
-1.035789
-1.026314
-1.016872
-1.007465
-0.998093
-0.988757
-0.979457
-0.970194
-0.960969
-0.951782
-0.942634
-0.933525
-0.924456
-0.915426
-0.906437
-0.897489
-0.888582
-0.879716
-0.870892
-0.862110
-0.853371
-0.844674
-0.836019
-0.827408
-0.818840
-0.810315
-0.801833
-0.793395
-0.785001
-0.776650
-0.768344
-0.760081
-0.751861
-0.743686
-0.735555
-0.727467
-0.719424
-0.711424
-0.703468
-0.695555
-0.687686
-0.679861
-0.672078
-0.664339
-0.656644
-0.648991
-0.641381
-0.633813
-0.626288
-0.618805
-0.611364
-0.603966
-0.596608
-0.589292
-0.582018
-0.574784
-0.567590
-0.560438
-0.553325
-0.546252
-0.539219
-0.532225
-0.525270
-0.518353
-0.511475
-0.504635
-0.497833
-0.491068
-0.484340
-0.477649
-0.470995
-0.464376
-0.457793
-0.451245
-0.444733
-0.438255
-0.431811
-0.425401
-0.419025
-0.412681
-0.406371
-0.400093
-0.393847
-0.387632
-0.381448
-0.375296
-0.369174
-0.363081
-0.357019
-0.350985
-0.344980
-0.339004
-0.333055
-0.327134
-0.321241
-0.315373
-0.309533
-0.303718
-0.297928
-0.292164
-0.286424
-0.280708
-0.275016
-0.269347
-0.263701
-0.258078
-0.252477
-0.246897
-0.241338
-0.235801
-0.230283
-0.224785
-0.219307
-0.213848
-0.208407
-0.202984
-0.197580
-0.192192
-0.186821
-0.181467
-0.176128
-0.170805
-0.165497
-0.160204
-0.154924
-0.149659
-0.144407
-0.139168
-0.133941
-0.128726
-0.123522
-0.118330
-0.113149
-0.107977
-0.102816
-0.097663
-0.092520
-0.087385
-0.082258
-0.077139
-0.072027
-0.066921
-0.061822
-0.056729
-0.051641
-0.046557
-0.041479
-0.036404
-0.031333
-0.026265
-0.021200
-0.016138
-0.011077
-0.006017
-0.000959
0.004100
0.009158
0.014216
0.019275
0.024335
0.029397
0.034462
0.039528
0.044598
0.049671
0.054748
0.059830
0.064916
0.070007
0.075104
0.080207
0.085316
0.090433
0.095557
0.100689
0.105829
0.110977
0.116135
0.121303
0.126480
0.131668
0.136867
0.142077
0.147299
0.152534
0.157780
0.163040
0.168314
0.173602
0.178903
0.184220
0.189552
0.194900
0.200264
0.205645
0.211042
0.216457
0.221890
0.227341
0.232811
0.238300
0.243809
0.249338
0.254887
0.260458
0.266049
0.271663
0.277298
0.282956
0.288638
0.294342
0.300071
0.305824
0.311602
0.317405
0.323233
0.329088
0.334968
0.340876
0.346811
0.352774
0.358764
0.364783
0.370831
0.376908
0.383015
0.389152
0.395320
0.401518
0.407748
0.414009
0.420302
0.426628
0.432986
0.439377
0.445803
0.452262
0.458755
0.465283
0.471846
0.478444
0.485078
0.491748
0.498454
0.505197
0.511977
0.518795
0.525650
0.532543
0.539475
0.546445
0.553454
0.560502
0.567590
0.574717
0.581884
0.589092
0.596341
0.603630
0.610960
0.618331
0.625744
0.633199
0.640696
0.648234
0.655815
0.663439
0.671105
0.678813
0.686565
0.694360
0.702198
0.710079
0.718004
0.725972
0.733983
0.742039
0.750137
0.758280
0.766466
0.774696
0.782969
0.791286
0.799647
0.808051
0.816498
0.824989
0.833523
0.842100
0.850720
0.859382
0.868087
0.876834
0.885624
0.894455
0.903327
0.912241
0.921196
0.930191
0.939227
0.948302
0.957416
0.966570
0.975761
0.984991
0.994258
1.003562
1.012902
1.022277
1.031688
1.041133
1.050611
1.060123
1.069666
1.079241
1.088847
1.098482
1.108145
1.117837
1.127555
1.137300
1.147069
1.156862
1.166678
1.176515
1.186373
1.196249
1.206144
1.216056
1.225983
1.235924
1.245877
1.255842
1.265816
1.275799
1.285788
1.295783
1.305781
1.315780
1.325780
1.335778
1.345773
1.355762
1.365745
1.375718
1.385681
1.395630
1.405565
1.415483
1.425381
1.435259
1.445113
1.454941
1.464742
1.474513
1.484251
1.493954
1.503621
1.513248
1.522833
1.532374
1.541868
1.551312
1.560705
1.570042
1.579323
1.588544
1.597703
1.606796
1.615821
1.624776
1.633658
1.642464
1.651191
1.659836
1.668397
1.676871
1.685254
1.693545
1.701741
1.709838
1.717833
1.725725
1.733510
1.741185
1.748747
1.756195
1.763524
1.770733
1.777818
1.784776
1.791606
1.798304
1.804868
1.811295
1.817583
1.823728
1.829729
1.835583
1.841288
1.846841
1.852239
1.857481
1.862564
1.867487
1.872246
1.876840
1.881267
1.885524
1.889611
1.893525
1.897264
1.900827
1.904212
1.907417
1.910442
1.913283
1.915942
1.918415
1.920702
1.922802
1.924714
1.926437
1.927970
1.929312
1.930463
1.931422
1.932188
1.932762
1.933143
1.933331
1.933325
1.933127
1.932734
1.932149
1.931371
1.930401
1.929238
1.927884
1.926339
1.924604
1.922680
1.920567
1.918266
1.915779
1.913106
1.910250
1.907210
1.903989
1.900589
1.897009
1.893253
1.889321
1.885217
1.880940
1.876494
1.871880
1.867100
1.862156
1.857051
1.851787
1.846366
1.840789
1.835061
1.829182
1.823156
1.816984
1.810670
1.804216
1.797625
1.790899
1.784041
1.777053
1.769939
1.762700
1.755341
1.747863
1.740269
1.732563
1.724747
1.716824
1.708796
1.700667
1.692440
1.684117
1.675701
1.667195
1.658602
1.649925
1.641166
1.632329
1.623416
1.614429
1.605373
1.596249
1.587060
1.577810
1.568500
1.559133
1.549713
1.540241
1.530721
1.521154
1.511544
1.501892
1.492202
1.482476
1.472717
1.462925
1.453105
1.443258
1.433387
1.423494
1.413581
1.403650
1.393703
1.383743
1.373771
1.363790
1.353801
1.343807
1.333809
1.323809
1.313809
1.303811
1.293817
1.283828
1.273845
1.263872
1.253908
1.243956
1.234017
1.224092
1.214184
1.204292
1.194420
1.184568
1.174736
1.164928
1.155143
1.145383
1.135648
1.125941
1.116262
1.106612
1.096992
1.087403
1.077846
1.068322
1.058832
1.049376
1.039955
1.030570
1.021221
1.011910
1.002638
0.993403
0.984208
0.975053
0.965938
0.956864
0.947831
0.938839
0.929891
0.920984
0.912121
0.903301
0.894525
0.885792
0.877104
0.868461
0.859862
0.851308
0.842800
0.834336
0.825919
0.817547
0.809221
0.800940
0.792706
0.784518
0.776376
0.768280
0.760231
0.752227
0.744270
0.736359
0.728494
0.720675
0.712902
0.705175
0.697494
0.689858
0.682268
0.674724
0.667225
0.659771
0.652362
0.644998
0.637678
0.630403
0.623173
0.615986
0.608844
0.601744
0.594689
0.587676
0.580706
0.573779
0.566895
0.560052
0.553251
0.546492
0.539774
0.533097
0.526460
0.519864
0.513308
0.506792
0.500315
0.493876
0.487477
0.481116
0.474793
0.468508
0.462260
0.456049
0.449875
0.443737
0.437634
0.431568
0.425536
0.419540
0.413577
0.407649
0.401755
0.395893
0.390065
0.384269
0.378505
0.372773
0.367073
0.361403
0.355764
0.350155
0.344575
0.339025
0.333504
0.328012
0.322548
0.317111
0.311702
0.306320
0.300964
0.295635
0.290331
0.285053
0.279799
0.274570
0.269365
0.264184
0.259026
0.253891
0.248778
0.243687
0.238618
0.233570
0.228543
0.223537
0.218550
0.213583
0.208635
0.203706
0.198795
0.193903
0.189027
0.184169
0.179327
0.174502
0.169693
0.164899
0.160120
0.155355
0.150605
0.145869
0.141146
0.136436
0.131739
0.127053
0.122380
0.117718
0.113067
0.108426
0.103796
0.099175
0.094563
0.089961
0.085366
0.080780
0.076202
0.071631
0.067066
0.062508
0.057957
0.053410
0.048869
0.044333
0.039801
0.035273
0.030749
0.026228
0.021710
0.017194
0.012680
0.008167
0.003656
-0.000855
-0.005365
-0.009875
-0.014386
-0.018898
-0.023411
-0.027926
-0.032442
-0.036962
-0.041484
-0.046009
-0.050539
-0.055072
-0.059610
-0.064153
-0.068701
-0.073256
-0.077816
-0.082383
-0.086956
-0.091538
-0.096127
-0.100724
-0.105330
-0.109945
-0.114569
-0.119203
-0.123847
-0.128502
-0.133168
-0.137846
-0.142535
-0.147237
-0.151952
-0.156679
-0.161420
-0.166175
-0.170944
-0.175728
-0.180528
-0.185342
-0.190173
-0.195020
-0.199884
-0.204765
-0.209663
-0.214580
-0.219515
-0.224469
-0.229442
-0.234435
-0.239448
-0.244481
-0.249535
-0.254611
-0.259708
-0.264827
-0.269969
-0.275133
-0.280321
-0.285533
-0.290768
-0.296029
-0.301314
-0.306625
-0.311961
-0.317323
-0.322712
-0.328128
-0.333572
-0.339043
-0.344542
-0.350070
-0.355626
-0.361212
-0.366828
-0.372474
-0.378150
-0.383858
-0.389596
-0.395367
-0.401169
-0.407004
-0.412871
-0.418772
-0.424707
-0.430675
-0.436678
-0.442715
-0.448788
-0.454896
-0.461039
-0.467219
-0.473435
-0.479689
-0.485979
-0.492307
-0.498673
-0.505077
-0.511520
-0.518001
-0.524522
-0.531082
-0.537682
-0.544322
-0.551003
-0.557725
-0.564487
-0.571291
-0.578137
-0.585024
-0.591953
-0.598925
-0.605940
-0.612998
-0.620098
-0.627242
-0.634430
-0.641662
-0.648937
-0.656257
-0.663621
-0.671030
-0.678484
-0.685983
-0.693526
-0.701115
-0.708750
-0.716429
-0.724155
-0.731926
-0.739742
-0.747605
-0.755513
-0.763467
-0.771468
-0.779514
-0.787606
-0.795744
-0.803928
-0.812157
-0.820433
-0.828754
-0.837121
-0.845533
-0.853990
-0.862493
-0.871040
-0.879633
-0.888270
-0.896951
-0.905676
-0.914445
-0.923258
-0.932114
-0.941012
-0.949953
-0.958937
-0.967961
-0.977027
-0.986134
-0.995281
-1.004467
-1.013693
-1.022957
-1.032259
-1.041598
-1.050974
-1.060386
-1.069834
-1.079315
-1.088831
-1.098379
-1.107959
-1.117570
-1.127212
-1.136883
-1.146581
-1.156308
-1.166060
-1.175837
-1.185639
-1.195463
-1.205309
-1.215175
-1.225060
-1.234962
-1.244882
-1.254816
-1.264763
-1.274723
-1.284694
-1.294673
-1.304660
-1.314653
-1.324649
-1.334649
-1.344649
-1.354648
-1.364643
-1.374635
-1.384619
-1.394595
-1.404560
-1.414513
-1.424450
-1.434371
-1.444273
-1.454154
-1.464012
-1.473844
-1.483648
-1.493421
-1.503163
-1.512869
-1.522538
-1.532167
-1.541753
-1.551295
-1.560790
-1.570234
-1.579625
-1.588962
-1.598240
-1.607458
-1.616613
-1.625701
-1.634721
-1.643669
-1.652542
-1.661339
-1.670055
-1.678689
-1.687237
-1.695696
-1.704064
-1.712338
-1.720515
-1.728591
-1.736565
-1.744433
-1.752193
-1.759841
-1.767375
-1.774792
-1.782089
-1.789263
-1.796312
-1.803232
-1.810022
-1.816678
-1.823197
-1.829578
-1.835817
-1.841911
-1.847860
-1.853658
-1.859306
-1.864799
-1.870135
-1.875313
-1.880330
-1.885184
-1.889873
-1.894394
-1.898745
-1.902925
-1.906932
-1.910764
-1.914418
-1.917895
-1.921191
-1.924305
-1.927236
-1.929983
-1.932543
-1.934917
-1.937103
-1.939099
-1.940905
-1.942520
-1.943943
-1.945174
-1.946211
-1.947055
-1.947705
-1.948160
-1.948421
-1.948486
-1.948357
-1.948034
-1.947515
-1.946802
-1.945895
-1.944795
-1.943501
-1.942014
-1.940336
-1.938467
-1.936407
-1.934158
-1.931720
-1.929096
-1.926285
-1.923290
-1.920112
-1.916752
-1.913211
-1.909492
-1.905596
-1.901525
-1.897280
-1.892864
-1.888278
-1.883525
-1.878607
-1.873525
-1.868282
-1.862881
-1.857323
-1.851611
-1.845747
-1.839735
-1.833576
-1.827272
-1.820828
-1.814244
-1.807524
-1.800671
-1.793688
-1.786576
-1.779339
-1.771980
-1.764501
-1.756906
-1.749197
-1.741377
-1.733449
-1.725416
-1.717280
-1.709046
-1.700715
-1.692290
-1.683775
-1.675172
-1.666484
-1.657714
-1.648865
-1.639940
-1.630942
-1.621873
-1.612737
-1.603535
-1.594272
-1.584949
-1.575569
-1.566135
-1.556650
-1.547117
-1.537537
-1.527915
-1.518251
-1.508549
-1.498811
-1.489040
-1.479238
-1.469407
-1.459551
-1.449670
-1.439768
-1.429847
-1.419908
-1.409955
-1.399989
-1.390013
-1.380027
-1.370035
-1.360039
-1.350040
-1.340040
-1.330041
-1.320045
-1.310054
-1.300069
-1.290092
-1.280124
-1.270169
-1.260226
-1.250297
-1.240385
-1.230489
-1.220613
-1.210757
-1.200922
-1.191110
-1.181322
-1.171559
-1.161823
-1.152114
-1.142434
-1.132783
-1.123164
-1.113576
-1.104021
-1.094499
-1.085013
-1.075561
-1.066146
-1.056768
-1.047427
-1.038125
-1.028863
-1.019640
-1.010458
-1.001317
-0.992217
-0.983160
-0.974146
-0.965175
-0.956248
-0.947365
-0.938527
-0.929734
-0.920986
-0.912284
-0.903628
-0.895018
-0.886455
-0.877940
-0.869471
-0.861049
-0.852676
-0.844350
-0.836071
-0.827841
-0.819659
-0.811526
-0.803440
-0.795403
-0.787415
-0.779475
-0.771583
-0.763740
-0.755946
-0.748200
-0.740502
-0.732853
-0.725252
-0.717699
-0.710194
-0.702738
-0.695329
-0.687968
-0.680655
-0.673389
-0.666171
-0.659000
-0.651875
-0.644798
-0.637767
-0.630783
-0.623844
-0.616952
-0.610105
-0.603304
-0.596548
-0.589838
-0.583171
-0.576550
-0.569972
-0.563439
-0.556949
-0.550502
-0.544099
-0.537738
-0.531420
-0.525144
-0.518909
-0.512717
-0.506565
-0.500454
-0.494384
-0.488354
-0.482364
-0.476414
-0.470502
-0.464630
-0.458796
-0.453000
-0.447242
-0.441521
-0.435837
-0.430190
-0.424580
-0.419005
-0.413466
-0.407963
-0.402494
-0.397060
-0.391660
-0.386293
-0.380960
-0.375660
-0.370393
-0.365158
-0.359955
-0.354783
-0.349643
-0.344533
-0.339454
-0.334404
-0.329385
-0.324394
-0.319432
-0.314499
-0.309594
-0.304717
-0.299866
-0.295043
-0.290246
-0.285476
-0.280731
-0.276012
-0.271317
-0.266647
-0.262002
-0.257380
-0.252782
-0.248207
-0.243654
-0.239124
-0.234616
-0.230129
-0.225664
-0.221219
-0.216795
-0.212391
-0.208006
-0.203641
-0.199295
-0.194967
-0.190657
-0.186366
-0.182091
-0.177834
-0.173593
-0.169368
-0.165160
-0.160966
-0.156788
-0.152625
-0.148476
-0.144341
-0.140220
-0.136112
-0.132017
-0.127935
-0.123865
-0.119806
-0.115759
-0.111723
-0.107698
-0.103683
-0.099678
-0.095683
-0.091696
-0.087719
-0.083750
-0.079790
-0.075837
-0.071891
-0.067953
-0.064021
-0.060096
-0.056176
-0.052262
-0.048353
-0.044449
-0.040550
-0.036655
-0.032763
-0.028875
-0.024990
-0.021108
-0.017228
-0.013350
-0.009473
-0.005598
-0.001724
0.002150
0.006024
0.009897
0.013772
0.017647
0.021524
0.025402
0.029282
0.033165
0.037050
0.040939
0.044830
0.048726
0.052626
0.056530
0.060440
0.064354
0.068274
0.072200
0.076133
0.080072
0.084018
0.087972
0.091933
0.095903
0.099881
0.103868
0.107864
0.111870
0.115886
0.119912
0.123949
0.127997
0.132056
0.136127
0.140211
0.144307
0.148415
0.152537
0.156673
0.160823
0.164987
0.169166
0.173360
0.177569
0.181795
0.186036
0.190295
0.194570
0.198863
0.203173
0.207501
0.211848
0.216214
0.220599
0.225004
0.229428
0.233873
0.238339
0.242826
0.247334
0.251864
0.256416
0.260991
0.265589
0.270211
0.274856
0.279525
0.284219
0.288938
0.293682
0.298451
0.303247
0.308069
0.312918
0.317794
0.322698
0.327629
0.332589
0.337578
0.342595
0.347642
0.352719
0.357826
0.362964
0.368133
0.373333
0.378564
0.383828
0.389124
0.394453
0.399815
0.405211
0.410641
0.416105
0.421603
0.427137
0.432706
0.438311
0.443952
0.449629
0.455343
0.461095
0.466883
0.472710
0.478575
0.484479
0.490421
0.496403
0.502424
0.508486
0.514587
0.520729
0.526912
0.533136
0.539402
0.545709
0.552059
0.558451
0.564886
0.571364
0.577885
0.584449
0.591058
0.597711
0.604408
0.611150
0.617936
0.624768
0.631645
0.638568
0.645537
0.652551
0.659612
0.666720
0.673874
0.681075
0.688323
0.695618
0.702960
0.710350
0.717787
0.725272
0.732805
0.740385
0.748014
0.755691
0.763416
0.771189
0.779010
0.786879
0.794797
0.802763
0.810777
0.818839
0.826949
0.835107
0.843313
0.851567
0.859869
0.868218
0.876615
0.885058
0.893549
0.902087
0.910671
0.919301
0.927977
0.936699
0.945467
0.954279
0.963136
0.972037
0.980982
0.989970
0.999002
1.008075
1.017190
1.026347
1.035544
1.044782
1.054059
1.063374
1.072728
1.082119
1.091546
1.101010
1.110508
1.120040
1.129606
1.139204
1.148833
1.158492
1.168181
1.177897
1.187641
1.197411
1.207206
1.217024
1.226865
1.236726
1.246608
1.256507
1.266424
1.276356
1.286302
1.296261
1.306230
1.316209
1.326195
1.336188
1.346185
1.356184
1.366184
1.376183
1.386178
1.396169
1.406153
1.416128
1.426092
1.436043
1.445979
1.455897
1.465796
1.475673
1.485526
1.495352
1.505150
1.514917
1.524650
1.534347
1.544005
1.553623
1.563196
1.572724
1.582203
1.591630
1.601004
1.610320
1.619577
1.628772
1.637901
1.646963
1.655954
1.664871
1.673712
1.682474
1.691154
1.699749
1.708255
1.716671
1.724994
1.733220
1.741346
1.749370
1.757288
1.765098
1.772797
1.780382
1.787850
1.795199
1.802424
1.809525
1.816497
1.823338
1.830045
1.836615
1.843047
1.849336
1.855481
1.861479
1.867328
1.873024
1.878565
1.883950
1.889175
1.894239
1.899138
1.903872
1.908437
1.912832
1.917055
1.921103
1.924975
1.928670
1.932185
1.935518
1.938669
1.941635
1.944416
1.947010
1.949415
1.951631
1.953656
1.955490
1.957132
1.958580
1.959834
1.960894
1.961759
1.962428
1.962901
1.963178
1.963259
1.963144
1.962832
1.962325
1.961621
1.960722
1.959627
1.958338
1.956855
1.955178
1.953309
1.951248
1.948996
1.946555
1.943925
1.941107
1.938104
1.934916
1.931545
1.927992
1.924260
1.920349
1.916262
1.912000
1.907565
1.902960
1.898187
1.893246
1.888142
1.882876
1.877449
1.871866
1.866128
1.860237
1.854196
1.848008
1.841676
1.835201
1.828587
1.821836
1.814951
1.807935
1.800790
1.793520
1.786128
1.778615
1.770986
1.763243
1.755389
1.747426
1.739359
1.731189
1.722920
1.714555
1.706096
1.697547
1.688910
1.680189
1.671386
1.662505
1.653547
1.644517
1.635417
1.626250
1.617019
1.607726
1.598374
1.588966
1.579506
1.569994
1.560435
1.550831
1.541185
1.531498
1.521775
1.512016
1.502226
1.492405
1.482558
1.472685
1.462790
1.452874
1.442941
1.432992
1.423029
1.413055
1.403071
1.393081
1.383085
1.373086
1.363086
1.353087
1.343091
1.333099
1.323113
1.313135
1.303167
1.293210
1.283267
1.273338
1.263425
1.253530
1.243654
1.233799
1.223965
1.214155
1.204370
1.194610
1.184878
1.175174
1.165499
1.155855
1.146243
1.136663
1.127117
1.117606
1.108130
1.098691
1.089290
1.079926
1.070602
1.061318
1.052074
1.042871
1.033711
1.024593
1.015518
1.006488
0.997501
0.988560
0.979663
0.970813
0.962010
0.953253
0.944543
0.935881
0.927266
0.918700
0.910183
0.901715
0.893295
0.884925
0.876605
0.868334
0.860114
0.851943
0.843823
0.835753
0.827734
0.819765
0.811848
0.803980
0.796164
0.788398
0.780684
0.773020
0.765407
0.757844
0.750333
0.742872
0.735461
0.728101
0.720792
0.713533
0.706324
0.699165
0.692056
0.684997
0.677987
0.671027
0.664116
0.657254
0.650441
0.643677
0.636961
0.630294
0.623674
0.617102
0.610578
0.604101
0.597672
0.591289
0.584952
0.578662
0.572418
0.566219
0.560066
0.553958
0.547895
0.541876
0.535902
0.529972
0.524085
0.518241
0.512441
0.506683
0.500968
0.495294
0.489663
0.484072
0.478523
0.473015
0.467546
0.462118
0.456730
0.451381
0.446071
0.440799
0.435566
0.430371
0.425213
0.420093
0.415010
0.409963
0.404952
0.399977
0.395038
0.390134
0.385265
0.380430
0.375629
0.370862
0.366128
0.361427
0.356759
0.352124
0.347520
0.342948
0.338407
0.333896
0.329417
0.324967
0.320548
0.316157
0.311796
0.307464
0.303160
0.298884
0.294636
0.290415
0.286221
0.282054
0.277913
0.273798
0.269708
0.265644
0.261605
0.257590
0.253599
0.249633
0.245689
0.241769
0.237872
0.233998
0.230145
0.226314
0.222505
0.218717
0.214950
0.211203
0.207476
0.203769
0.200082
0.196413
0.192764
0.189133
0.185520
0.181925
0.178347
0.174787
0.171243
0.167716
0.164205
0.160710
0.157230
0.153766
0.150317
0.146882
0.143461
0.140055
0.136662
0.133282
0.129915
0.126561
0.123219
0.119890
0.116572
0.113265
0.109970
0.106685
0.103411
0.100148
0.096894
0.093649
0.090414
0.087188
0.083970
0.080761
0.077560
0.074366
0.071180
0.068001
0.064829
0.061663
0.058504
0.055350
0.052202
0.049060
0.045922
0.042789
0.039661
0.036536
0.033416
0.030299
0.027185
0.024074
0.020965
0.017859
0.014755
0.011653
0.008552
0.005452
0.002353
-0.000745
-0.003843
-0.006942
-0.010040
-0.013139
-0.016240
-0.019341
-0.022444
-0.025549
-0.028656
-0.031766
-0.034878
-0.037994
-0.041112
-0.044235
-0.047361
-0.050492
-0.053627
-0.056767
-0.059912
-0.063062
-0.066218
-0.069381
-0.072549
-0.075725
-0.078907
-0.082096
-0.085293
-0.088498
-0.091711
-0.094933
-0.098163
-0.101402
-0.104651
-0.107909
-0.111178
-0.114457
-0.117746
-0.121046
-0.124357
-0.127680
-0.131015
-0.134362
-0.137722
-0.141094
-0.144479
-0.147878
-0.151290
-0.154716
-0.158157
-0.161613
-0.165083
-0.168569
-0.172070
-0.175587
-0.179121
-0.182671
-0.186238
-0.189822
-0.193424
-0.197044
-0.200681
-0.204338
-0.208013
-0.211708
-0.215421
-0.219155
-0.222909
-0.226684
-0.230479
-0.234295
-0.238133
-0.241993
-0.245875
-0.249779
-0.253707
-0.257657
-0.261631
-0.265629
-0.269651
-0.273697
-0.277769
-0.281866
-0.285988
-0.290136
-0.294310
-0.298511
-0.302739
-0.306995
-0.311277
-0.315588
-0.319928
-0.324295
-0.328692
-0.333119
-0.337575
-0.342061
-0.346577
-0.351125
-0.355703
-0.360313
-0.364955
-0.369629
-0.374335
-0.379075
-0.383847
-0.388654
-0.393494
-0.398368
-0.403277
-0.408221
-0.413201
-0.418216
-0.423267
-0.428355
-0.433479
-0.438640
-0.443839
-0.449076
-0.454350
-0.459663
-0.465015
-0.470406
-0.475837
-0.481307
-0.486818
-0.492368
-0.497960
-0.503593
-0.509267
-0.514983
-0.520742
-0.526542
-0.532385
-0.538272
-0.544201
-0.550175
-0.556192
-0.562253
-0.568360
-0.574510
-0.580706
-0.586948
-0.593235
-0.599568
-0.605947
-0.612373
-0.618845
-0.625365
-0.631931
-0.638545
-0.645207
-0.651916
-0.658674
-0.665480
-0.672335
-0.679238
-0.686190
-0.693192
-0.700242
-0.707342
-0.714492
-0.721691
-0.728940
-0.736239
-0.743588
-0.750987
-0.758436
-0.765936
-0.773486
-0.781086
-0.788737
-0.796439
-0.804191
-0.811993
-0.819846
-0.827749
-0.835703
-0.843706
-0.851761
-0.859865
-0.868019
-0.876223
-0.884477
-0.892780
-0.901133
-0.909535
-0.917985
-0.926485
-0.935032
-0.943628
-0.952272
-0.960963
-0.969701
-0.978485
-0.987316
-0.996193
-1.005115
-1.014082
-1.023093
-1.032149
-1.041247
-1.050388
-1.059571
-1.068795
-1.078060
-1.087365
-1.096710
-1.106092
-1.115513
-1.124970
-1.134463
-1.143990
-1.153552
-1.163147
-1.172775
-1.182433
-1.192121
-1.201838
-1.211582
-1.221353
-1.231149
-1.240969
-1.250812
-1.260676
-1.270560
-1.280462
-1.290381
-1.300316
-1.310265
-1.320226
-1.330198
-1.340179
-1.350167
-1.360161
-1.370159
-1.380158
-1.390158
-1.400156
-1.410150
-1.420139
-1.430119
-1.440090
-1.450049
-1.459993
-1.469921
-1.479831
-1.489720
-1.499585
-1.509425
-1.519237
-1.529019
-1.538767
-1.548481
-1.558156
-1.567791
-1.577383
-1.586930
-1.596428
-1.605875
-1.615268
-1.624605
-1.633883
-1.643098
-1.652249
-1.661332
-1.670344
-1.679283
-1.688146
-1.696930
-1.705631
-1.714247
-1.722775
-1.731212
-1.739556
-1.747802
-1.755948
-1.763992
-1.771930
-1.779759
-1.787477
-1.795080
-1.802565
-1.809930
-1.817171
-1.824287
-1.831273
-1.838128
-1.844848
-1.851430
-1.857872
-1.864172
-1.870326
-1.876331
-1.882186
-1.887888
-1.893434
-1.898822
-1.904049
-1.909113
-1.914012
-1.918744
-1.923306
-1.927696
-1.931913
-1.935954
-1.939817
-1.943501
-1.947004
-1.950325
-1.953461
-1.956411
-1.959174
-1.961748
-1.964133
-1.966326
-1.968328
-1.970136
-1.971751
-1.973170
-1.974395
-1.975423
-1.976255
-1.976889
-1.977327
-1.977566
-1.977608
-1.977452
-1.977099
-1.976548
-1.975800
-1.974855
-1.973713
-1.972375
-1.970842
-1.969114
-1.967193
-1.965079
-1.962772
-1.960275
-1.957589
-1.954714
-1.951652
-1.948405
-1.944973
-1.941359
-1.937565
-1.933591
-1.929441
-1.925115
-1.920616
-1.915945
-1.911106
-1.906100
-1.900929
-1.895596
-1.890103
-1.884452
-1.878647
-1.872688
-1.866580
-1.860324
-1.853924
-1.847382
-1.840700
-1.833882
-1.826931
-1.819848
-1.812638
-1.805302
-1.797845
-1.790268
-1.782574
-1.774768
-1.766851
-1.758826
-1.750698
-1.742467
-1.734139
-1.725715
-1.717199
-1.708593
-1.699901
-1.691125
-1.682269
-1.673336
-1.664328
-1.655248
-1.646100
-1.636886
-1.627609
-1.618272
-1.608878
-1.599429
-1.589929
-1.580380
-1.570785
-1.561146
-1.551466
-1.541749
-1.531995
-1.522209
-1.512392
-1.502548
-1.492677
-1.482784
-1.472870
-1.462938
-1.452989
-1.443027
-1.433053
-1.423070
-1.413079
-1.403083
-1.393084
-1.383084
-1.373085
-1.363089
-1.353097
-1.343112
-1.333136
-1.323169
-1.313215
-1.303274
-1.293348
-1.283438
-1.273548
-1.263677
-1.253827
-1.244000
-1.234197
-1.224420
-1.214669
-1.204947
-1.195254
-1.185591
-1.175960
-1.166362
-1.156798
-1.147269
-1.137775
-1.128319
-1.118900
-1.109520
-1.100180
-1.090881
-1.081622
-1.072406
-1.063233
-1.054103
-1.045017
-1.035976
-1.026981
-1.018031
-1.009129
-1.000273
-0.991465
-0.982706
-0.973994
-0.965332
-0.956720
-0.948157
-0.939645
-0.931183
-0.922771
-0.914411
-0.906103
-0.897846
-0.889641
-0.881487
-0.873387
-0.865338
-0.857342
-0.849399
-0.841509
-0.833671
-0.825887
-0.818155
-0.810477
-0.802851
-0.795279
-0.787760
-0.780294
-0.772881
-0.765521
-0.758215
-0.750961
-0.743760
-0.736611
-0.729516
-0.722473
-0.715482
-0.708543
-0.701657
-0.694823
-0.688041
-0.681310
-0.674631
-0.668003
-0.661426
-0.654900
-0.648425
-0.642000
-0.635625
-0.629301
-0.623026
-0.616801
-0.610626
-0.604499
-0.598421
-0.592392
-0.586411
-0.580478
-0.574593
-0.568755
-0.562964
-0.557220
-0.551523
-0.545872
-0.540268
-0.534708
-0.529195
-0.523726
-0.518302
-0.512923
-0.507588
-0.502296
-0.497049
-0.491844
-0.486683
-0.481563
-0.476487
-0.471452
-0.466458
-0.461507
-0.456596
-0.451725
-0.446895
-0.442105
-0.437355
-0.432643
-0.427971
-0.423338
-0.418743
-0.414185
-0.409666
-0.405184
-0.400739
-0.396330
-0.391958
-0.387622
-0.383322
-0.379057
-0.374827
-0.370631
-0.366470
-0.362344
-0.358250
-0.354191
-0.350164
-0.346170
-0.342209
-0.338279
-0.334382
-0.330516
-0.326681
-0.322877
-0.319103
-0.315360
-0.311647
-0.307963
-0.304308
-0.300683
-0.297086
-0.293517
-0.289976
-0.286464
-0.282978
-0.279520
-0.276088
-0.272683
-0.269305
-0.265952
-0.262625
-0.259323
-0.256046
-0.252794
-0.249567
-0.246363
-0.243184
-0.240028
-0.236895
-0.233786
-0.230699
-0.227635
-0.224592
-0.221572
-0.218573
-0.215596
-0.212640
-0.209705
-0.206790
-0.203895
-0.201020
-0.198166
-0.195330
-0.192514
-0.189717
-0.186938
-0.184178
-0.181436
-0.178712
-0.176005
-0.173316
-0.170644
-0.167989
-0.165350
-0.162728
-0.160122
-0.157532
-0.154957
-0.152398
-0.149854
-0.147325
-0.144810
-0.142310
-0.139824
-0.137352
-0.134894
-0.132449
-0.130017
-0.127598
-0.125192
-0.122799
-0.120418
-0.118048
-0.115691
-0.113345
-0.111011
-0.108688
-0.106375
-0.104074
-0.101783
-0.099502
-0.097231
-0.094969
-0.092718
-0.090476
-0.088242
-0.086018
-0.083803
-0.081596
-0.079397
-0.077206
-0.075023
-0.072848
-0.070680
-0.068519
-0.066365
-0.064218
-0.062078
-0.059944
-0.057816
-0.055693
-0.053577
-0.051466
-0.049360
-0.047260
-0.045164
-0.043073
-0.040987
-0.038904
-0.036826
-0.034752
-0.032681
-0.030614
-0.028550
-0.026489
-0.024430
-0.022375
-0.020322
-0.018271
-0.016222
-0.014174
-0.012129
-0.010085
-0.008042
-0.006000
-0.003959
-0.001918
0.000122
0.002162
0.004202
0.006242
0.008283
0.010324
0.012366
0.014410
0.016454
0.018500
0.020547
0.022596
0.024647
0.026701
0.028757
0.030815
0.032877
0.034941
0.037009
0.039080
0.041155
0.043234
0.045316
0.047403
0.049495
0.051591
0.053692
0.055798
0.057909
0.060026
0.062149
0.064278
0.066412
0.068553
0.070701
0.072855
0.075017
0.077185
0.079361
0.081545
0.083736
0.085935
0.088143
0.090359
0.092584
0.094817
0.097060
0.099312
0.101574
0.103845
0.106127
0.108418
0.110721
0.113033
0.115357
0.117692
0.120038
0.122395
0.124764
0.127146
0.129539
0.131945
0.134364
0.136796
0.139241
0.141699
0.144171
0.146657
0.149156
0.151671
0.154199
0.156743
0.159301
0.161875
0.164465
0.167070
0.169691
0.172329
0.174983
0.177654
0.180342
0.183047
0.185770
0.188510
0.191268
0.194045
0.196841
0.199655
0.202488
0.205341
0.208213
0.211105
0.214017
0.216949
0.219903
0.222877
0.225872
0.228889
0.231927
0.234988
0.238070
0.241176
0.244304
0.247455
0.250630
0.253828
0.257051
0.260297
0.263569
0.266865
0.270186
0.273532
0.276904
0.280303
0.283727
0.287178
0.290656
0.294161
0.297694
0.301254
0.304843
0.308459
0.312105
0.315779
0.319483
0.323217
0.326980
0.330773
0.334597
0.338452
0.342338
0.346256
0.350205
0.354186
0.358200
0.362246
0.366326
0.370439
0.374585
0.378766
0.382981
0.387230
0.391515
0.395835
0.400190
0.404581
0.409009
0.413473
0.417974
0.422512
0.427088
0.431702
0.436354
0.441045
0.445774
0.450543
0.455351
0.460198
0.465087
0.470015
0.474984
0.479995
0.485047
0.490140
0.495276
0.500454
0.505675
0.510938
0.516245
0.521596
0.526991
0.532430
0.537913
0.543442
0.549015
0.554634
0.560299
0.566009
0.571766
0.577570
0.583421
0.589318
0.595264
0.601256
0.607297
0.613386
0.619524
0.625710
0.631945
0.638230
0.644564
0.650948
0.657381
0.663865
0.670399
0.676984
0.683619
0.690305
0.697043
0.703832
0.710672
0.717564
0.724507
0.731503
0.738550
0.745650
0.752802
0.760006
0.767263
0.774572
0.781934
0.789348
0.796815
0.804335
0.811908
0.819533
0.827211
0.834942
0.842725
0.850561
0.858449
0.866390
0.874383
0.882428
0.890526
0.898675
0.906876
0.915128
0.923432
0.931786
0.940192
0.948648
0.957154
0.965710
0.974315
0.982970
0.991673
1.000425
1.009225
1.018072
1.026966
1.035906
1.044892
1.053924
1.063000
1.072121
1.081284
1.090491
1.099739
1.109028
1.118358
1.127728
1.137136
1.146582
1.156065
1.165585
1.175139
1.184727
1.194348
1.204001
1.213684
1.223397
1.233138
1.242907
1.252701
1.262520
1.272362
1.282225
1.292109
1.302011
1.311931
1.321867
1.331816
1.341778
1.351751
1.361733
1.371722
1.381716
1.391715
1.401714
1.411714
1.421711
1.431705
1.441691
1.451670
1.461638
1.471593
1.481533
1.491456
1.501359
1.511241
1.521098
1.530929
1.540730
1.550500
1.560236
1.569935
1.579595
1.589213
1.598786
1.608312
1.617787
1.627210
1.636578
1.645887
1.655135
1.664318
1.673435
1.682482
1.691456
1.700355
1.709175
1.717913
1.726566
1.735132
1.743608
1.751990
1.760275
1.768460
1.776544
1.784521
1.792390
1.800147
1.807790
1.815315
1.822720
1.830001
1.837156
1.844182
1.851076
1.857835
1.864456
1.870936
1.877273
1.883464
1.889507
1.895398
1.901135
1.906716
1.912138
1.917399
1.922496
1.927427
1.932190
1.936782
1.941202
1.945447
1.949516
1.953406
1.957115
1.960643
1.963986
1.967144
1.970115
1.972898
1.975491
1.977892
1.980102
1.982118
1.983940
1.985567
1.986997
1.988231
1.989267
1.990105
1.990745
1.991187
1.991429
1.991472
1.991316
1.990961
1.990407
1.989655
1.988704
1.987555
1.986209
1.984666
1.982927
1.980993
1.978865
1.976544
1.974031
1.971327
1.968433
1.965351
1.962083
1.958629
1.954992
1.951173
1.947174
1.942997
1.938643
1.934116
1.929416
1.924547
1.919509
1.914307
1.908941
1.903415
1.897730
1.891890
1.885896
1.879752
1.873460
1.867023
1.860444
1.853725
1.846869
1.839879
1.832758
1.825509
1.818135
1.810639
1.803023
1.795291
1.787445
1.779490
1.771427
1.763260
1.754992
1.746625
1.738164
1.729611
1.720968
1.712240
1.703429
1.694538
1.685570
1.676528
1.667415
1.658235
1.648989
1.639681
1.630314
1.620891
1.611414
1.601886
1.592311
1.582691
1.573028
1.563325
1.553586
1.543812
1.534006
1.524171
1.514310
1.504424
1.494516
1.484589
1.474645
1.464687
1.454716
1.444735
1.434746
1.424751
1.414753
1.404753
1.394753
1.384756
1.374764
1.364778
1.354800
1.344832
1.334876
1.324934
1.315007
1.305097
1.295205
1.285334
1.275484
1.265657
1.255855
1.246079
1.236330
1.226610
1.216920
1.207262
1.197635
1.188043
1.178485
1.168962
1.159477
1.150030
1.140621
1.131253
1.121925
1.112639
1.103395
1.094195
1.085039
1.075927
1.066862
1.057842
1.048870
1.039945
1.031068
1.022240
1.013461
1.004732
0.996053
0.987425
0.978848
0.970322
0.961849
0.953428
0.945059
0.936744
0.928482
0.920273
0.912119
0.904018
0.895971
0.887979
0.880042
0.872159
0.864331
0.856559
0.848841
0.841179
0.833572
0.826020
0.818523
0.811082
0.803696
0.796366
0.789091
0.781872
0.774707
0.767598
0.760545
0.753546
0.746602
0.739713
0.732879
0.726099
0.719375
0.712704
0.706088
0.699525
0.693017
0.686563
0.680162
0.673814
0.667520
0.661278
0.655089
0.648953
0.642869
0.636838
0.630858
0.624929
0.619053
0.613227
0.607452
0.601728
0.596054
0.590430
0.584856
0.579332
0.573857
0.568431
0.563054
0.557725
0.552444
0.547211
0.542026
0.536888
0.531798
0.526754
0.521756
0.516804
0.511899
0.507038
0.502223
0.497453
0.492728
0.488047
0.483409
0.478816
0.474266
0.469759
0.465295
0.460873
0.456494
0.452156
0.447860
0.443606
0.439392
0.435219
0.431086
0.426993
0.422940
0.418927
0.414952
0.411017
0.407120
0.403261
0.399440
0.395657
0.391911
0.388203
0.384531
0.380895
0.377296
0.373733
0.370205
0.366713
0.363255
0.359833
0.356445
0.353091
0.349771
0.346485
0.343232
0.340012
0.336825
0.333671
0.330549
0.327459
0.324400
0.321374
0.318378
0.315414
0.312480
0.309576
0.306703
0.303860
0.301046
0.298262
0.295507
0.292782
0.290084
0.287416
0.284775
0.282163
0.279578
0.277021
0.274491
0.271989
0.269513
0.267064
0.264641
0.262244
0.259873
0.257528
0.255209
0.252915
0.250646
0.248401
0.246182
0.243987
0.241816
0.239669
0.237547
0.235447
0.233372
0.231319
0.229290
0.227283
0.225299
0.223338
0.221399
0.219482
0.217587
0.215714
0.213863
0.212032
0.210224
0.208436
0.206669
0.204923
0.203197
0.201492
0.199807
0.198142
0.196497
0.194871
0.193265
0.191679
0.190112
0.188564
0.187035
0.185525
0.184034
0.182561
0.181106
0.179670
0.178252
0.176852
0.175469
0.174104
0.172757
0.171428
0.170115
0.168820
0.167542
0.166280
0.165036
0.163808
0.162597
0.161402
0.160223
0.159061
0.157915
0.156784
0.155670
0.154571
0.153488
0.152420
0.151368
0.150331
0.149310
0.148303
0.147312
0.146335
0.145373
0.144426
0.143493
0.142575
0.141672
0.140783
0.139908
0.139047
0.138200
0.137367
0.136549
0.135744
0.134952
0.134175
0.133411
0.132660
0.131923
0.131200
0.130489
0.129792
0.129108
0.128437
0.127780
0.127135
0.126502
0.125883
0.125277
0.124683
0.124102
0.123533
0.122977
0.122433
0.121902
0.121383
0.120877
0.120382
0.119900
0.119430
0.118972
0.118526
0.118093
0.117671
0.117261
0.116863
0.116476
0.116102
0.115739
0.115388
0.115049
0.114721
0.114405
0.114101
0.113808
0.113526
0.113256
0.112998
0.112751
0.112515
0.112291
0.112078
0.111877
0.111687
0.111508
0.111340
0.111184
0.111039
0.110905
0.110782
0.110671
0.110570
0.110481
0.110403
0.110337
0.110281
0.110237
0.110203
0.110181
0.110170
0.110170
0.110181
0.110204
0.110237
0.110282
0.110337
0.110404
0.110482
0.110571
0.110672
0.110783
0.110906
0.111040
0.111185
0.111341
0.111508
0.111687
0.111877
0.112078
0.112291
0.112515
0.112750
0.112997
0.113255
0.113524
0.113805
0.114097
0.114401
0.114716
0.115043
0.115381
0.115731
0.116093
0.116466
0.116852
0.117248
0.117657
0.118077
0.118510
0.118954
0.119410
0.119878
0.120359
0.120851
0.121356
0.121872
0.122401
0.122942
0.123496
0.124062
0.124640
0.125231
0.125835
0.126451
0.127080
0.127721
0.128375
0.129043
0.129723
0.130416
0.131122
0.131842
0.132574
0.133320
0.134079
0.134852
0.135638
0.136438
0.137251
0.138078
0.138919
0.139774
0.140643
0.141526
0.142423
0.143334
0.144259
0.145199
0.146154
0.147123
0.148107
0.149105
0.150119
0.151147
0.152191
0.153249
0.154323
0.155413
0.156518
0.157638
0.158774
0.159926
0.161094
0.162278
0.163478
0.164695
0.165927
0.167177
0.168443
0.169725
0.171025
0.172341
0.173675
0.175026
0.176394
0.177780
0.179183
0.180604
0.182043
0.183501
0.184976
0.186470
0.187982
0.189512
0.191062
0.192630
0.194218
0.195825
0.197451
0.199096
0.200761
0.202446
0.204151
0.205877
0.207622
0.209388
0.211174
0.212982
0.214810
0.216660
0.218531
0.220423
0.222337
0.224273
0.226230
0.228211
0.230213
0.232238
0.234286
0.236356
0.238450
0.240568
0.242708
0.244873
0.247061
0.249274
0.251511
0.253772
0.256058
0.258369
0.260705
0.263067
0.265454
0.267867
0.270306
0.272771
0.275263
0.277781
0.280326
0.282898
0.285498
0.288125
0.290780
0.293463
0.296175
0.298914
0.301683
0.304481
0.307307
0.310164
0.313050
0.315966
0.318912
0.321889
0.324896
0.327935
0.331004
0.334106
0.337238
0.340403
0.343601
0.346830
0.350093
0.353389
0.356718
0.360080
0.363477
0.366908
0.370373
0.373873
0.377408
0.380978
0.384584
0.388226
0.391903
0.395618
0.399368
0.403156
0.406982
0.410844
0.414745
0.418684
0.422661
0.426677
0.430732
0.434827
0.438961
0.443135
0.447349
0.451604
0.455899
0.460236
0.464614
0.469034
0.473496
0.478000
0.482547
0.487136
0.491769
0.496446
0.501166
0.505931
0.510739
0.515593
0.520492
0.525435
0.530425
0.535460
0.540542
0.545670
0.550845
0.556067
0.561336
0.566652
0.572017
0.577430
0.582891
0.588401
0.593960
0.599569
0.605227
0.610934
0.616692
0.622500
0.628358
0.634268
0.640228
0.646239
0.652303
0.658417
0.664584
0.670803
0.677074
0.683398
0.689775
0.696204
0.702687
0.709223
0.715813
0.722456
0.729153
0.735904
0.742709
0.749568
0.756481
0.763449
0.770472
0.777549
0.784681
0.791867
0.799109
0.806405
0.813756
0.821162
0.828623
0.836138
0.843709
0.851334
0.859014
0.866749
0.874538
0.882382
0.890281
0.898233
0.906240
0.914300
0.922415
0.930582
0.938803
0.947077
0.955404
0.963784
0.972215
0.980698
0.989233
0.997819
1.006456
1.015142
1.023879
1.032665
1.041499
1.050382
1.059313
1.068290
1.077315
1.086385
1.095500
1.104659
1.113863
1.123109
1.132397
1.141727
1.151097
1.160507
1.169955
1.179441
1.188963
1.198521
1.208114
1.217740
1.227398
1.237087
1.246806
1.256554
1.266328
1.276129
1.285954
1.295803
1.305672
1.315562
1.325471
1.335397
1.345337
1.355292
1.365259
1.375235
1.385220
1.395212
1.405209
1.415208
1.425208
1.435206
1.445202
1.455192
1.465175
1.475147
1.485108
1.495055
1.504986
1.514897
1.524788
1.534655
1.544495
1.554307
1.564089
1.573836
1.583547
1.593220
1.602850
1.612437
1.621976
1.631466
1.640903
1.650284
1.659608
1.668870
1.678068
1.687200
1.696261
1.705250
1.714162
1.722996
1.731748
1.740415
1.748994
1.757483
1.765877
1.774174
1.782372
1.790466
1.798454
1.806332
1.814099
1.821750
1.829283
1.836695
1.843982
1.851142
1.858173
1.865070
1.871831
1.878453
1.884934
1.891271
1.897460
1.903500
1.909387
1.915119
1.920693
1.926107
1.931359
1.936446
1.941365
1.946115
1.950693
1.955097
1.959324
1.963374
1.967244
1.970932
1.974437
1.977756
1.980888
1.983831
1.986585
1.989148
1.991517
1.993694
1.995675
1.997460
1.999049
2.000441
2.001634
2.002628
2.003423
2.004018
2.004413
2.004607
2.004602
2.004395
2.003989
2.003382
2.002575
2.001569
2.000364
1.998960
1.997359
1.995560
1.993566
1.991376
1.988992
1.986415
1.983647
1.980688
1.977540
1.974205
1.970684
1.966979
1.963091
1.959023
1.954777
1.950353
1.945756
1.940985
1.936045
1.930936
1.925662
1.920225
1.914627
1.908871
1.902959
1.896895
1.890679
1.884317
1.877809
1.871159
1.864370
1.857445
1.850386
1.843197
1.835880
1.828438
1.820875
1.813193
1.805396
1.797486
1.789467
1.781342
1.773113
1.764785
1.756359
1.747839
1.739229
1.730531
1.721748
1.712883
1.703940
1.694921
1.685830
1.676669
1.667442
1.658151
1.648800
1.639391
1.629927
1.620411
1.610847
1.601236
1.591582
1.581887
1.572154
1.562386
1.552586
1.542755
1.532897
1.523015
1.513110
1.503185
1.493242
1.483285
1.473315
1.463334
1.453345
1.443351
1.433353
1.423353
1.413353
1.403357
1.393364
1.383378
1.373401
1.363434
1.353479
1.343538
1.333613
1.323705
1.313816
1.303948
1.294102
1.284280
1.274484
1.264714
1.254972
1.245259
1.235578
1.225928
1.216312
1.206731
1.197185
1.187676
1.178205
1.168773
1.159382
1.150031
1.140722
1.131457
1.122235
1.113057
1.103926
1.094840
1.085802
1.076811
1.067868
1.058975
1.050132
1.041338
1.032596
1.023905
1.015266
1.006679
0.998145
0.989665
0.981238
0.972866
0.964547
0.956284
0.948076
0.939923
0.931826
0.923785
0.915800
0.907872
0.900000
0.892185
0.884427
0.876725
0.869081
0.861495
0.853966
0.846494
0.839080
0.831723
0.824424
0.817182
0.809998
0.802872
0.795803
0.788792
0.781838
0.774941
0.768102
0.761320
0.754595
0.747927
0.741317
0.734763
0.728265
0.721824
0.715440
0.709112
0.702839
0.696623
0.690463
0.684357
0.678308
0.672313
0.666373
0.660488
0.654658
0.648882
0.643160
0.637491
0.631876
0.626315
0.620807
0.615351
0.609949
0.604598
0.599300
0.594053
0.588858
0.583715
0.578622
0.573581
0.568589
0.563649
0.558758
0.553916
0.549125
0.544382
0.539688
0.535043
0.530446
0.525897
0.521396
0.516943
0.512536
0.508177
0.503864
0.499597
0.495377
0.491202
0.487073
0.482989
0.478950
0.474955
0.471005
0.467099
0.463237
0.459419
0.455643
0.451911
0.448222
0.444574
0.440969
0.437406
0.433885
0.430405
0.426966
0.423568
0.420211
0.416893
0.413616
0.410379
0.407181
0.404023
0.400903
0.397823
0.394780
0.391777
0.388811
0.385883
0.382993
0.380139
0.377323
0.374544
0.371802
0.369096
0.366426
0.363792
0.361193
0.358631
0.356103
0.353611
0.351153
0.348730
0.346342
0.343987
0.341667
0.339380
0.337127
0.334908
0.332722
0.330568
0.328448
0.326360
0.324305
0.322281
0.320290
0.318331
0.316404
0.314508
0.312644
0.310810
0.309008
0.307237
0.305496
0.303786
0.302107
0.300458
0.298838
0.297249
0.295690
0.294160
0.292659
0.291189
0.289747
0.288334
0.286951
0.285596
0.284270
0.282973
0.281704
0.280463
0.279251
0.278066
0.276910
0.275782
0.274681
0.273609
0.272563
0.271546
0.270555
0.269592
0.268656
0.267748
0.266866
0.266011
0.265183
0.264382
0.263608
0.262860
0.262138
0.261444
0.260775
0.260133
0.259518
0.258928
0.258365
0.257828
0.257316
0.256831
0.256372
0.255939
0.255531
0.255150
0.254794
0.254464
0.254160
0.253881
0.253628
0.253401
0.253199
0.253023
0.252873
0.252748
0.252648
0.252574
0.252526
0.252503
0.252506
0.252534
0.252587
0.252667
0.252771
0.252901
0.253057
0.253238
0.253445
0.253677
0.253935
0.254219
0.254528
0.254863
0.255224
0.255610
0.256022
0.256460
0.256924
0.257413
0.257929
0.258470
0.259037
0.259631
0.260251
0.260896
0.261568
0.262267
0.262991
0.263743
0.264520
0.265324
0.266155
0.267012
0.267897
0.268808
0.269746
0.270711
0.271703
0.272723
0.273769
0.274843
0.275945
0.277074
0.278231
0.279415
0.280628
0.281869
0.283137
0.284434
0.285759
0.287113
0.288495
0.289906
0.291346
0.292815
0.294313
0.295840
0.297397
0.298983
0.300598
0.302244
0.303919
0.305625
0.307361
0.309127
0.310923
0.312751
0.314609
0.316498
0.318419
0.320371
0.322354
0.324369
0.326416
0.328495
0.330606
0.332750
0.334926
0.337135
0.339377
0.341652
0.343961
0.346303
0.348679
0.351089
0.353533
0.356011
0.358524
0.361072
0.363654
0.366272
0.368926
0.371615
0.374340
0.377100
0.379898
0.382732
0.385602
0.388510
0.391454
0.394437
0.397457
0.400515
0.403611
0.406745
0.409918
0.413131
0.416382
0.419673
0.423003
0.426373
0.429784
0.433235
0.436727
0.440259
0.443833
0.447448
0.451105
0.454804
0.458546
0.462330
0.466156
0.470026
0.473939
0.477896
0.481897
0.485942
0.490031
0.494165
0.498344
0.502568
0.506838
0.511154
0.515516
0.519924
0.524379
0.528880
0.533429
0.538026
0.542670
0.547362
0.552103
0.556892
0.561730
0.566617
0.571553
0.576539
0.581575
0.586662
0.591798
0.596986
0.602224
0.607514
0.612855
0.618248
0.623692
0.629189
0.634739
0.640341
0.645996
0.651705
0.657466
0.663282
0.669151
0.675074
0.681052
0.687084
0.693170
0.699312
0.705509
