1.999000
1.998800
1.998400
1.997801
1.997002
1.996005
1.994809
1.993415
1.991823
1.990035
1.988052
1.985874
1.983502
1.980938
1.978182
1.975237
1.972103
1.968782
1.965276
1.961586
1.957714
1.953662
1.949431
1.945025
1.940444
1.935690
1.930767
1.925677
1.920421
1.915002
1.909422
1.903685
1.897792
1.891746
1.885549
1.879206
1.872717
1.866087
1.859317
1.852411
1.845372
1.838202
1.830904
1.823482
1.815938
1.808275
1.800497
1.792606
1.784606
1.776499
1.768289
1.759979
1.751571
1.743069
1.734476
1.725795
1.717029
1.708181
1.699254
1.690251
1.681175
1.672029
1.662817
1.653541
1.644203
1.634808
1.625357
1.615854
1.606301
1.596702
1.587059
1.577374
1.567651
1.557893
1.548101
1.538279
1.528428
1.518552
1.508654
1.498734
1.488797
1.478844
1.468878
1.458900
1.448914
1.438921
1.428924
1.418924
1.408925
1.398927
1.388932
1.378944
1.368963
1.358992
1.349033
1.339086
1.329154
1.319239
1.309343
1.299466
1.289611
1.279778
1.269970
1.260188
1.250434
1.240708
1.231012
1.221347
1.211715
1.202117
1.192553
1.183026
1.173536
1.164084
1.154671
1.145298
1.135967
1.126678
1.117431
1.108229
1.099071
1.089958
1.080892
1.071872
1.062900
1.053976
1.045102
1.036276
1.027500
1.018775
1.010101
1.001479
0.992909
0.984391
0.975925
0.967513
0.959155
0.950851
0.942600
0.934405
0.926264
0.918178
0.910148
0.902173
0.894253
0.886390
0.878582
0.870831
0.863136
0.855497
0.847915
0.840390
0.832920
0.825508
0.818152
0.810853
0.803610
0.796424
0.789295
0.782222
0.775206
0.768246
0.761343
0.754495
0.747704
0.740969
0.734290
0.727667
0.721100
0.714588
0.708131
0.701730
0.695383
0.689092
0.682855
0.676673
0.670545
0.664471
0.658451
0.652484
0.646572
0.640712
0.634905
0.629151
0.623450
0.617801
0.612204
0.606658
0.601165
0.595722
0.590331
0.584990
0.579699
0.574459
0.569269
0.564129
0.559037
0.553995
0.549002
0.544057
0.539161
0.534312
0.529511
0.524758
0.520051
0.515392
0.510779
0.506212
0.501691
0.497216
0.492786
0.488401
0.484061
0.479765
0.475514
0.471306
0.467142
0.463021
0.458944
0.454909
0.450916
0.446966
0.443058
0.439191
0.435365
0.431580
0.427837
0.424133
0.420470
0.416847
0.413263
0.409718
0.406213
0.402746
0.399318
0.395928
0.392576
0.389262
0.385985
0.382746
0.379543
0.376377
0.373247
0.370154
0.367096
0.364074
0.361087
0.358135
0.355219
0.352336
0.349489
0.346675
0.343895
0.341149
0.338436
0.335757
0.333110
0.330496
0.327915
0.325365
0.322848
0.320363
0.317909
0.315487
0.313096
0.310735
0.308406
0.306107
0.303838
0.301600
0.299391
0.297212
0.295063
0.292943
0.290852
0.288790
0.286757
0.284752
0.282776
0.280828
0.278908
0.277015
0.275151
0.273314
0.271504
0.269721
0.267966
0.266237
0.264535
0.262859
0.261210
0.259587
0.257990
0.256419
0.254873
0.253354
0.251859
0.250390
0.248946
0.247527
0.246133
0.244764
0.243420
0.242100
0.240804
0.239532
0.238285
0.237062
0.235862
0.234687
0.233535
0.232406
0.231301
0.230220
0.229161
0.228126
0.227114
0.226124
0.225158
0.224214
0.223293
0.222394
0.221518
0.220664
0.219833
0.219024
0.218237
0.217471
0.216728
0.216007
0.215308
0.214630
0.213974
0.213340
0.212727
0.212136
0.211567
0.211018
0.210491
0.209986
0.209501
0.209038
0.208596
0.208175
0.207775
0.207396
0.207038
0.206701
0.206385
0.206089
0.205815
0.205561
0.205328
0.205116
0.204925
0.204754
0.204604
0.204475
0.204366
0.204278
0.204211
0.204164
0.204138
0.204133
0.204148
0.204184
0.204240
0.204317
0.204415
0.204533
0.204672
0.204832
0.205012
0.205213
0.205434
0.205677
0.205940
0.206224
0.206528
0.206854
0.207200
0.207568
0.207956
0.208365
0.208795
0.209246
0.209718
0.210211
0.210726
0.211261
0.211818
0.212397
0.212996
0.213617
0.214260
0.214923
0.215609
0.216316
0.217045
0.217796
0.218568
0.219363
0.220180
0.221018
0.221879
0.222762
0.223667
0.224595
0.225545
0.226518
0.227513
0.228532
0.229573
0.230637
0.231724
0.232834
0.233968
0.235124
0.236305
0.237509
0.238736
0.239988
0.241263
0.242562
0.243886
0.245234
0.246606
0.248003
0.249424
0.250870
0.252341
0.253837
0.255359
0.256906
0.258478
0.260075
0.261699
0.263348
0.265024
0.266726
0.268454
0.270209
0.271990
0.273798
0.275633
0.277496
0.279385
0.281302
0.283247
0.285220
0.287221
0.289250
0.291307
0.293393
0.295508
0.297652
0.299825
0.302027
0.304259
0.306520
0.308811
0.311133
0.313485
0.315867
0.318280
0.320724
0.323199
0.325706
0.328244
0.330814
0.333416
0.336050
0.338717
0.341416
0.344148
0.346914
0.349712
0.352545
0.355411
0.358311
0.361246
0.364215
0.367219
0.370258
0.373333
0.376443
0.379589
0.382771
0.385989
0.389243
0.392535
0.395864
0.399230
0.402633
0.406075
0.409555
0.413073
0.416629
0.420225
0.423860
0.427534
0.431248
0.435003
0.438797
0.442632
0.446508
0.450426
0.454384
0.458385
0.462427
0.466512
0.470639
0.474809
0.479022
0.483279
0.487579
0.491923
0.496312
0.500745
0.505223
0.509746
0.514315
0.518929
0.523589
0.528296
0.533049
0.537849
0.542696
0.547591
0.552533
0.557523
0.562562
0.567649
0.572785
0.577970
0.583204
0.588488
0.593822
0.599205
0.604640
0.610125
0.615661
0.621248
0.626886
0.632576
0.638318
0.644113
0.649959
0.655858
0.661810
0.667815
0.673874
0.679986
0.686151
0.692370
0.698644
0.704971
0.711354
0.717790
0.724282
0.730828
0.737429
0.744086
0.750798
0.757565
0.764388
0.771267
0.778201
0.785191
0.792237
0.799340
0.806498
0.813712
0.820982
0.828308
0.835691
0.843129
0.850624
0.858175
0.865781
0.873444
0.881162
0.888936
0.896765
0.904650
0.912590
0.920586
0.928636
0.936741
0.944900
0.953114
0.961381
0.969703
0.978077
0.986505
0.994985
1.003517
1.012102
1.020738
1.029424
1.038161
1.046949
1.055785
1.064671
1.073604
1.082586
1.091614
1.100689
1.109810
1.118975
1.128184
1.137437
1.146732
1.156069
1.165447
1.174864
1.184321
1.193815
1.203345
1.212912
1.222513
1.232147
1.241814
1.251512
1.261239
1.270995
1.280778
1.290586
1.300419
1.310275
1.320152
1.330049
1.339963
1.349895
1.359841
1.369800
1.379771
1.389752
1.399740
1.409733
1.419731
1.429731
1.439731
1.449728
1.459722
1.469708
1.479687
1.489654
1.499609
1.509548
1.519469
1.529371
1.539250
1.549103
1.558930
1.568726
1.578490
1.588218
1.597908
1.607558
1.617165
1.626726
1.636237
1.645697
1.655103
1.664451
1.673739
1.682964
1.692123
1.701212
1.710230
1.719172
1.728037
1.736820
1.745520
1.754132
1.762654
1.771082
1.779414
1.787647
1.795777
1.803802
1.811718
1.819522
1.827211
1.834783
1.842234
1.849561
1.856761
1.863831
1.870769
1.877571
1.884234
1.890757
1.897135
1.903366
1.909447
1.915377
1.921151
1.926767
1.932224
1.937518
1.942647
1.947608
1.952400
1.957020
1.961465
1.965735
1.969826
1.973737
1.977466
1.981011
1.984370
1.987542
1.990525
1.993318
1.995919
1.998328
2.000541
2.002560
2.004382
2.006007
2.007434
2.008662
2.009691
2.010519
2.011148
2.011575
2.011801
2.011827
2.011651
2.011274
2.010696
2.009917
2.008938
2.007759
2.006381
2.004805
2.003030
2.001059
1.998891
1.996529
1.993973
1.991225
1.988285
1.985155
1.981837
1.978333
1.974643
1.970771
1.966717
1.962483
1.958072
1.953486
1.948727
1.943796
1.938697
1.933431
1.928002
1.922411
1.916661
1.910755
1.904695
1.898484
1.892124
1.885620
1.878972
1.872185
1.865260
1.858202
1.851012
1.843695
1.836252
1.828687
1.821003
1.813204
1.805291
1.797269
1.789139
1.780907
1.772574
1.764143
1.755619
1.747003
1.738299
1.729510
1.720640
1.711691
1.702666
1.693568
1.684401
1.675167
1.665870
1.656513
1.647097
1.637627
1.628105
1.618535
1.608918
1.599258
1.589557
1.579819
1.570045
1.560240
1.550404
1.540542
1.530655
1.520746
1.510817
1.500872
1.490911
1.480939
1.470956
1.460966
1.450971
1.440972
1.430972
1.420973
1.410977
1.400986
1.391003
1.381028
1.371064
1.361114
1.351177
1.341257
1.331356
1.321473
1.311613
1.301775
1.291962
1.282175
1.272415
1.262684
1.252984
1.243315
1.233679
1.224077
1.214511
1.204982
1.195490
1.186037
1.176624
1.167252
1.157922
1.148634
1.139391
1.130193
1.121040
1.111933
1.102874
1.093863
1.084900
1.075987
1.067124
1.058312
1.049551
1.040841
1.032185
1.023581
1.015031
1.006535
0.998093
0.989706
0.981374
0.973097
0.964877
0.956713
0.948605
0.940554
0.932561
0.924624
0.916745
0.908924
0.901161
0.893456
0.885809
0.878221
0.870691
0.863219
0.855806
0.848452
0.841157
0.833920
0.826743
0.819624
0.812564
0.805562
0.798620
0.791736
0.784911
0.778144
0.771436
0.764786
0.758195
0.751662
0.745186
0.738769
0.732410
0.726109
0.719865
0.713678
0.707549
0.701476
0.695461
0.689502
0.683600
0.677754
0.671964
0.666230
0.660552
0.654929
0.649361
0.643849
0.638391
0.632988
0.627639
0.622344
0.617104
0.611916
0.606782
0.601701
0.596673
0.591698
0.586775
0.581904
0.577085
0.572317
0.567601
0.562936
0.558321
0.553757
0.549243
0.544779
0.540365
0.536000
0.531684
0.527418
0.523200
0.519030
0.514908
0.510834
0.506808
0.502828
0.498896
0.495011
0.491172
0.487379
0.483632
0.479931
0.476275
0.472665
0.469099
0.465578
0.462101
0.458669
0.455280
0.451935
0.448633
0.445374
0.442158
0.438985
0.435854
0.432766
0.429719
0.426714
0.423750
0.420828
0.417946
0.415105
0.412305
0.409545
0.406825
0.404144
0.401504
0.398903
0.396340
0.393817
0.391333
0.388887
0.386480
0.384110
0.381779
0.379485
0.377229
0.375010
0.372829
0.370684
0.368576
0.366505
0.364470
0.362472
0.360509
0.358583
0.356692
0.354837
0.353017
0.351232
0.349483
0.347768
0.346089
0.344444
0.342833
0.341257
0.339715
0.338207
0.336732
0.335292
0.333886
0.332512
0.331173
0.329866
0.328593
0.327353
0.326146
0.324971
0.323830
0.322721
0.321644
0.320600
0.319588
0.318608
0.317661
0.316746
0.315862
0.315010
0.314191
0.313403
0.312646
0.311921
0.311228
0.310566
0.309935
0.309336
0.308768
0.308231
0.307725
0.307251
0.306807
0.306395
0.306013
0.305662
0.305343
0.305054
0.304796
0.304568
0.304372
0.304206
0.304071
0.303967
0.303893
0.303851
0.303838
0.303857
0.303906
0.303986
0.304097
0.304238
0.304410
0.304613
0.304846
0.305110
0.305405
0.305731
0.306088
0.306475
0.306894
0.307343
0.307824
0.308335
0.308877
0.309451
0.310055
0.310691
0.311358
0.312056
0.312786
0.313547
0.314340
0.315164
0.316020
0.316907
0.317827
0.318778
0.319761
0.320776
0.321824
0.322903
0.324015
0.325159
0.326336
0.327546
0.328788
0.330062
0.331370
0.332711
0.334085
0.335493
0.336933
0.338407
0.339915
0.341457
0.343033
0.344642
0.346286
0.347964
0.349677
0.351424
0.353206
0.355023
0.356875
0.358762
0.360685
0.362643
0.364636
0.366666
0.368732
0.370834
0.372972
0.375147
0.377359
0.379607
0.381893
0.384216
0.386577
0.388975
0.391411
0.393885
0.396398
0.398949
0.401538
0.404167
0.406834
0.409541
0.412288
0.415074
0.417900
0.420766
0.423673
0.426621
0.429609
0.432638
0.435709
0.438821
0.441975
0.445171
0.448409
0.451690
0.455013
0.458380
0.461790
0.465243
0.468740
0.472281
0.475866
0.479495
0.483169
0.486889
0.490653
0.494463
0.498319
0.502221
0.506169
0.510164
0.514205
0.518293
0.522429
0.526613
0.530844
0.535123
0.539451
0.543827
0.548252
0.552727
0.557251
0.561824
0.566448
0.571121
0.575846
0.580620
0.585446
0.590324
0.595252
0.600233
0.605265
0.610350
0.615487
0.620677
0.625920
0.631216
0.636566
0.641969
0.647426
0.652938
0.658504
0.664124
0.669800
0.675530
0.681316
0.687157
0.693054
0.699007
0.705015
0.711080
0.717202
0.723379
0.729614
0.735906
0.742254
0.748660
0.755123
0.761644
0.768222
0.774858
0.781551
0.788303
0.795112
0.801980
0.808905
0.815889
0.822931
0.830031
0.837189
0.844405
0.851680
0.859012
0.866403
0.873852
0.881359
0.888924
0.896547
0.904227
0.911965
0.919760
0.927613
0.935523
0.943489
0.951513
0.959592
0.967728
0.975920
0.984167
0.992469
1.000826
1.009238
1.017704
1.026224
1.034796
1.043422
1.052100
1.060829
1.069610
1.078442
1.087323
1.096254
1.105234
1.114261
1.123336
1.132458
1.141625
1.150838
1.160094
1.169394
1.178736
1.188119
1.197543
1.207006
1.216507
1.226045
1.235620
1.245229
1.254872
1.264548
1.274254
1.283991
1.293756
1.303548
1.313365
1.323207
1.333071
1.342956
1.352860
1.362783
1.372721
1.382673
1.392638
1.402614
1.412598
1.422589
1.432586
1.442585
1.452585
1.462583
1.472579
1.482569
1.492551
1.502523
1.512483
1.522428
1.532356
1.542264
1.552151
1.562013
1.571849
1.581654
1.591428
1.601166
1.610868
1.620529
1.630147
1.639719
1.649242
1.658714
1.668132
1.677493
1.686793
1.696030
1.705201
1.714303
1.723333
1.732287
1.741163
1.749958
1.758669
1.767292
1.775824
1.784263
1.792604
1.800846
1.808985
1.817018
1.824941
1.832752
1.840448
1.848025
1.855480
1.862811
1.870014
1.877086
1.884025
1.890828
1.897490
1.904011
1.910386
1.916613
1.922690
1.928613
1.934380
1.939988
1.945434
1.950717
1.955834
1.960782
1.965559
1.970162
1.974590
1.978841
1.982912
1.986801
1.990507
1.994028
1.997361
2.000506
2.003460
2.006223
2.008793
2.011168
2.013348
2.015331
2.017116
2.018702
2.020089
2.021276
2.022262
2.023046
2.023629
2.024010
2.024189
2.024165
2.023939
2.023510
2.022879
2.022047
2.021013
2.019778
2.018343
2.016708
2.014875
2.012843
2.010615
2.008191
2.005572
2.002761
1.999757
1.996562
1.993179
1.989609
1.985853
1.981913
1.977791
1.973490
1.969011
1.964356
1.959528
1.954528
1.949360
1.944025
1.938526
1.932866
1.927047
1.921072
1.914943
1.908663
1.902235
1.895662
1.888947
1.882092
1.875101
1.867976
1.860721
1.853338
1.845831
1.838203
1.830456
1.822594
1.814620
1.806537
1.798349
1.790058
1.781667
1.773180
1.764600
1.755931
1.747174
1.738334
1.729413
1.720415
1.711342
1.702199
1.692987
1.683710
1.674371
1.664973
1.655518
1.646011
1.636454
1.626849
1.617200
1.607509
1.597779
1.588014
1.578215
1.568386
1.558528
1.548646
1.538741
1.528815
1.518872
1.508914
1.498943
1.488961
1.478972
1.468977
1.458978
1.448978
1.438979
1.428983
1.418992
1.409008
1.399033
1.389070
1.379119
1.369183
1.359264
1.349363
1.339482
1.329623
1.319788
1.309977
1.300193
1.290437
1.280711
1.271016
1.261353
1.251724
1.242130
1.232572
1.223052
1.213570
1.204128
1.194727
1.185369
1.176053
1.166781
1.157554
1.148374
1.139240
1.130153
1.121116
1.112127
1.103189
1.094301
1.085465
1.076681
1.067950
1.059272
1.050648
1.042079
1.033565
1.025106
1.016704
1.008357
1.000068
0.991836
0.983662
0.975545
0.967487
0.959488
0.951547
0.943666
0.935844
0.928081
0.920379
0.912736
0.905154
0.897632
0.890170
0.882769
0.875429
0.868149
0.860930
0.853772
0.846675
0.839639
0.832664
0.825750
0.818896
0.812104
0.805372
0.798702
0.792092
0.785542
0.779053
0.772625
0.766257
0.759950
0.753702
0.747515
0.741388
0.735320
0.729312
0.723364
0.717474
0.711644
0.705873
0.700161
0.694507
0.688912
0.683375
0.677896
0.672475
0.667112
0.661805
0.656557
0.651365
0.646229
0.641151
0.636128
0.631162
0.626251
0.621397
0.616597
0.611853
0.607163
0.602528
0.597948
0.593422
0.588949
0.584530
0.580165
0.575853
0.571594
0.567387
0.563233
0.559131
0.555081
0.551082
0.547136
0.543240
0.539395
0.535601
0.531857
0.528164
0.524520
0.520926
0.517382
0.513887
0.510441
0.507043
0.503695
0.500394
0.497142
0.493937
0.490780
0.487670
0.484608
0.481592
0.478623
0.475701
0.472824
0.469994
0.467210
0.464471
0.461778
0.459130
0.456527
0.453968
0.451454
0.448985
0.446560
0.444179
0.441842
0.439548
0.437298
0.435091
0.432927
0.430806
0.428728
0.426692
0.424699
0.422748
0.420840
0.418973
0.417148
0.415364
0.413622
0.411921
0.410262
0.408643
0.407066
0.405529
0.404033
0.402577
0.401162
0.399787
0.398452
0.397157
0.395902
0.394687
0.393512
0.392376
0.391280
0.390223
0.389205
0.388227
0.387287
0.386387
0.385526
0.384704
0.383920
0.383175
0.382469
0.381802
0.381173
0.380582
0.380030
0.379516
0.379041
0.378604
0.378205
0.377845
0.377522
0.377238
0.376992
0.376784
0.376614
0.376482
0.376388
0.376332
0.376315
0.376335
0.376393
0.376489
0.376623
0.376796
0.377006
0.377254
0.377541
0.377865
0.378228
0.378629
0.379067
0.379545
0.380060
0.380614
0.381206
0.381836
0.382505
0.383212
0.383958
0.384742
0.385565
0.386427
0.387327
0.388267
0.389245
0.390262
0.391319
0.392414
0.393549
0.394724
0.395937
0.397191
0.398484
0.399816
0.401189
0.402602
0.404054
0.405547
0.407081
0.408654
0.410269
0.411924
0.413620
0.415356
0.417135
0.418954
0.420814
0.422717
0.424661
0.426646
0.428674
0.430744
0.432857
0.435011
0.437209
0.439449
0.441733
0.444059
0.446429
0.448843
0.451300
0.453801
0.456346
0.458936
0.461570
0.464248
0.466972
0.469740
0.472554
0.475414
0.478319
0.481270
0.484267
0.487310
0.490400
0.493537
0.496721
0.499952
0.503230
0.506556
0.509930
0.513352
0.516822
0.520341
0.523909
0.527526
0.531192
0.534907
0.538672
0.542487
0.546353
0.550269
0.554235
0.558253
0.562322
0.566442
0.570614
0.574837
0.579113
0.583441
0.587822
0.592256
0.596743
0.601283
0.605877
0.610524
0.615226
0.619982
0.624793
0.629658
0.634578
0.639554
0.644585
0.649671
0.654814
0.660013
0.665268
0.670579
0.675948
0.681373
0.686856
0.692396
0.697993
0.703648
0.709362
0.715133
0.720963
0.726851
0.732797
0.738803
0.744868
0.750991
0.757174
0.763416
0.769718
0.776080
0.782501
0.788982
0.795522
0.802123
0.808784
0.815505
0.822286
0.829128
0.836030
0.842992
0.850014
0.857096
0.864239
0.871442
0.878706
0.886029
0.893412
0.900856
0.908359
0.915922
0.923544
0.931226
0.938968
0.946768
0.954627
0.962545
0.970522
0.978556
0.986648
0.994798
1.003005
1.011269
1.019590
1.027966
1.036399
1.044886
1.053428
1.062025
1.070675
1.079379
1.088135
1.096943
1.105802
1.114712
1.123672
1.132682
1.141740
1.150845
1.159998
1.169197
1.178441
1.187729
1.197060
1.206434
1.215849
1.225304
1.234799
1.244331
1.253900
1.263505
1.273144
1.282817
1.292521
1.302255
1.312018
1.321809
1.331626
1.341467
1.351331
1.361217
1.371122
1.381045
1.390984
1.400937
1.410903
1.420880
1.430865
1.440857
1.450853
1.460853
1.470853
1.480851
1.490846
1.500834
1.510814
1.520784
1.530741
1.540682
1.550606
1.560509
1.570390
1.580245
1.590072
1.599868
1.609632
1.619359
1.629048
1.638695
1.648297
1.657853
1.667358
1.676811
1.686207
1.695545
1.704821
1.714032
1.723175
1.732247
1.741245
1.750166
1.759006
1.767764
1.776434
1.785015
1.793504
1.801896
1.810189
1.818380
1.826466
1.834443
1.842309
1.850059
1.857692
1.865203
1.872591
1.879851
1.886981
1.893978
1.900838
1.907560
1.914139
1.920573
1.926859
1.932995
1.938977
1.944803
1.950470
1.955976
1.961318
1.966493
1.971499
1.976334
1.980996
1.985482
1.989789
1.993917
1.997862
2.001623
2.005199
2.008586
2.011785
2.014792
2.017607
2.020227
2.022653
2.024882
2.026914
2.028746
2.030380
2.031812
2.033044
2.034073
2.034900
2.035524
2.035945
2.036163
2.036177
2.035987
2.035594
2.034998
2.034198
2.033196
2.031992
2.030586
2.028979
2.027172
2.025165
2.022961
2.020560
2.017962
2.015170
2.012185
2.009008
2.005641
2.002085
1.998343
1.994415
1.990305
1.986013
1.981543
1.976895
1.972073
1.967079
1.961914
1.956582
1.951085
1.945426
1.939606
1.933629
1.927498
1.921215
1.914783
1.908205
1.901484
1.894622
1.887624
1.880491
1.873226
1.865834
1.858317
1.850677
1.842919
1.835045
1.827059
1.818963
1.810762
1.802457
1.794053
1.785552
1.776958
1.768273
1.759502
1.750647
1.741711
1.732698
1.723611
1.714452
1.705226
1.695934
1.686581
1.677169
1.667701
1.658180
1.648609
1.638991
1.629330
1.619627
1.609886
1.600110
1.590300
1.580461
1.570595
1.560704
1.550791
1.540858
1.530909
1.520945
1.510970
1.500985
1.490993
1.480996
1.470996
1.460996
1.450998
1.441005
1.431017
1.421037
1.411068
1.401111
1.391169
1.381242
1.371333
1.361444
1.351576
1.341731
1.331911
1.322117
1.312352
1.302616
1.292911
1.283238
1.273599
1.263995
1.254428
1.244899
1.235408
1.225958
1.216550
1.207183
1.197861
1.188583
1.179351
1.170165
1.161027
1.151938
1.142898
1.133908
1.124969
1.116082
1.107247
1.098466
1.089738
1.081065
1.072448
1.063886
1.055380
1.046931
1.038540
1.030207
1.021931
1.013715
1.005557
0.997460
0.989422
0.981444
0.973527
0.965671
0.957875
0.950141
0.942469
0.934859
0.927310
0.919824
0.912400
0.905038
0.897739
0.890503
0.883329
0.876219
0.869171
0.862186
0.855264
0.848406
0.841610
0.834877
0.828208
0.821601
0.815057
0.808576
0.802158
0.795803
0.789511
0.783281
0.777113
0.771008
0.764966
0.758985
0.753067
0.747210
0.741415
0.735682
0.730010
0.724400
0.718851
0.713362
0.707935
0.702568
0.697261
0.692015
0.686829
0.681702
0.676636
0.671628
0.666680
0.661791
0.656961
0.652189
0.647476
0.642821
0.638224
0.633685
0.629203
0.624778
0.620411
0.616100
0.611846
0.607648
0.603506
0.599421
0.595391
0.591416
0.587497
0.583633
0.579823
0.576068
0.572367
0.568721
0.565128
0.561589
0.558103
0.554671
0.551292
0.547965
0.544691
0.541469
0.538300
0.535182
0.532116
0.529101
0.526138
0.523226
0.520364
0.517554
0.514793
0.512084
0.509424
0.506814
0.504253
0.501743
0.499281
0.496869
0.494506
0.492191
0.489925
0.487708
0.485538
0.483417
0.481344
0.479319
0.477341
0.475411
0.473528
0.471692
0.469903
0.468162
0.466467
0.464818
0.463216
0.461661
0.460151
0.458688
0.457271
0.455899
0.454574
0.453294
0.452059
0.450870
0.449726
0.448628
0.447575
0.446567
0.445603
0.444685
0.443812
0.442983
0.442199
0.441460
0.440765
0.440114
0.439509
0.438947
0.438430
0.437957
0.437528
0.437144
0.436803
0.436507
0.436255
0.436047
0.435883
0.435763
0.435687
0.435655
0.435667
0.435723
0.435824
0.435968
0.436156
0.436388
0.436664
0.436984
0.437349
0.437757
0.438210
0.438707
0.439247
0.439833
0.440462
0.441136
0.441854
0.442617
0.443424
0.444276
0.445172
0.446113
0.447099
0.448129
0.449205
0.450325
0.451490
0.452701
0.453957
0.455258
0.456605
0.457997
0.459435
0.460919
0.462449
0.464024
0.465646
0.467314
0.469028
0.470789
0.472596
0.474450
0.476351
0.478299
0.480294
0.482337
0.484426
0.486564
0.488749
0.490982
0.493264
0.495593
0.497971
0.500398
0.502873
0.505397
0.507971
0.510593
0.513266
0.515987
0.518759
0.521581
0.524452
0.527375
0.530347
0.533371
0.536446
0.539572
0.542749
0.545978
0.549259
0.552591
0.555976
0.559414
0.562904
0.566447
0.570043
0.573692
0.577395
0.581152
0.584963
0.588827
0.592747
0.596721
0.600749
0.604833
0.608972
0.613167
0.617417
0.621723
0.626086
0.630504
0.634980
0.639512
0.644101
0.648748
0.653452
0.658214
0.663033
0.667911
0.672847
0.677842
0.682895
0.688007
0.693178
0.698409
0.703699
0.709049
0.714459
0.719928
0.725458
0.731049
0.736700
0.742411
0.748184
0.754017
0.759912
0.765868
0.771885
0.777964
0.784104
0.790307
0.796571
0.802897
0.809285
0.815736
0.822248
0.828823
0.835460
0.842159
0.848920
0.855744
0.862631
0.869579
0.876590
0.883663
0.890799
0.897996
0.905256
0.912578
0.919961
0.927406
0.934913
0.942481
0.950111
0.957802
0.965553
0.973365
0.981238
0.989171
0.997163
1.005215
1.013326
1.021496
1.029725
1.038012
1.046356
1.054757
1.063216
1.071730
1.080300
1.088925
1.097605
1.106339
1.115126
1.123966
1.132857
1.141800
1.150794
1.159837
1.168929
1.178069
1.187256
1.196489
1.205768
1.215090
1.224456
1.233865
1.243314
1.252803
1.262331
1.271896
1.281498
1.291135
1.300805
1.310508
1.320241
1.330004
1.339795
1.349612
1.359453
1.369318
1.379205
1.389111
1.399035
1.408976
1.418930
1.428898
1.438875
1.448861
1.458854
1.468852
1.478851
1.488851
1.498849
1.508842
1.518829
1.528807
1.538774
1.548727
1.558664
1.568583
1.578480
1.588353
1.598201
1.608019
1.617805
1.627557
1.637272
1.646947
1.656578
1.666164
1.675702
1.685188
1.694619
1.703993
1.713306
1.722555
1.731738
1.740851
1.749891
1.758855
1.767740
1.776543
1.785260
1.793889
1.802426
1.810868
1.819211
1.827453
1.835591
1.843621
1.851539
1.859344
1.867031
1.874598
1.882042
1.889358
1.896545
1.903599
1.910517
1.917296
1.923933
1.930426
1.936771
1.942965
1.949006
1.954891
1.960617
1.966181
1.971582
1.976815
1.981880
1.986773
1.991492
1.996035
2.000400
2.004584
2.008585
2.012402
2.016032
2.019474
2.022726
2.025787
2.028654
2.031326
2.033803
2.036082
2.038162
2.040043
2.041724
2.043203
2.044479
2.045553
2.046423
2.047090
2.047552
2.047809
2.047862
2.047710
2.047353
2.046792
2.046026
2.045057
2.043884
2.042508
2.040930
2.039151
2.037171
2.034992
2.032614
2.030040
2.027269
2.024304
2.021145
2.017796
2.014256
2.010528
2.006615
2.002517
1.998236
1.993776
1.989137
1.984323
1.979335
1.974176
1.968848
1.963354
1.957697
1.951879
1.945902
1.939770
1.933485
1.927051
1.920469
1.913743
1.906877
1.899872
1.892732
1.885460
1.878060
1.870534
1.862885
1.855117
1.847233
1.839235
1.831128
1.822915
1.814598
1.806181
1.797667
1.789060
1.780363
1.771578
1.762709
1.753760
1.744733
1.735632
1.726460
1.717220
1.707915
1.698548
1.689123
1.679642
1.670109
1.660526
1.650897
1.641223
1.631510
1.621758
1.611972
1.602153
1.592305
1.582430
1.572531
1.562611
1.552672
1.542718
1.532749
1.522770
1.512782
1.502787
1.492789
1.482789
1.472790
1.462793
1.452802
1.442818
1.432843
1.422880
1.412930
1.402995
1.393078
1.383179
1.373302
1.363447
1.353617
1.343812
1.334035
1.324288
1.314572
1.304887
1.295237
1.285622
1.276043
1.266503
1.257002
1.247541
1.238122
1.228746
1.219414
1.210127
1.200887
1.191694
1.182549
1.173453
1.164407
1.155412
1.146470
1.137579
1.128743
1.119960
1.111233
1.102561
1.093946
1.085387
1.076886
1.068443
1.060059
1.051734
1.043468
1.035263
1.027118
1.019034
1.011012
1.003051
0.995153
0.987316
0.979543
0.971832
0.964185
0.956602
0.949082
0.941626
0.934234
0.926906
0.919643
0.912444
0.905311
0.898241
0.891237
0.884298
0.877424
0.870614
0.863870
0.857191
0.850577
0.844028
0.837545
0.831126
0.824772
0.818484
0.812260
0.806101
0.800007
0.793977
0.788012
0.782112
0.776276
0.770504
0.764797
0.759153
0.753574
0.748058
0.742605
0.737217
0.731891
0.726628
0.721429
0.716292
0.711218
0.706206
0.701257
0.696370
0.691544
0.686780
0.682078
0.677437
0.672857
0.668338
0.663880
0.659482
0.655145
0.650867
0.646650
0.642492
0.638393
0.634354
0.630374
0.626453
0.622590
0.618786
0.615040
0.611352
0.607722
0.604149
0.600634
0.597176
0.593775
0.590430
0.587143
0.583911
0.580736
0.577617
0.574553
0.571545
0.568593
0.565695
0.562853
0.560065
0.557332
0.554654
0.552030
0.549460
0.546944
0.544481
0.542072
0.539717
0.537415
0.535165
0.532969
0.530826
0.528735
0.526697
0.524710
0.522777
0.520895
0.519065
0.517286
0.515560
0.513884
0.512261
0.510688
0.509167
0.507696
0.506276
0.504908
0.503590
0.502322
0.501105
0.499938
0.498822
0.497755
0.496739
0.495773
0.494857
0.493991
0.493174
0.492407
0.491690
0.491023
0.490405
0.489837
0.489318
0.488848
0.488428
0.488057
0.487736
0.487463
0.487241
0.487067
0.486942
0.486867
0.486841
0.486864
0.486936
0.487057
0.487228
0.487448
0.487716
0.488035
0.488402
0.488819
0.489285
0.489800
0.490364
0.490978
0.491642
0.492355
0.493117
0.493929
0.494790
0.495702
0.496663
0.497674
0.498734
0.499845
0.501006
0.502217
0.503478
0.504789
0.506151
0.507563
0.509026
0.510540
0.512104
0.513720
0.515386
0.517103
0.518872
0.520692
0.522564
0.524487
0.526462
0.528489
0.530568
0.532699
0.534882
0.537118
0.539407
0.541748
0.544142
0.546590
0.549090
0.551644
0.554252
0.556913
0.559628
0.562397
0.565221
0.568099
0.571031
0.574019
0.577061
0.580159
0.583311
0.586520
0.589784
0.593104
0.596480
0.599913
0.603402
0.606947
0.610550
0.614210
0.617927
0.621701
0.625534
0.629424
0.633372
0.637378
0.641443
0.645567
0.649750
0.653992
0.658293
0.662653
0.667074
0.671554
0.676094
0.680695
0.685356
0.690078
0.694860
0.699704
0.704609
0.709575
0.714603
0.719693
0.724845
0.730059
0.735335
0.740673
0.746075
0.751539
0.757065
0.762655
0.768308
0.774025
0.779805
0.785648
0.791555
0.797526
0.803561
0.809660
0.815822
0.822049
0.828340
0.834696
0.841115
0.847599
0.854148
0.860760
0.867438
0.874179
0.880985
0.887855
0.894790
0.901788
0.908851
0.915978
0.923169
0.930424
0.937743
0.945125
0.952571
0.960080
0.967652
0.975287
0.982985
0.990745
0.998567
1.006451
1.014396
1.022403
1.030471
1.038599
1.046787
1.055034
1.063341
1.071707
1.080131
1.088612
1.097151
1.105746
1.114397
1.123104
1.131865
1.140681
1.149549
1.158470
1.167443
1.176466
1.185540
1.194663
1.203834
1.213052
1.222317
1.231627
1.240981
1.250379
1.259818
1.269298
1.278818
1.288376
1.297971
1.307601
1.317266
1.326964
1.336694
1.346453
1.356241
1.366056
1.375896
1.385760
1.395645
1.405550
1.415474
1.425414
1.435369
1.445336
1.455314
1.465301
1.475294
1.485291
1.495291
1.505291
1.515288
1.525281
1.535267
1.545244
1.555209
1.565160
1.575095
1.585010
1.594904
1.604773
1.614615
1.624427
1.634207
1.643951
1.653657
1.663322
1.672944
1.682518
1.692043
1.701514
1.710930
1.720287
1.729583
1.738813
1.747975
1.757066
1.766082
1.775021
1.783879
1.792653
1.801340
1.809936
1.818439
1.826844
1.835150
1.843353
1.851448
1.859434
1.867307
1.875064
1.882701
1.890216
1.897605
1.904865
1.911993
1.918986
1.925841
1.932555
1.939125
1.945547
1.951820
1.957939
1.963903
1.969709
1.975353
1.980833
1.986147
1.991293
1.996266
2.001066
2.005690
2.010135
2.014400
2.018481
2.022378
2.026089
2.029610
2.032942
2.036081
2.039026
2.041777
2.044330
2.046686
2.048843
2.050799
2.052554
2.054106
2.055456
2.056601
2.057543
2.058279
2.058810
2.059135
2.059255
2.059168
2.058876
2.058378
2.057674
2.056766
2.055652
2.054335
2.052814
2.051090
2.049164
2.047037
2.044711
2.042186
2.039464
2.036546
2.033433
2.030127
2.026630
2.022944
2.019070
2.015010
2.010766
2.006341
2.001736
1.996953
1.991996
1.986867
1.981567
1.976100
1.970467
1.964673
1.958719
1.952608
1.946343
1.939926
1.933362
1.926652
1.919800
1.912809
1.905681
1.898421
1.891031
1.883513
1.875873
1.868112
1.860233
1.852241
1.844138
1.835928
1.827614
1.819199
1.810686
1.802079
1.793381
1.784596
1.775726
1.766774
1.757745
1.748641
1.739466
1.730222
1.720913
1.711542
1.702112
1.692627
1.683088
1.673500
1.663866
1.654188
1.644469
1.634712
1.624921
1.615097
1.605244
1.595365
1.585462
1.575539
1.565596
1.555638
1.545667
1.535686
1.525696
1.515700
1.505701
1.495701
1.485702
1.475707
1.465718
1.455737
1.445766
1.435807
1.425862
1.415933
1.406022
1.396132
1.386263
1.376418
1.366598
1.356806
1.347042
1.337309
1.327607
1.317939
1.308307
1.298710
1.289152
1.279632
1.270153
1.260716
1.251322
1.241973
1.232669
1.223411
1.214201
1.205040
1.195928
1.186867
1.177858
1.168901
1.159998
1.151148
1.142354
1.133616
1.124934
1.116309
1.107743
1.099235
1.090786
1.082397
1.074068
1.065800
1.057593
1.049449
1.041366
1.033347
1.025390
1.017497
1.009668
1.001903
0.994203
0.986567
0.978997
0.971492
0.964053
0.956679
0.949372
0.942130
0.934955
0.927847
0.920805
0.913830
0.906922
0.900080
0.893306
0.886599
0.879959
0.873386
0.866880
0.860441
0.854070
0.847766
0.841528
0.835358
0.829255
0.823219
0.817250
0.811348
0.805512
0.799743
0.794041
0.788405
0.782836
0.777333
0.771896
0.766525
0.761220
0.755980
0.750806
0.745698
0.740655
0.735677
0.730764
0.725916
0.721133
0.716414
0.711759
0.707168
0.702642
0.698179
0.693780
0.689444
0.685171
0.680962
0.676815
0.672731
0.668709
0.664750
0.660853
0.657018
0.653244
0.649532
0.645881
0.642291
0.638763
0.635295
0.631887
0.628540
0.625254
0.622027
0.618860
0.615753
0.612705
0.609716
0.606787
0.603916
0.601104
0.598351
0.595656
0.593020
0.590441
0.587920
0.585458
0.583052
0.580705
0.578414
0.576181
0.574004
0.571884
0.569822
0.567815
0.565865
0.563971
0.562134
0.560352
0.558627
0.556957
0.555343
0.553784
0.552281
0.550833
0.549440
0.548103
0.546820
0.545592
0.544420
0.543302
0.542238
0.541229
0.540275
0.539375
0.538530
0.537738
0.537001
0.536319
0.535690
0.535115
0.534595
0.534128
0.533715
0.533357
0.533052
0.532801
0.532603
0.532460
0.532370
0.532335
0.532352
0.532424
0.532550
0.532729
0.532962
0.533249
0.533589
0.533984
0.534432
0.534934
0.535490
0.536100
0.536764
0.537482
0.538255
0.539081
0.539961
0.540896
0.541885
0.542928
0.544025
0.545177
0.546384
0.547646
0.548962
0.550332
0.551758
0.553239
0.554775
0.556366
0.558012
0.559714
0.561471
0.563284
0.565153
0.567077
0.569058
0.571094
0.573187
0.575336
0.577542
0.579804
0.582123
0.584499
0.586932
0.589422
0.591970
0.594575
0.597238
0.599958
0.602737
0.605574
0.608469
0.611422
0.614435
0.617506
0.620636
0.623825
0.627073
0.630381
0.633749
0.637177
0.640664
0.644212
0.647820
0.651489
0.655219
0.659009
0.662861
0.666774
0.670749
0.674785
0.678883
0.683043
0.687265
0.691550
0.695898
0.700308
0.704781
0.709317
0.713916
0.718579
0.723306
0.728096
0.732950
0.737869
0.742852
0.747899
0.753011
0.758187
0.763428
0.768735
0.774106
0.779543
0.785045
0.790613
0.796246
0.801945
0.807710
0.813541
0.819438
0.825401
0.831430
0.837526
0.843687
0.849915
0.856210
0.862571
0.868998
0.875491
0.882052
0.888678
0.895371
0.902130
0.908955
0.915847
0.922805
0.929829
0.936919
0.944074
0.951296
0.958583
0.965935
0.973352
0.980834
0.988382
0.995993
1.003669
1.011409
1.019213
1.027079
1.035009
1.043002
1.051057
1.059173
1.067351
1.075591
1.083890
1.092250
1.100669
1.109146
1.117683
1.126276
1.134927
1.143635
1.152397
1.161215
1.170087
1.179013
1.187990
1.197020
1.206100
1.215230
1.224409
1.233636
1.242910
1.252230
1.261594
1.271001
1.280451
1.289942
1.299473
1.309042
1.318649
1.328291
1.337967
1.347677
1.357417
1.367188
1.376987
1.386812
1.396662
1.406535
1.416429
1.426343
1.436275
1.446222
1.456183
1.466156
1.476139
1.486129
1.496124
1.506123
1.516123
1.526122
1.536117
1.546107
1.556087
1.566058
1.576015
1.585956
1.595878
1.605780
1.615658
1.625510
1.635332
1.645123
1.654878
1.664597
1.674274
1.683909
1.693496
1.703035
1.712521
1.721952
1.731324
1.740634
1.749880
1.759058
1.768165
1.777197
1.786152
1.795026
1.803816
1.812519
1.821132
1.829650
1.838072
1.846393
1.854611
1.862722
1.870723
1.878611
1.886382
1.894033
1.901561
1.908963
1.916236
1.923375
1.930380
1.937245
1.943969
1.950548
1.956979
1.963259
1.969386
1.975356
1.981167
1.986816
1.992300
1.997617
2.002764
2.007738
2.012538
2.017160
2.021603
2.025864
2.029942
2.033833
2.037537
2.041051
2.044373
2.047502
2.050437
2.053175
2.055715
2.058056
2.060196
2.062135
2.063872
2.065405
2.066734
2.067858
2.068776
2.069488
2.069994
2.070293
2.070385
2.070270
2.069948
2.069419
2.068683
2.067741
2.066594
2.065241
2.063684
2.061924
2.059960
2.057795
2.055429
2.052863
2.050100
2.047140
2.043984
2.040635
2.037094
2.033363
2.029443
2.025337
2.021047
2.016575
2.011922
2.007093
2.002087
1.996909
1.991561
1.986045
1.980363
1.974520
1.968516
1.962356
1.956041
1.949576
1.942962
1.936203
1.929302
1.922263
1.915087
1.907778
1.900340
1.892775
1.885088
1.877280
1.869356
1.861319
1.853171
1.844917
1.836559
1.828101
1.819547
1.810899
1.802161
1.793336
1.784427
1.775438
1.766373
1.757233
1.748023
1.738746
1.729405
1.720003
1.710543
1.701029
1.691463
1.681849
1.672190
1.662488
1.652747
1.642969
1.633159
1.623317
1.613448
1.603554
1.593637
1.583702
1.573749
1.563782
1.553803
1.543816
1.533822
1.523824
1.513824
1.503824
1.493828
1.483837
1.473854
1.463880
1.453918
1.443970
1.434037
1.424123
1.414229
1.404356
1.394507
1.384683
1.374887
1.365119
1.355382
1.345678
1.336007
1.326371
1.316772
1.307212
1.297691
1.288211
1.278774
1.269380
1.260032
1.250729
1.241474
1.232267
1.223110
1.214003
1.204948
1.195945
1.186996
1.178101
1.169262
1.160478
1.151752
1.143083
1.134473
1.125922
1.117430
1.108999
1.100630
1.092322
1.084076
1.075893
1.067773
1.059717
1.051725
1.043798
1.035936
1.028139
1.020409
1.012744
1.005146
0.997615
0.990150
0.982753
0.975424
0.968163
0.960969
0.953843
0.946786
0.939798
0.932878
0.926027
0.919244
0.912531
0.905886
0.899311
0.892805
0.886368
0.880000
0.873701
0.867472
0.861311
0.855220
0.849198
0.843245
0.837362
0.831547
0.825801
0.820124
0.814516
0.808977
0.803506
0.798104
0.792770
0.787505
0.782307
0.777178
0.772117
0.767123
0.762197
0.757339
0.752548
0.747825
0.743168
0.738579
0.734056
0.729600
0.725210
0.720886
0.716629
0.712438
0.708312
0.704252
0.700258
0.696329
0.692465
0.688666
0.684931
0.681262
0.677656
0.674115
0.670638
0.667225
0.663876
0.660590
0.657367
0.654208
0.651112
0.648079
0.645108
0.642200
0.639355
0.636571
0.633850
0.631191
0.628593
0.626057
0.623582
0.621169
0.618817
0.616526
0.614296
0.612126
0.610018
0.607969
0.605981
0.604053
0.602186
0.600378
0.598630
0.596942
0.595313
0.593744
0.592235
0.590784
0.589393
0.588061
0.586788
0.585574
0.584419
0.583322
0.582285
0.581306
0.580385
0.579523
0.578719
0.577974
0.577287
0.576658
0.576088
0.575575
0.575121
0.574725
0.574387
0.574107
0.573884
0.573720
0.573614
0.573566
0.573576
0.573643
0.573769
0.573952
0.574194
0.574493
0.574851
0.575266
0.575739
0.576271
0.576860
0.577508
0.578213
0.578977
0.579799
0.580679
0.581618
0.582615
0.583671
0.584785
0.585957
0.587188
0.588478
0.589827
0.591234
0.592701
0.594226
0.595811
0.597455
0.599158
0.600921
0.602743
0.604625
0.606566
0.608568
0.610629
0.612751
0.614932
0.617174
0.619477
0.621840
0.624264
0.626749
0.629295
0.631902
0.634570
0.637300
0.640091
0.642944
0.645859
0.648836
0.651875
0.654977
0.658141
0.661368
0.664657
0.668010
0.671426
0.674905
0.678447
0.682053
0.685723
0.689457
0.693255
0.697118
0.701044
0.705036
0.709092
0.713213
0.717400
0.721652
0.725969
0.730351
0.734800
0.739314
0.743895
0.748541
0.753254
0.758034
0.762880
0.767793
0.772773
0.777820
0.782934
0.788115
0.793364
0.798680
0.804064
0.809516
0.815036
0.820623
0.826279
0.832003
0.837794
0.843655
0.849583
0.855580
0.861645
0.867778
0.873980
0.880251
0.886590
0.892997
0.899473
0.906017
0.912629
0.919310
0.926059
0.932876
0.939761
0.946714
0.953735
0.960823
0.967979
0.975203
0.982493
0.989851
0.997275
1.004766
1.012323
1.019946
1.027634
1.035388
1.043207
1.051091
1.059039
1.067051
1.075126
1.083264
1.091465
1.099727
1.108051
1.116436
1.124881
1.133386
1.141951
1.150573
1.159253
1.167990
1.176784
1.185632
1.194536
1.203493
1.212503
1.221565
1.230678
1.239840
1.249052
1.258312
1.267618
1.276970
1.286366
1.295806
1.305288
1.314810
1.324371
1.333971
1.343607
1.353278
1.362982
1.372718
1.382485
1.392281
1.402103
1.411951
1.421822
1.431715
1.441628
1.451559
1.461506
1.471467
1.481439
1.491422
1.501412
1.511408
1.521407
1.531407
1.541405
1.551400
1.561389
1.571369
1.581338
1.591294
1.601233
1.611154
1.621053
1.630927
1.640775
1.650593
1.660378
1.670128
1.679839
1.689509
1.699135
1.708714
1.718242
1.727716
1.737134
1.746493
1.755788
1.765018
1.774178
1.783266
1.792278
1.801211
1.810062
1.818828
1.827504
1.836089
1.844578
1.852969
1.861258
1.869441
1.877516
1.885478
1.893326
1.901055
1.908662
1.916145
1.923499
1.930722
1.937810
1.944761
1.951570
1.958236
1.964755
1.971124
1.977340
1.983400
1.989302
1.995043
2.000619
2.006028
2.011268
2.016336
2.021229
2.025945
2.030482
2.034838
2.039010
2.042996
2.046794
2.050402
2.053818
2.057041
2.060069
2.062900
2.065533
2.067967
2.070199
2.072230
2.074057
2.075680
2.077098
2.078311
2.079317
2.080116
2.080707
2.081091
2.081267
2.081234
2.080994
2.080545
2.079889
2.079025
2.077955
2.076678
2.075195
2.073507
2.071614
2.069519
2.067221
2.064723
2.062025
2.059128
2.056035
2.052747
2.049265
2.045591
2.041728
2.037676
2.033439
2.029018
2.024415
2.019633
2.014674
2.009541
2.004236
1.998761
1.993120
1.987314
1.981347
1.975222
1.968941
1.962508
1.955925
1.949195
1.942322
1.935308
1.928157
1.920872
1.913456
1.905912
1.898243
1.890454
1.882547
1.874525
1.866392
1.858151
1.849806
1.841359
1.832815
1.824176
1.815446
1.806629
1.797727
1.788744
1.779683
1.770548
1.761341
1.752067
1.742728
1.733328
1.723869
1.714356
1.704790
1.695176
1.685516
1.675814
1.666072
1.656293
1.646481
1.636638
1.626767
1.616872
1.606954
1.597016
1.587062
1.577094
1.567114
1.557126
1.547131
1.537132
1.527132
1.517134
1.507138
1.497148
1.487166
1.477195
1.467235
1.457291
1.447362
1.437453
1.427564
1.417697
1.407855
1.398039
1.388251
1.378493
1.368766
1.359072
1.349414
1.339791
1.330206
1.320661
1.311157
1.301694
1.292275
1.282901
1.273573
1.264293
1.255061
1.245878
1.236747
1.227667
1.218640
1.209667
1.200749
1.191887
1.183081
1.174333
1.165643
1.157013
1.148442
1.139932
1.131483
1.123097
1.114772
1.106512
1.098315
1.090182
1.082115
1.074112
1.066176
1.058306
1.050503
1.042767
1.035098
1.027498
1.019965
1.012502
1.005107
0.997781
0.990524
0.983338
0.976220
0.969173
0.962197
0.955290
0.948454
0.941689
0.934994
0.928371
0.921818
0.915336
0.908926
0.902586
0.896318
0.890121
0.883995
0.877941
0.871957
0.866045
0.860204
0.854435
0.848736
0.843108
0.837552
0.832066
0.826651
0.821307
0.816034
0.810831
0.805699
0.800638
0.795646
0.790725
0.785874
0.781093
0.776381
0.771740
0.767167
0.762665
0.758231
0.753867
0.749572
0.745345
0.741188
0.737099
0.733078
0.729125
0.725241
0.721424
0.717676
0.713995
0.710381
0.706835
0.703356
0.699944
0.696599
0.693320
0.690108
0.686962
0.683883
0.680870
0.677922
0.675040
0.672224
0.669474
0.666789
0.664169
0.661614
0.659124
0.656698
0.654337
0.652041
0.649809
0.647642
0.645538
0.643499
0.641523
0.639611
0.637763
0.635979
0.634257
0.632599
0.631005
0.629473
0.628004
0.626598
0.625256
0.623975
0.622758
0.621603
0.620510
0.619480
0.618513
0.617607
0.616764
0.615983
0.615265
0.614608
0.614013
0.613480
0.613010
0.612601
0.612254
0.611968
0.611745
0.611584
0.611484
0.611446
0.611470
0.611555
0.611702
0.611911
0.612182
0.612515
0.612909
0.613365
0.613883
0.614463
0.615105
0.615809
0.616574
0.617402
0.618292
0.619243
0.620257
0.621333
0.622472
0.623673
0.624936
0.626261
0.627649
0.629100
0.630614
0.632190
0.633829
0.635531
0.637296
0.639124
0.641016
0.642970
0.644989
0.647070
0.649216
0.651425
0.653698
0.656035
0.658437
0.660902
0.663432
0.666027
0.668686
0.671410
0.674199
0.677052
0.679971
0.682956
0.686006
0.689121
0.692302
0.695549
0.698862
0.702242
0.705687
0.709199
0.712778
0.716424
0.720136
0.723916
0.727762
0.731676
0.735658
0.739707
0.743824
0.748009
0.752262
0.756584
0.760973
0.765432
0.769958
0.774554
0.779218
0.783952
0.788754
0.793626
0.798568
0.803578
0.808659
0.813809
0.819028
0.824318
0.829678
0.835107
0.840607
0.846177
0.851818
0.857528
0.863309
0.869160
0.875082
0.881074
0.887137
0.893270
0.899474
0.905748
0.912092
0.918507
0.924992
0.931547
0.938173
0.944869
0.951634
0.958470
0.965375
0.972350
0.979394
0.986508
0.993690
1.000942
1.008262
1.015650
1.023107
1.030631
1.038224
1.045883
1.053609
1.061402
1.069260
1.077185
1.085175
1.093229
1.101348
1.109531
1.117777
1.126086
1.134457
1.142889
1.151383
1.159936
1.168550
1.177222
1.185952
1.194739
1.203582
1.212482
1.221435
1.230443
1.239503
1.248615
1.257778
1.266990
1.276251
1.285559
1.294914
1.304313
1.313756
1.323242
1.332768
1.342334
1.351939
1.361580
1.371256
1.380966
1.390708
1.400481
1.410282
1.420110
1.429963
1.439840
1.449738
1.459656
1.469591
1.479542
1.489507
1.499483
1.509468
1.519460
1.529457
1.539457
1.549457
1.559454
1.569447
1.579433
1.589409
1.599373
1.609322
1.619254
1.629166
1.639054
1.648917
1.658752
1.668555
1.678324
1.688056
1.697748
1.707397
1.716999
1.726552
1.736053
1.745499
1.754885
1.764210
1.773470
1.782662
1.791782
1.800828
1.809795
1.818681
1.827482
1.836195
1.844817
1.853345
1.861774
1.870101
1.878325
1.886439
1.894443
1.902332
1.910102
1.917752
1.925277
1.932673
1.939939
1.947070
1.954064
1.960917
1.967627
1.974189
1.980602
1.986861
1.992965
1.998910
2.004694
2.010313
2.015765
2.021047
2.026157
2.031092
2.035850
2.040428
2.044824
2.049035
2.053061
2.056898
2.060544
2.063998
2.067258
2.070322
2.073188
2.075856
2.078323
2.080588
2.082651
2.084509
2.086163
2.087610
2.088851
2.089884
2.090710
2.091327
2.091735
2.091934
2.091924
2.091704
2.091276
2.090639
2.089793
2.088739
2.087478
2.086009
2.084335
2.082455
2.080371
2.078083
2.075594
2.072904
2.070014
2.066927
2.063643
2.060165
2.056494
2.052632
2.048581
2.044343
2.039921
2.035315
2.030530
2.025567
2.020429
2.015117
2.009636
2.003987
1.998173
1.992197
1.986062
1.979771
1.973326
1.966731
1.959989
1.953103
1.946075
1.938910
1.931611
1.924180
1.916620
1.908937
1.901131
1.893208
1.885169
1.877020
1.868762
1.860400
1.851936
1.843375
1.834719
1.825972
1.817138
1.808219
1.799219
1.790142
1.780990
1.771768
1.762477
1.753123
1.743708
1.734234
1.724707
1.715127
1.705500
1.695827
1.686113
1.676359
1.666570
1.656747
1.646895
1.637015
1.627111
1.617186
1.607242
1.597283
1.587310
1.577326
1.567335
1.557338
1.547339
1.537339
1.527342
1.517348
1.507362
1.497384
1.487418
1.477466
1.467529
1.457610
1.447711
1.437833
1.427980
1.418152
1.408351
1.398580
1.388840
1.379133
1.369461
1.359824
1.350225
1.340666
1.331147
1.321671
1.312238
1.302850
1.293509
1.284215
1.274970
1.265775
1.256631
1.247540
1.238502
1.229519
1.220591
1.211719
1.202905
1.194150
1.185453
1.176817
1.168241
1.159727
1.151275
1.142886
1.134561
1.126301
1.118105
1.109975
1.101911
1.093914
1.085984
1.078121
1.070327
1.062601
1.054945
1.047357
1.039840
1.032392
1.025015
1.017708
1.010472
1.003308
0.996215
0.989194
0.982245
0.975367
0.968562
0.961830
0.955170
0.948583
0.942068
0.935626
0.929258
0.922962
0.916740
0.910591
0.904515
0.898512
0.892582
0.886726
0.880943
0.875233
0.869596
0.864033
0.858543
0.853125
0.847781
0.842510
0.837312
0.832186
0.827133
0.822153
0.817246
0.812411
0.807648
0.802958
0.798340
0.793794
0.789319
0.784917
0.780586
0.776327
0.772139
0.768023
0.763978
0.760003
0.756100
0.752268
0.748506
0.744814
0.741193
0.737642
0.734161
0.730750
0.727409
0.724138
0.720936
0.717803
0.714740
0.711745
0.708820
0.705963
0.703175
0.700456
0.697805
0.695222
0.692708
0.690261
0.687882
0.685572
0.683328
0.681153
0.679044
0.677003
0.675029
0.673123
0.671283
0.669510
0.667804
0.666164
0.664591
0.663085
0.661645
0.660271
0.658964
0.657722
0.656547
0.655438
0.654394
0.653417
0.652505
0.651659
0.650879
0.650164
0.649515
0.648931
0.648413
0.647961
0.647574
0.647252
0.646996
0.646805
0.646679
0.646619
0.646624
0.646694
0.646830
0.647031
0.647297
0.647629
0.648026
0.648488
0.649016
0.649609
0.650267
0.650991
0.651780
0.652635
0.653556
0.654542
0.655594
0.656711
0.657895
0.659144
0.660459
0.661840
0.663287
0.664800
0.666379
0.668025
0.669737
0.671515
0.673360
0.675272
0.677250
0.679295
0.681407
0.683586
0.685832
0.688145
0.690526
0.692974
0.695490
0.698073
0.700724
0.703443
0.706230
0.709085
0.712009
0.715000
0.718061
0.721190
0.724388
0.727654
0.730990
0.734395
0.737869
0.741413
0.745026
0.748709
0.752462
0.756285
0.760178
0.764141
0.768174
0.772278
0.776453
0.780698
0.785014
0.789401
0.793859
0.798388
0.802989
0.807661
0.812404
0.817219
0.822106
0.827065
0.832095
0.837198
0.842373
0.847619
0.852938
0.858329
0.863793
0.869328
0.874937
0.880617
0.886370
0.892196
