0.000000
0.144478
-0.031889
-0.298831
-0.364567
-0.139035
0.188597
0.327965
0.157283
-0.162873
-0.336082
-0.201938
0.116869
0.327575
0.236641
-0.072236
-0.315035
-0.268513
0.024557
0.294718
0.293573
0.022157
-0.270007
-0.314325
-0.070068
0.238176
0.326990
0.114700
-0.203534
-0.335148
-0.159156
0.162617
0.334316
0.198062
-0.120892
-0.329320
-0.235614
0.074056
0.314960
0.265594
-0.028674
-0.297315
-0.293360
-0.020464
0.270454
0.311907
0.065765
-0.241690
-0.327804
-0.113422
0.204334
0.333302
0.154891
-0.166888
-0.336212
-0.197424
0.121856
0.328065
0.231596
-0.078877
-0.317924
-0.265787
0.029582
0.296602
0.289758
0.015323
-0.274407
-0.313075
-0.065149
0.241412
0.324736
0.108198
-0.209138
-0.335533
-0.154799
0.166879
0.333733
0.192339
-0.127324
-0.331379
-0.232237
0.078932
0.316022
0.261034
-0.035494
-0.300956
-0.291305
-0.015434
0.273004
0.308802
0.059028
-0.246696
-0.327307
-0.108711
0.208097
0.331826
0.148702
-0.172931
0.258866
1.107727
2.000000
