0.000000
0.000000
0.000000
0.000000
0.000000
0.000000
0.000000
0.000000
0.000000
0.000000
0.000000
0.000000
0.000000
0.000000
0.000000
0.000000
0.000000
0.000000
0.000000
0.000000
0.000000
0.000000
0.000000
0.000000
0.000000
0.000000
0.000000
0.000000
0.000000
0.000000
0.000000
0.000000
0.000000
0.000000
0.000000
0.000000
0.000000
0.000000
0.000000
0.000000
0.000000
0.000000
0.000000
0.000000
0.000000
0.000000
0.000000
0.000000
0.000000
0.000000
0.000000
0.000000
0.000000
0.000000
0.000000
0.000000
0.000000
0.000000
0.000000
0.000000
0.000000
0.000000
0.000000
0.000000
0.000000
0.000000
0.000000
0.000000
0.000000
0.000000
0.000000
0.000000
0.000000
0.000000
0.000000
0.000000
0.000000
0.000000
0.000000
0.000000
0.000000
0.000000
0.000000
0.000000
0.000000
0.000000
0.000000
0.000000
0.000000
0.000000
0.000000
0.000000
0.000000
0.000000
0.000000
0.000000
0.000000
0.000000
0.000000
0.000000
0.000000
0.000000
0.000000
0.000000
0.000000
0.000000
0.000000
0.000000
0.000000
0.000000
0.000000
0.000000
0.000000
0.000000
0.000000
0.000000
0.000000
0.000000
0.000000
0.000000
0.000000
0.000000
0.000000
0.000000
0.000000
0.000000
0.000000
0.000000
0.000000
0.000000
0.000000
0.000000
0.000000
0.000000
0.000000
0.000000
0.000000
0.000000
0.000000
0.000000
0.000000
0.000000
0.000000
0.000000
0.000000
0.000000
0.000000
0.000000
0.000000
0.000000
0.000000
0.000000
0.000000
0.000000
0.000000
0.000000
0.000000
0.000000
0.000000
0.000000
0.000000
0.000000
0.000000
0.000000
0.000000
0.000000
0.000000
0.000000
0.000000
0.000000
0.000000
0.000000
0.000000
0.000000
0.000000
0.000000
0.000000
0.000000
0.000000
0.000000
0.000000
0.000000
0.000000
0.000000
0.000000
0.000000
0.000000
0.000000
0.000000
0.000000
0.000000
0.000000
0.000000
0.000000
0.000000
0.000000
0.000000
0.000000
0.000000
0.000000
0.000000
0.000000
0.000000
0.000000
0.000000
0.000000
0.000000
0.000000
0.000000
0.000000
0.000000
0.000000
0.000000
0.000000
0.000000
0.000000
0.000000
0.000000
0.000000
0.000000
0.000000
0.000000
0.000000
0.000000
0.000000
0.000000
0.000000
0.000000
0.000000
0.000000
0.000000
0.000000
0.000000
0.000000
0.000000
0.000000
0.000000
0.000000
0.000000
0.000000
0.000000
0.000000
0.000000
0.000000
0.000000
0.000000
0.000000
0.000000
0.000000
0.000000
0.000000
0.000000
0.000000
0.000000
0.000000
0.000000
0.000000
0.000000
0.000000
0.000000
0.000000
0.000000
0.000000
0.000000
0.000000
0.000000
0.000000
0.000000
0.000000
0.000000
0.000000
0.000000
0.000000
0.000000
0.000000
0.000000
0.000000
0.000000
0.000000
0.000000
0.000000
0.000000
0.000000
0.000000
0.000000
0.000000
0.000001
0.000001
0.000001
0.000001
0.000001
0.000001
0.000001
0.000001
0.000001
0.000001
0.000001
0.000001
0.000001
0.000001
0.000001
0.000002
0.000002
0.000002
0.000002
0.000002
0.000002
0.000002
0.000003
0.000003
0.000003
0.000003
0.000003
0.000004
0.000004
0.000004
0.000004
0.000005
0.000005
0.000005
0.000006
0.000006
0.000006
0.000007
0.000007
0.000008
0.000008
0.000009
0.000009
0.000010
0.000011
0.000011
0.000012
0.000013
0.000014
0.000014
0.000015
0.000016
0.000017
0.000018
0.000020
0.000021
0.000022
0.000023
0.000025
0.000026
0.000028
0.000029
0.000031
0.000033
0.000035
0.000037
0.000039
0.000041
0.000044
0.000046
0.000049
0.000052
0.000055
0.000058
0.000061
0.000064
0.000068
0.000072
0.000076
0.000080
0.000084
0.000089
0.000094
0.000099
0.000104
0.000110
0.000116
0.000122
0.000128
0.000135
0.000142
0.000149
0.000157
0.000165
0.000174
0.000183
0.000192
0.000202
0.000212
0.000223
0.000234
0.000246
0.000258
0.000271
0.000285
0.000299
0.000314
0.000329
0.000345
0.000362
0.000379
0.000397
0.000416
0.000436
0.000457
0.000479
0.000501
0.000525
0.000549
0.000575
0.000601
0.000629
0.000658
0.000688
0.000719
0.000752
0.000786
0.000821
0.000858
0.000896
0.000936
0.000977
0.001020
0.001065
0.001111
0.001160
0.001210
0.001262
0.001316
0.001372
0.001430
0.001491
0.001554
0.001619
0.001686
0.001756
0.001829
0.001905
0.001983
0.002064
0.002147
0.002234
0.002324
0.002418
0.002514
0.002614
0.002718
0.002825
0.002936
0.003050
0.003169
0.003292
0.003419
0.003550
0.003685
0.003825
0.003970
0.004120
0.004274
0.004434
0.004599
0.004769
0.004944
0.005125
0.005312
0.005505
0.005704
0.005910
0.006121
0.006339
0.006564
0.006796
0.007035
0.007281
0.007535
0.007796
0.008065
0.008341
0.008626
0.008920
0.009221
0.009532
0.009851
0.010180
0.010518
0.010865
0.011222
0.011589
0.011966
0.012354
0.012752
0.013161
0.013581
0.014012
0.014455
0.014909
0.015375
0.015853
0.016344
0.016848
0.017364
0.017893
0.018436
0.018992
0.019562
0.020146
0.020745
0.021358
0.021986
0.022629
0.023287
0.023961
0.024650
0.025356
0.026078
0.026816
0.027571
0.028343
0.029133
0.029940
0.030765
0.031608
0.032469
0.033349
0.034247
0.035164
0.036101
0.037057
0.038033
0.039029
0.040045
0.041081
0.042138
0.043216
0.044315
0.045435
0.046576
0.047739
0.048924
0.050132
0.051361
0.052613
0.053887
0.055184
0.056505
0.057848
0.059214
0.060604
0.062018
0.063455
0.064916
0.066401
0.067910
0.069443
0.071000
0.072582
0.074188
0.075818
0.077473
0.079152
0.080856
0.082585
0.084338
0.086116
0.087918
0.089745
0.091596
0.093472
0.095372
0.097296
0.099245
0.101218
0.103215
0.105236
0.107280
0.109348
0.111440
0.113554
0.115692
0.117852
0.120035
0.122240
0.124468
0.126717
0.128987
0.131278
0.133591
0.135923
0.138276
0.140648
0.143039
0.145449
0.147878
0.150324
0.152788
0.155268
0.157765
0.160278
0.162806
0.165348
0.167904
0.170474
0.173057
0.175652
0.178258
0.180875
0.183502
0.186138
0.188782
0.191435
0.194094
0.196759
0.199429
0.202104
0.204783
0.207463
0.210146
0.212829
0.215512
0.218194
0.220874
0.223550
0.226222
0.228889
0.231549
0.234202
0.236847
0.239482
0.242106
0.244717
0.247316
0.249901
0.252470
0.255022
0.257556
0.260071
0.262566
0.265039
0.267489
0.269915
0.272315
0.274688
0.277033
0.279349
0.281634
0.283886
0.286105
0.288289
0.290437
0.292547
0.294618
0.296649
0.298638
0.300584
0.302485
0.304341
0.306149
0.307909
0.309618
0.311276
0.312881
0.314433
0.315928
0.317367
0.318748
0.320069
0.321329
0.322527
0.323662
0.324732
0.325735
0.326672
0.327540
0.328338
0.329065
0.329720
0.330302
0.330809
0.331241
0.331596
0.331873
0.332071
0.332189
0.332226
0.332182
0.332054
0.331843
0.331547
0.331166
0.330698
0.330143
0.329501
0.328770
0.327949
0.327039
0.326038
0.324947
0.323763
0.322488
0.321120
0.319660
0.318106
0.316459
0.314718
0.312883
0.310954
0.308930
0.306813
0.304601
0.302295
0.299895
0.297401
0.294813
0.292131
0.289357
0.286489
0.283529
0.280477
0.277334
0.274100
0.270775
0.267361
0.263858
0.260267
0.256590
0.252825
0.248976
0.245043
0.241026
0.236928
0.232749
0.228490
0.224154
0.219741
0.215252
0.210690
0.206055
0.201350
0.196577
0.191735
0.186829
0.181859
0.176827
0.171735
0.166586
0.161381
0.156123
0.150812
0.145453
0.140047
0.134595
0.129102
0.123568
0.117997
0.112390
0.106751
0.101082
0.095385
0.089664
0.083920
0.078156
0.072376
0.066582
0.060777
0.054963
0.049143
0.043321
0.037499
0.031680
0.025867
0.020063
0.014270
0.008493
0.002734
-0.003004
-0.008718
-0.014406
-0.020063
-0.025687
-0.031276
-0.036825
-0.042332
-0.047794
-0.053207
-0.058570
-0.063878
-0.069129
-0.074320
-0.079448
-0.084510
-0.089504
-0.094425
-0.099272
-0.104042
-0.108731
-0.113337
-0.117858
-0.122291
-0.126633
-0.130881
-0.135033
-0.139087
-0.143039
-0.146889
-0.150632
-0.154268
-0.157793
-0.161206
-0.164505
-0.167687
-0.170751
-0.173694
-0.176515
-0.179212
-0.181784
-0.184228
-0.186543
-0.188728
-0.190782
-0.192703
-0.194489
-0.196141
-0.197656
-0.199034
-0.200274
-0.201375
-0.202336
-0.203157
-0.203838
-0.204378
-0.204776
-0.205033
-0.205148
-0.205121
-0.204953
-0.204644
-0.204193
-0.203602
-0.202870
-0.201998
-0.200988
-0.199839
-0.198553
-0.197131
-0.195573
-0.193881
-0.192056
-0.190100
-0.188014
-0.185799
-0.183457
-0.180991
-0.178401
-0.175690
-0.172860
-0.169912
-0.166850
-0.163675
-0.160390
-0.156998
-0.153500
-0.149900
-0.146200
-0.142403
-0.138513
-0.134531
-0.130461
-0.126307
-0.122071
-0.117756
-0.113366
-0.108905
-0.104375
-0.099781
-0.095125
-0.090411
-0.085644
-0.080827
-0.075963
-0.071056
-0.066110
-0.061129
-0.056118
-0.051079
-0.046016
-0.040935
-0.035838
-0.030730
-0.025615
-0.020497
-0.015379
-0.010267
-0.005163
-0.000073
0.005000
0.010053
0.015080
0.020078
0.025042
0.029970
0.034857
0.039698
0.044491
0.049231
0.053915
0.058538
0.063098
0.067590
0.072010
0.076356
0.080624
0.084810
0.088910
0.092923
0.096844
0.100670
0.104398
0.108026
0.111549
0.114967
0.118275
0.121471
0.124552
0.127517
0.130362
0.133086
0.135686
0.138160
0.140507
0.142724
0.144810
0.146763
0.148582
0.150265
0.151811
0.153219
0.154487
0.155616
0.156604
0.157450
0.158155
0.158717
0.159136
0.159412
0.159546
0.159536
0.159385
0.159091
0.158655
0.158078
0.157360
0.156504
0.155508
0.154375
0.153106
0.151702
0.150165
0.148495
0.146696
0.144768
0.142715
0.140536
0.138236
0.135816
0.133279
0.130626
0.127862
0.124988
0.122007
0.118922
0.115736
0.112453
0.109075
0.105606
0.102049
0.098408
0.094685
0.090886
0.087012
0.083069
0.079059
0.074987
0.070857
0.066673
0.062438
0.058157
0.053833
0.049472
0.045077
0.040652
0.036202
0.031730
0.027242
0.022741
0.018232
0.013720
0.009207
0.004700
0.000201
-0.004284
-0.008752
-0.013197
-0.017617
-0.022006
-0.026360
-0.030676
-0.034949
-0.039175
-0.043350
-0.047470
-0.051531
-0.055530
-0.059462
-0.063324
-0.067112
-0.070823
-0.074452
-0.077998
-0.081455
-0.084822
-0.088094
-0.091269
-0.094344
-0.097316
-0.100182
-0.102940
-0.105586
-0.108120
-0.110537
-0.112836
-0.115016
-0.117073
-0.119007
-0.120814
-0.122495
-0.124047
-0.125469
-0.126760
-0.127919
-0.128944
-0.129836
-0.130593
-0.131215
-0.131701
-0.132051
-0.132266
-0.132344
-0.132287
-0.132095
-0.131767
-0.131306
-0.130710
-0.129982
-0.129122
-0.128131
-0.127010
-0.125762
-0.124387
-0.122887
-0.121264
-0.119520
-0.117656
-0.115676
-0.113580
-0.111373
-0.109055
-0.106630
-0.104100
-0.101469
-0.098738
-0.095912
-0.092994
-0.089985
-0.086891
-0.083714
-0.080457
-0.077125
-0.073721
-0.070248
-0.066711
-0.063113
-0.059458
-0.055750
-0.051993
-0.048192
-0.044350
-0.040471
-0.036560
-0.032621
-0.028657
-0.024675
-0.020676
-0.016667
-0.012651
-0.008632
-0.004615
-0.000604
0.003396
0.007382
0.011349
0.015293
0.019210
0.023095
0.026945
0.030755
0.034521
0.038239
0.041907
0.045518
0.049071
0.052560
0.055983
0.059335
0.062614
0.065815
0.068936
0.071974
0.074924
0.077785
0.080552
0.083224
0.085797
0.088269
0.090638
0.092900
0.095054
0.097098
0.099029
0.100845
0.102546
0.104128
0.105591
0.106934
0.108154
0.109251
0.110224
0.111072
0.111794
0.112390
0.112859
0.113202
0.113417
0.113505
0.113466
0.113301
0.113009
0.112591
0.112049
0.111382
0.110592
0.109680
0.108648
0.107495
0.106225
0.104839
0.103338
0.101725
0.100001
0.098168
0.096229
0.094187
0.092043
0.089801
0.087463
0.085031
0.082510
0.079901
0.077208
0.074434
0.071583
0.068657
0.065661
0.062598
0.059471
0.056284
0.053041
0.049746
0.046402
0.043014
0.039585
0.036119
0.032621
0.029094
0.025543
0.021971
0.018383
0.014784
0.011176
0.007564
0.003953
0.000347
-0.003251
-0.006836
-0.010404
-0.013951
-0.017473
-0.020966
-0.024425
-0.027848
-0.031230
-0.034567
-0.037855
-0.041092
-0.044272
-0.047393
-0.050451
-0.053442
-0.056364
-0.059212
-0.061984
-0.064677
-0.067288
-0.069813
-0.072251
-0.074597
-0.076851
-0.079008
-0.081068
-0.083028
-0.084884
-0.086637
-0.088283
-0.089822
-0.091251
-0.092568
-0.093774
-0.094865
-0.095843
-0.096704
-0.097449
-0.098077
-0.098588
-0.098980
-0.099254
-0.099410
-0.099448
-0.099367
-0.099169
-0.098854
-0.098421
-0.097873
-0.097209
-0.096432
-0.095541
-0.094539
-0.093426
-0.092205
-0.090876
-0.089442
-0.087905
-0.086266
-0.084528
-0.082693
-0.080763
-0.078741
-0.076630
-0.074432
-0.072149
-0.069786
-0.067344
-0.064827
-0.062238
-0.059580
-0.056857
-0.054072
-0.051228
-0.048330
-0.045380
-0.042382
-0.039340
-0.036257
-0.033138
-0.029987
-0.026806
-0.023601
-0.020375
-0.017131
-0.013875
-0.010609
-0.007338
-0.004066
-0.000796
0.002467
0.005719
0.008956
0.012175
0.015372
0.018543
0.021683
0.024790
0.027859
0.030887
0.033870
0.036805
0.039688
0.042516
0.045285
0.047993
0.050635
0.053209
0.055712
0.058140
0.060492
0.062764
0.064954
0.067059
0.069076
0.071004
0.072840
0.074582
0.076228
0.077777
0.079225
0.080573
0.081819
0.082960
0.083997
0.084927
0.085750
0.086465
0.087072
0.087569
0.087957
0.088234
0.088402
0.088460
0.088408
0.088246
0.087975
0.087595
0.087108
0.086513
0.085812
0.085005
0.084095
0.083081
0.081967
0.080753
0.079441
0.078032
0.076530
0.074935
0.073250
0.071478
0.069620
0.067679
0.065658
0.063559
0.061385
0.059139
0.056824
0.054443
0.051998
0.049494
0.046934
0.044320
0.041656
0.038946
0.036193
0.033400
0.030572
0.027711
0.024822
0.021907
0.018972
0.016019
0.013053
0.010076
0.007093
0.004108
0.001125
-0.001854
-0.004824
-0.007781
-0.010721
-0.013642
-0.016539
-0.019409
-0.022248
-0.025053
-0.027819
-0.030545
-0.033225
-0.035858
-0.038439
-0.040966
-0.043435
-0.045844
-0.048189
-0.050468
-0.052677
-0.054815
-0.056878
-0.058864
-0.060771
-0.062596
-0.064338
-0.065993
-0.067561
-0.069039
-0.070425
-0.071719
-0.072918
-0.074021
-0.075028
-0.075936
-0.076744
-0.077453
-0.078061
-0.078567
-0.078972
-0.079275
-0.079475
-0.079572
-0.079568
-0.079461
-0.079252
-0.078941
-0.078530
-0.078019
-0.077408
-0.076699
-0.075893
-0.074990
-0.073993
-0.072903
-0.071720
-0.070448
-0.069088
-0.067641
-0.066110
-0.064496
-0.062803
-0.061032
-0.059186
-0.057267
-0.055278
-0.053222
-0.051100
-0.048918
-0.046676
-0.044378
-0.042028
-0.039628
-0.037182
-0.034692
-0.032163
-0.029597
-0.026998
-0.024369
-0.021714
-0.019036
-0.016339
-0.013626
-0.010901
-0.008167
-0.005428
-0.002688
0.000050
0.002783
0.005506
0.008217
0.010911
0.013585
0.016237
0.018862
0.021457
0.024018
0.026544
0.029029
0.031471
0.033868
0.036215
0.038510
0.040750
0.042932
0.045054
0.047112
0.049105
0.051029
0.052882
0.054663
0.056368
0.057996
0.059544
0.061012
0.062396
0.063696
0.064909
0.066035
0.067072
0.068018
0.068874
0.069637
0.070307
0.070883
0.071365
0.071752
0.072043
0.072240
0.072341
0.072346
0.072256
0.072071
0.071792
0.071418
0.070952
0.070392
0.069741
0.068999
0.068168
0.067248
0.066241
0.065149
0.063973
0.062716
0.061377
0.059961
0.058468
0.056901
0.055262
0.053553
0.051777
0.049936
0.048032
0.046069
0.044049
0.041975
0.039850
0.037677
0.035458
0.033196
0.030896
0.028559
0.026190
0.023791
0.021365
0.018916
0.016448
0.013963
0.011464
0.008956
0.006442
0.003925
0.001408
-0.001106
-0.003612
-0.006107
-0.008589
-0.011054
-0.013498
-0.015919
-0.018313
-0.020677
-0.023008
-0.025302
-0.027557
-0.029770
-0.031938
-0.034057
-0.036126
-0.038141
-0.040101
-0.042001
-0.043840
-0.045616
-0.047326
-0.048967
-0.050539
-0.052038
-0.053463
-0.054812
-0.056083
-0.057275
-0.058386
-0.059415
-0.060360
-0.061220
-0.061995
-0.062683
-0.063284
-0.063796
-0.064220
-0.064554
-0.064799
-0.064953
-0.065018
-0.064993
-0.064878
-0.064673
-0.064380
-0.063997
-0.063527
-0.062969
-0.062324
-0.061594
-0.060779
-0.059881
-0.058901
-0.057841
-0.056701
-0.055483
-0.054190
-0.052823
-0.051384
-0.049874
-0.048296
-0.046653
-0.044945
-0.043177
-0.041350
-0.039466
-0.037528
-0.035539
-0.033502
-0.031419
-0.029292
-0.027126
-0.024923
-0.022685
-0.020416
-0.018119
-0.015797
-0.013452
-0.011089
-0.008710
-0.006318
-0.003917
-0.001509
0.000902
0.003313
0.005721
0.008122
0.010514
0.012894
0.015258
0.017603
0.019927
0.022226
0.024497
0.026738
0.028946
0.031117
0.033250
0.035340
0.037387
0.039387
0.041337
0.043236
0.045081
0.046869
0.048600
0.050269
0.051876
0.053419
0.054895
0.056304
0.057643
0.058911
0.060106
0.061228
0.062275
0.063245
0.064139
0.064954
0.065691
0.066349
0.066927
0.067424
0.067841
0.068178
0.068433
0.068608
0.068702
0.068716
0.068649
0.068504
0.068279
0.067977
0.067597
0.067141
0.066609
0.066004
0.065326
0.064576
0.063757
0.062869
0.061914
0.060894
0.059812
0.058668
0.057465
0.056205
0.054891
0.053523
0.052106
0.050641
0.049131
0.047578
0.045986
0.044356
0.042691
0.040995
0.039269
0.037517
0.035743
0.033948
0.032136
0.030309
0.028471
0.026625
0.024774
0.022921
0.021069
0.019221
0.017380
0.015550
0.013733
0.011932
0.010150
0.008391
0.006657
0.004952
0.003277
0.001637
0.000033
-0.001530
-0.003052
-0.004528
-0.005957
-0.007335
-0.008661
-0.009932
-0.011145
-0.012298
-0.013390
-0.014417
-0.015379
-0.016272
-0.017095
-0.017847
-0.018526
-0.019129
-0.019656
-0.020106
-0.020476
-0.020766
-0.020974
-0.021101
-0.021144
-0.021103
-0.020978
-0.020767
-0.020471
-0.020089
-0.019621
-0.019067
-0.018426
-0.017700
-0.016887
-0.015990
-0.015007
-0.013939
-0.012788
-0.011554
-0.010237
-0.008839
-0.007362
-0.005805
-0.004170
-0.002459
-0.000673
0.001186
0.003116
0.005117
0.007186
0.009321
0.011520
0.013781
0.016103
0.018482
0.020917
0.023405
0.025944
0.028531
0.031164
0.033841
0.036558
0.039313
0.042103
0.044927
0.047780
0.050660
0.053565
0.056491
0.059436
0.062396
0.065370
0.068353
0.071344
0.074340
0.077336
0.080332
0.083323
0.086307
0.089282
0.092243
0.095190
0.098119
0.101027
0.103912
0.106772
0.109603
0.112403
0.115170
0.117902
0.120595
0.123249
0.125861
0.128428
0.130950
0.133423
0.135845
0.138217
0.140534
0.142797
0.145002
0.147150
0.149238
0.151266
0.153232
0.155134
0.156973
0.158748
0.160457
0.162099
0.163675
0.165184
0.166625
0.167998
0.169304
0.170541
0.171711
0.172812
0.173846
0.174812
0.175712
0.176545
0.177313
0.178016
0.178654
0.179230
0.179743
0.180194
0.180586
0.180919
0.181195
0.181415
0.181580
0.181693
0.181754
0.181765
0.181729
0.181647
0.181521
0.181353
0.181145
0.180899
0.180617
0.180301
0.179955
0.179578
0.179175
0.178748
0.178298
0.177828
0.177341
0.176838
0.176323
0.175798
0.175264
0.174726
0.174184
0.173641
0.173101
0.172564
0.172034
0.171513
0.171004
0.170507
0.170027
0.169564
0.169122
0.168702
0.168306
0.167937
0.167596
0.167285
0.167007
0.166763
0.166554
0.166383
0.166251
0.166159
0.166110
0.166103
0.166142
0.166226
0.166358
0.166537
0.166765
0.167043
0.167372
0.167752
0.168184
0.168668
0.169205
0.169794
0.170437
0.171133
0.171882
0.172684
0.173539
0.174446
0.175406
0.176417
0.177479
0.178591
0.179752
0.180962
0.182220
0.183523
0.184872
0.186265
0.187700
0.189176
0.190691
0.192245
0.193834
0.195457
0.197113
0.198798
0.200513
0.202253
0.204017
0.205803
0.207608
0.209430
0.211267
0.213116
0.214974
0.216839
0.218709
0.220580
0.222449
0.224315
0.226175
0.228025
0.229862
0.231685
0.233490
0.235273
0.237033
0.238767
0.240471
0.242143
0.243779
0.245377
0.246935
0.248448
0.249916
0.251334
0.252700
0.254011
0.255265
0.256458
0.257590
0.258656
0.259654
0.260583
0.261439
0.262221
0.262926
0.263551
0.264096
0.264557
0.264934
0.265223
0.265424
0.265535
0.265553
0.265478
0.265308
0.265042
0.264678
0.264216
0.263654
0.262991
0.262228
0.261361
0.260393
0.259320
0.258145
0.256865
0.255481
