1.516851
1.486369
1.520161
1.509383
1.536060
1.538838
1.517327
1.545495
1.551873
1.557179
1.574885
1.524905
1.526860
1.534387
1.541366
1.546310
1.496749
1.523596
1.515125
1.524062
1.518323
1.518798
1.521147
1.511967
1.512582
1.510908
1.506168
1.507161
1.516969
1.527776
1.524399
1.485811
1.498115
1.513631
1.503055
1.491013
1.507313
1.510970
1.515108
1.511789
1.513971
1.523763
1.508713
1.508287
1.521400
1.519614
1.499347
1.501418
1.518690
1.499318
1.525925
1.501823
1.508696
1.514581
1.506903
1.485116
1.522219
1.518657
1.530374
1.519081
1.524809
1.505993
1.494546
1.487273
1.512615
1.488307
1.497848
1.509703
1.514458
1.517313
1.511224
1.506573
1.511179
1.512648
1.503006
1.491692
1.515970
1.509724
1.509932
1.517968
1.509433
1.504851
1.504770
1.500197
1.497615
1.500243
1.501604
1.497933
1.498433
1.490995
1.498606
1.497995
1.505295
1.474209
1.494622
1.501279
1.497743
1.484265
1.486209
1.485107
