0.000389
0.004000
0.010944
0.022944
0.036556
0.057167
0.075444
0.098167
0.127444
0.154833
0.187611
0.216833
0.252444
0.275778
0.309833
0.345278
0.380667
0.407667
0.438278
0.454500
0.479000
0.498833
0.518444
0.539167
0.550222
0.570500
0.562500
0.578167
0.583611
0.580056
0.589333
0.574333
0.574556
0.564167
0.556222
0.539389
0.518833
0.508500
0.480222
0.459000
0.439056
0.414111
0.386611
0.370278
0.338222
0.326333
0.304500
0.285778
0.250667
0.232778
0.213056
0.191944
0.178389
0.156833
0.145111
0.125556
0.113889
0.106833
0.094611
0.080722
0.074167
0.066611
0.059222
0.051944
0.046722
0.037944
0.034111
0.029278
0.025556
0.020444
0.018389
0.015444
0.013667
0.010722
0.011111
0.007778
0.007667
0.006444
0.004500
0.003500
0.003222
0.002444
0.002500
0.002111
0.001389
0.000944
0.001278
0.000556
0.000611
0.000278
0.000444
0.000222
0.000500
0.000333
0.000167
0.000111
0.000000
0.000056
0.000167
0.000111
