0.000000
0.000000
0.000000
0.000000
0.000000
0.000000
0.000000
0.000000
0.000000
0.000000
0.000000
0.000000
0.000000
0.000000
0.000000
0.000000
0.000000
0.000205
0.039636
0.472624
1.388285
1.983893
2.065935
1.878838
1.642934
1.426495
1.249552
1.123257
1.028001
0.964030
0.915344
0.883900
0.867377
0.864388
0.863063
0.883370
0.899485
0.927491
0.960230
0.989660
1.027948
1.051921
1.069214
1.081935
1.071742
1.063877
1.049024
1.030923
1.017754
1.005962
0.997886
0.988447
0.983951
0.981001
0.983086
0.979602
0.984471
0.990610
0.995574
0.999572
1.000571
1.005160
1.007982
1.008361
1.010214
1.010089
1.011373
1.006451
1.001439
0.998434
1.000093
1.000068
0.996231
0.997169
0.996227
0.996522
0.998743
0.997862
0.999536
1.000879
1.001604
1.000886
1.002691
1.002390
1.002537
1.001465
1.000512
0.999562
0.998863
0.999846
0.999675
0.999630
0.998710
0.997688
0.995598
0.997221
0.998708
0.999682
1.000043
1.000468
1.001484
1.001343
0.999519
1.001366
0.998835
1.000210
1.000510
1.000103
1.001574
1.000696
1.000502
0.998534
0.998789
0.998870
1.000758
1.000831
0.999802
0.999600
0.998792
0.998239
1.000258
1.002232
1.002096
0.999199
1.000742
1.000086
1.000251
0.999624
0.999212
0.999099
0.999296
1.001115
1.001725
1.000503
0.999834
0.999074
0.999503
1.000526
1.001064
0.999929
1.000419
0.999634
0.999289
0.999697
0.999343
0.999153
0.999070
0.999391
0.999008
0.999693
1.000657
1.000488
1.000760
1.000303
1.000086
1.000389
0.998814
0.998534
0.999425
1.000216
1.000866
1.000604
0.999398
0.999285
0.999578
0.998029
1.000320
0.999638
1.000645
0.999712
0.999863
1.000579
0.999400
0.999825
0.999174
0.999614
0.999358
0.999080
0.999369
1.000456
1.000251
0.999885
1.000352
0.999015
0.999268
0.999126
0.998267
0.999159
1.000667
1.000757
1.000833
1.000924
1.000909
0.999379
1.000039
0.999575
1.000357
1.000033
0.999136
0.999274
