-2.144071
-2.130405
-2.164223
-2.153436
-2.180139
-2.182903
-2.200233
-2.228414
-2.234785
-2.240088
-2.257800
-2.282721
-2.284678
-2.292211
-2.299175
-2.304124
-2.300855
-2.327730
-2.319250
-2.328189
-2.322437
-2.341249
-2.343600
-2.334411
-2.335033
-2.333362
-2.339524
-2.340521
-2.350335
-2.361128
-2.357758
-2.343569
-2.355878
-2.371392
-2.360810
-2.348771
-2.356080
-2.359743
-2.363885
-2.360559
-2.362739
-2.386519
-2.371462
-2.371023
-2.384129
-2.382357
-2.381708
-2.383776
-2.401077
-2.381669
-2.408295
-2.410102
-2.416971
-2.422863
-2.415197
-2.393397
-2.415628
-2.412042
-2.423786
-2.412490
-2.418219
-2.424216
-2.412767
-2.405487
-2.430852
-2.406526
-2.404370
-2.416228
-2.420983
-2.423835
-2.417736
-2.424324
-2.428934
-2.430396
-2.420752
-2.409432
-2.425415
-2.419156
-2.419366
-2.427401
-2.418862
-2.423722
-2.423639
-2.419059
-2.416481
-2.419116
-2.420721
-2.417046
-2.417551
-2.410103
-2.417726
-2.415707
-2.423026
-2.391918
-2.412342
-2.418993
-2.416742
-2.403270
-2.405215
-2.404106
