1.497155
1.501054
1.633369
1.722158
1.791333
1.805454
1.824781
1.828137
1.833786
1.834943
1.850263
1.877559
1.841779
1.873062
1.862811
1.871913
1.867929
1.861175
1.842277
1.865925
1.875077
1.888784
1.890441
1.906500
1.886552
1.896075
1.887483
1.891045
1.873202
1.893586
1.907494
1.899422
1.877753
1.902006
1.879007
1.892912
1.898569
1.908263
1.905249
1.895811
1.926374
1.920125
1.915325
1.922614
1.912063
1.909054
1.920837
1.922858
1.923711
1.911093
1.903188
1.908844
1.920545
1.904547
1.924051
1.904058
1.923783
1.903331
1.893385
1.907908
1.916124
1.899987
1.901196
1.897934
1.912853
1.920238
1.901390
1.899343
1.910431
1.894969
1.908518
1.887106
1.880482
1.893208
1.913470
1.900034
1.913499
1.930800
1.907919
1.916502
1.901249
1.924396
1.920517
1.935120
1.918795
1.962817
1.932770
1.938974
1.932365
1.933947
1.927949
1.923126
1.909232
1.914427
1.902700
1.899960
1.902740
1.903774
1.912058
1.905271
1.883865
1.897085
1.908393
1.890323
1.899441
1.889826
1.897408
1.887808
1.926778
1.925604
1.939960
1.951600
1.932938
1.938794
1.924895
1.943237
1.927676
1.913418
1.905685
1.895382
1.906772
1.920539
1.917421
1.925769
1.935073
1.915063
1.911328
1.896856
1.898850
1.886094
1.892939
1.908273
1.908709
1.910640
1.904238
1.889177
1.897922
1.897767
1.880758
1.901678
1.897219
1.893958
1.896084
1.892112
1.902125
1.881913
1.898885
1.888928
1.879112
1.902939
1.892561
1.880733
1.878321
1.862811
1.881517
1.862687
1.884289
1.871259
1.862948
1.885287
1.874577
1.878311
1.882680
1.867742
1.879548
1.898067
1.879974
1.893269
1.895369
1.898683
1.880477
1.904419
1.880657
1.888005
1.889527
1.894507
1.905342
1.896734
1.907856
1.903714
1.907458
1.892266
1.910786
1.878566
1.932727
1.916759
1.913633
1.924609
1.917384
1.913654
1.923459
1.931732
1.917118
1.934425
1.919966
1.927394
1.925851
1.921603
1.923135
1.911170
1.926299
1.924333
1.932873
1.936530
1.925437
1.915645
1.922099
1.902484
1.915355
1.881153
1.903394
1.915773
1.923015
1.915842
1.888796
1.899115
1.894808
1.903158
1.907863
1.917081
1.912626
1.907534
1.909864
1.920745
1.933961
1.926457
1.934501
1.915080
1.925442
1.886968
1.883216
1.904903
1.898940
1.895379
1.911094
1.913708
1.904919
1.909517
1.904891
1.912191
1.913283
1.906847
1.919540
1.923030
1.934641
1.912353
1.925585
1.909967
1.930599
1.928724
1.915262
1.914156
1.928369
1.927832
1.922921
1.931627
1.920159
1.919603
1.928161
1.931967
1.935901
1.908517
1.914799
1.899046
1.921728
1.925256
1.903439
1.944000
1.930834
1.931280
1.916773
1.935877
1.922912
1.914127
1.905574
1.920245
1.917087
1.895194
1.907294
1.925031
1.900970
1.914887
1.897070
1.903816
1.923688
1.899394
1.920167
1.907679
1.879428
1.906504
1.894874
1.895268
1.889914
1.884367
1.918531
1.901847
1.913781
1.925151
1.901264
1.899228
1.921095
1.892942
1.909909
1.882879
1.884619
1.898660
1.904750
1.905179
1.901724
1.894255
1.908378
1.901587
1.905751
1.910672
1.904708
1.919950
1.904664
1.909946
1.899869
1.922579
1.907291
1.879362
1.883261
1.892722
1.902899
1.899910
1.892333
1.861799
1.895056
1.905531
1.919407
1.884034
1.910864
1.900064
1.904342
1.909728
1.904348
1.928744
1.936322
1.929052
1.928317
1.925292
1.927529
1.934812
1.940943
1.918800
1.911231
1.917788
1.914813
1.937075
1.924831
1.939602
1.934155
1.904975
1.923405
1.941280
1.899778
1.893774
1.910159
1.917775
1.916950
1.908374
1.909463
1.910223
1.922841
1.913875
1.886271
1.911859
1.894608
1.882677
1.899566
1.908440
1.915680
1.902463
1.906735
1.911764
1.923034
1.910543
1.915101
1.910036
1.897474
1.913602
1.894514
1.887829
1.903857
1.906422
1.913405
1.935971
1.930340
1.928355
1.909870
1.899562
1.921950
1.906064
1.916567
1.929148
1.930618
1.931391
1.930785
1.941254
1.918992
1.920287
1.920537
1.928393
1.921667
1.926376
1.910204
1.898032
1.905745
1.904472
1.892925
1.891838
1.900774
1.898573
1.898923
1.893923
1.906243
1.919942
1.910071
1.905055
1.932917
1.916501
1.935729
1.936127
1.921030
1.906584
1.902737
1.892758
1.889343
1.882788
1.880438
1.885829
1.898542
1.917378
1.908768
1.901290
1.911445
1.915399
1.933418
1.913804
1.918894
1.931010
1.918037
1.917641
1.926005
1.920199
1.906232
1.919493
1.899719
1.901848
1.910114
1.921581
1.902479
1.910325
1.916154
1.895387
1.902945
1.890264
1.913222
1.912527
1.907441
1.910543
1.921686
1.888677
1.907137
1.905605
1.899956
1.911538
1.926725
1.940722
1.921870
1.943703
1.963342
1.958712
1.950909
1.941063
1.954452
1.932310
1.929844
1.903732
1.917277
1.910283
1.899006
1.898344
1.883287
1.885040
1.895797
1.897562
1.883423
1.907568
1.915774
1.918839
1.905590
1.917286
1.911975
1.909802
1.903526
1.910775
1.906628
1.926119
1.911484
1.906606
1.902229
1.886788
1.900559
1.895352
1.899170
1.900711
1.898236
1.887251
1.896852
1.893114
1.887549
1.902089
1.908885
1.903851
1.903896
1.892381
1.888499
1.907393
1.883752
1.901841
1.918264
1.890033
1.926689
1.911609
1.907280
1.925225
1.920252
1.920309
1.929911
1.916557
1.920691
1.924150
1.916083
1.923932
1.908843
1.917565
1.916384
1.913909
1.919176
1.923950
1.923824
1.904602
1.922749
1.906462
1.905424
1.907181
1.894600
1.894470
1.900040
1.902198
1.909080
1.890248
1.885794
1.902862
1.892450
1.913926
1.904166
1.898264
1.906370
1.912958
1.893181
1.893073
1.890414
1.914175
1.902381
1.903857
1.911631
1.898559
1.882117
1.908257
1.912718
1.901133
1.934510
1.891425
1.926650
1.919075
1.916863
1.903149
1.930871
1.916602
1.913650
1.946858
1.928324
1.931655
1.945877
1.955456
1.934968
1.940354
1.952958
1.943214
1.937150
1.943697
1.935576
1.932813
1.932728
1.926075
1.915139
1.907114
1.906470
1.904838
1.911058
1.918842
1.914224
1.910265
1.895967
1.902436
1.867145
1.882590
1.864969
1.854005
1.891842
1.865079
1.887347
1.884099
1.926010
1.897866
1.900356
1.895853
1.896624
1.896711
1.891683
1.889852
1.917996
1.907857
1.892449
1.895860
1.882571
1.901799
1.917477
1.923043
1.909299
1.902565
1.900073
1.922348
1.909671
1.910038
1.910636
1.907381
1.898079
1.891784
1.923638
1.909424
1.926990
1.913385
1.910843
1.920351
1.899813
1.890592
1.898015
1.889592
1.896413
1.906673
1.907266
1.915784
1.920268
1.897420
1.892746
1.895606
1.886020
1.894608
1.908470
1.900875
1.898455
1.894144
1.913937
1.910744
1.891208
1.916380
1.916508
1.926661
1.921075
1.923516
1.882358
1.868141
1.901756
1.875550
1.912446
1.909884
1.902621
1.890258
1.906279
1.899714
1.883483
1.874062
1.899774
1.896668
1.904291
1.922402
1.884667
1.877193
1.879414
1.909117
1.923029
1.904386
1.932106
1.907154
1.895234
1.900597
1.905057
1.910988
1.905060
1.894301
1.892018
1.915641
1.914807
1.902486
1.902838
1.917336
1.918421
1.891476
1.917340
1.891869
1.890441
1.902348
1.924936
1.915668
1.913578
1.952190
1.936206
1.913587
1.927449
1.931627
1.934187
1.913657
1.921052
1.909838
1.912551
1.927080
1.923044
1.935655
1.912585
1.909503
1.875634
1.882892
1.888696
1.887405
1.890062
1.918522
1.887683
1.912397
1.891592
1.885616
1.905935
1.906085
1.879708
1.913956
1.902403
1.899682
1.909397
1.927654
1.913284
1.919205
1.900631
1.916593
1.908681
1.913443
1.925045
1.931558
1.909597
1.930433
1.915446
1.913266
1.924734
1.910876
1.924331
1.904437
1.904980
1.890999
1.898312
1.897989
1.915802
1.911746
1.912009
1.893966
1.895226
1.911651
1.885202
1.905096
1.882852
1.883324
1.891369
1.894531
1.869868
1.883178
1.878057
1.872799
1.857260
1.885829
1.877721
1.887056
1.880793
1.891037
1.903810
1.896243
1.929929
1.896765
1.921689
1.914418
