-1.035545
-1.039464
-1.171805
-1.260614
-1.329796
-1.343921
-1.363252
-1.366602
-1.372250
-1.373399
-1.388720
-1.416029
-1.380239
-1.411519
-1.401275
-1.410371
-1.406383
-1.399630
-1.380731
-1.404367
-1.413540
-1.427238
-1.428891
-1.444954
-1.425022
-1.434536
-1.425932
-1.429496
-1.411677
-1.432053
-1.445967
-1.437875
-1.416229
-1.440465
-1.417477
-1.431371
-1.437025
-1.446732
-1.443708
-1.434256
-1.464849
-1.458604
-1.453784
-1.461090
-1.450524
-1.447514
-1.459312
-1.461324
-1.462182
-1.449554
-1.441641
-1.447295
-1.459018
-1.443011
-1.462504
-1.442522
-1.462248
-1.441789
-1.431831
-1.446370
-1.454590
-1.438427
-1.439655
-1.436399
-1.451310
-1.458719
-1.439873
-1.437797
-1.448912
-1.433428
-1.446974
-1.425577
-1.418934
-1.431661
-1.451923
-1.438508
-1.451974
-1.469265
-1.446409
-1.454968
-1.439700
-1.462858
-1.458986
-1.473569
-1.457255
-1.501286
-1.471231
-1.477426
-1.470830
-1.472407
-1.466422
-1.461617
-1.447704
-1.452879
-1.441153
-1.438430
-1.441198
-1.442244
-1.450521
-1.443725
-1.422299
-1.435556
-1.446856
-1.428764
-1.437905
-1.428285
-1.435881
-1.426268
-1.465243
-1.464084
-1.478439
-1.490075
-1.471411
-1.477271
-1.463379
-1.481710
-1.466145
-1.451868
-1.444152
-1.433826
-1.445233
-1.459004
-1.455892
-1.464244
-1.473539
-1.453545
-1.449785
-1.435320
-1.437318
-1.424549
-1.431406
-1.446735
-1.447172
-1.449118
-1.442698
-1.427641
-1.436380
-1.436252
-1.419220
-1.440151
-1.435676
-1.432408
-1.434541
-1.430585
-1.440583
-1.420380
-1.437338
-1.427398
-1.417585
-1.441396
-1.431026
-1.419197
-1.416784
-1.401273
-1.419987
-1.401148
-1.422760
-1.409723
-1.401405
-1.423745
-1.413044
-1.416771
-1.421154
-1.406194
-1.418008
-1.436532
-1.418438
-1.431752
-1.433835
-1.437137
-1.418961
-1.442886
-1.419104
-1.426471
-1.428005
-1.432973
-1.443806
-1.435187
-1.446316
-1.442195
-1.445926
-1.430713
-1.449234
-1.417021
-1.471188
-1.455227
-1.452093
-1.463082
-1.455862
-1.452118
-1.461923
-1.470193
-1.455585
-1.472895
-1.458428
-1.465864
-1.464315
-1.460061
-1.461609
-1.449638
-1.464771
-1.462791
-1.471333
-1.475011
-1.463887
-1.454113
-1.460553
-1.440950
-1.453827
-1.419605
-1.441856
-1.454232
-1.461487
-1.454309
-1.427254
-1.437564
-1.433271
-1.441645
-1.446337
-1.455541
-1.451104
-1.445992
-1.448333
-1.459232
-1.472434
-1.464913
-1.472975
-1.453539
-1.463909
-1.425425
-1.421675
-1.443356
-1.437403
-1.433855
-1.449571
-1.452187
-1.443394
-1.447966
-1.443348
-1.450655
-1.451741
-1.445336
-1.458011
-1.461476
-1.473117
-1.450826
-1.464050
-1.448432
-1.469064
-1.467185
-1.453709
-1.452617
-1.466831
-1.466296
-1.461392
-1.470074
-1.458628
-1.458058
-1.466628
-1.470445
-1.474387
-1.446986
-1.453272
-1.437505
-1.460188
-1.463723
-1.441886
-1.482477
-1.469319
-1.469760
-1.455237
-1.474345
-1.461386
-1.452587
-1.444047
-1.458696
-1.455550
-1.433640
-1.445756
-1.463505
-1.439442
-1.453351
-1.435523
-1.442286
-1.462164
-1.437843
-1.458634
-1.446143
-1.417878
-1.444964
-1.433332
-1.433735
-1.428371
-1.422828
-1.457002
-1.440323
-1.452249
-1.463616
-1.439726
-1.437686
-1.459558
-1.431403
-1.448377
-1.421333
-1.423064
-1.437132
-1.443213
-1.443646
-1.440172
-1.432706
-1.446830
-1.440035
-1.444215
-1.449129
-1.443172
-1.458424
-1.443140
-1.448409
-1.438338
-1.461055
-1.445749
-1.417832
-1.421727
-1.431189
-1.441378
-1.438376
-1.430795
-1.400241
-1.433524
-1.444001
-1.457887
-1.422500
-1.449331
-1.438526
-1.442818
-1.448195
-1.442792
-1.467221
-1.474812
-1.467517
-1.466768
-1.463753
-1.465997
-1.473283
-1.479412
-1.457265
-1.449698
-1.456246
-1.453282
-1.475552
-1.463307
-1.478079
-1.472643
-1.443433
-1.461877
-1.479754
-1.438224
-1.432241
-1.448628
-1.456258
-1.455428
-1.446840
-1.447925
-1.448673
-1.461307
-1.452326
-1.424730
-1.450340
-1.433059
-1.421137
-1.438020
-1.446911
-1.454154
-1.440929
-1.445206
-1.450236
-1.461501
-1.449006
-1.453550
-1.448510
-1.435927
-1.452074
-1.432979
-1.426286
-1.442317
-1.444881
-1.451872
-1.474438
-1.468807
-1.466808
-1.448333
-1.438011
-1.460411
-1.444535
-1.455044
-1.467606
-1.469071
-1.469859
-1.469243
-1.479731
-1.457450
-1.458760
-1.458991
-1.466869
-1.460129
-1.464848
-1.448669
-1.436504
-1.444222
-1.442937
-1.431391
-1.430312
-1.439239
-1.437024
-1.437388
-1.432400
-1.444713
-1.458416
-1.448527
-1.443514
-1.471384
-1.454972
-1.474218
-1.474594
-1.459513
-1.445041
-1.441192
-1.431219
-1.427803
-1.421255
-1.418869
-1.424294
-1.437009
-1.455857
-1.447231
-1.439754
-1.449899
-1.453863
-1.471899
-1.452263
-1.457358
-1.469481
-1.456494
-1.456109
-1.464480
-1.458678
-1.444691
-1.457946
-1.438177
-1.440315
-1.448576
-1.460045
-1.440929
-1.448794
-1.454616
-1.433846
-1.441428
-1.428741
-1.451695
-1.450995
-1.445922
-1.449009
-1.460170
-1.427131
-1.445598
-1.444075
-1.438414
-1.449991
-1.465214
-1.479190
-1.460326
-1.482174
-1.501826
-1.497186
-1.489385
-1.479537
-1.492921
-1.470782
-1.468325
-1.442196
-1.455733
-1.448746
-1.437472
-1.436800
-1.421739
-1.423510
-1.434258
-1.436018
-1.421894
-1.446036
-1.454232
-1.457303
-1.444042
-1.455757
-1.450448
-1.448268
-1.441988
-1.449234
-1.445089
-1.464603
-1.449960
-1.445058
-1.440690
-1.425250
-1.439018
-1.433803
-1.437636
-1.439167
-1.436705
-1.425732
-1.435311
-1.431571
-1.425995
-1.440545
-1.447344
-1.442308
-1.442346
-1.430857
-1.426971
-1.445857
-1.422217
-1.440331
-1.456732
-1.428489
-1.465167
-1.450088
-1.445753
-1.463671
-1.458724
-1.458779
-1.468378
-1.455019
-1.459158
-1.462618
-1.454558
-1.462403
-1.447291
-1.456032
-1.454846
-1.452388
-1.457649
-1.462424
-1.462304
-1.443052
-1.461225
-1.444925
-1.443899
-1.445646
-1.433048
-1.432942
-1.438513
-1.440679
-1.447554
-1.428707
-1.424248
-1.441314
-1.430917
-1.452394
-1.442620
-1.436717
-1.444831
-1.451446
-1.431650
-1.431537
-1.428877
-1.452642
-1.440854
-1.442317
-1.450094
-1.437011
-1.420566
-1.446728
-1.451184
-1.439598
-1.472986
-1.429888
-1.465131
-1.457540
-1.455331
-1.441605
-1.469335
-1.455058
-1.452108
-1.485327
-1.466800
-1.470130
-1.484347
-1.493940
-1.473439
-1.478835
-1.491431
-1.481684
-1.475616
-1.482171
-1.474032
-1.471281
-1.471187
-1.464551
-1.453606
-1.445575
-1.444931
-1.443305
-1.449527
-1.457317
-1.452695
-1.448735
-1.434417
-1.440916
-1.405599
-1.421058
-1.403424
-1.392465
-1.430320
-1.403525
-1.425802
-1.422582
-1.464479
-1.436337
-1.438822
-1.434307
-1.435075
-1.435184
-1.430138
-1.428295
-1.456461
-1.446334
-1.430918
-1.434322
-1.421040
-1.440254
-1.455941
-1.461496
-1.447751
-1.441016
-1.438546
-1.460816
-1.448132
-1.448502
-1.449100
-1.445845
-1.436535
-1.430231
-1.462108
-1.447887
-1.465468
-1.451862
-1.449306
-1.458806
-1.438278
-1.429051
-1.436477
-1.428048
-1.434870
-1.445146
-1.445720
-1.454254
-1.458729
-1.435898
-1.431208
-1.434075
-1.424480
-1.433077
-1.446936
-1.439313
-1.436921
-1.432610
-1.452395
-1.449202
-1.429676
-1.454835
-1.454985
-1.465121
-1.459541
-1.461974
-1.420806
-1.406593
-1.440220
-1.414002
-1.450906
-1.448334
-1.441068
-1.428719
-1.444749
-1.438171
-1.421932
-1.412514
-1.438223
-1.435116
-1.442763
-1.460892
-1.423131
-1.415642
-1.417874
-1.447573
-1.461489
-1.442848
-1.470574
-1.445622
-1.433679
-1.439069
-1.443515
-1.449459
-1.443525
-1.432757
-1.430485
-1.454122
-1.453273
-1.440977
-1.441294
-1.455805
-1.456889
-1.429940
-1.455798
-1.430333
-1.428887
-1.440825
-1.463409
-1.454125
-1.452039
-1.490658
-1.474675
-1.452051
-1.465917
-1.470100
-1.472645
-1.452118
-1.459514
-1.448304
-1.450998
-1.465540
-1.461525
-1.474119
-1.451046
-1.447961
-1.414094
-1.421341
-1.427164
-1.425866
-1.428527
-1.456986
-1.426139
-1.450862
-1.430066
-1.424062
-1.444394
-1.444552
-1.418169
-1.452417
-1.440876
-1.438147
-1.447858
-1.466127
-1.451745
-1.457664
-1.439090
-1.455052
-1.447133
-1.451909
-1.463511
-1.470035
-1.448068
-1.468880
-1.453927
-1.451738
-1.463195
-1.449335
-1.462800
-1.442898
-1.443438
-1.429462
-1.436767
-1.436445
-1.454257
-1.450212
-1.450478
-1.432430
-1.433678
-1.450115
-1.423659
-1.443564
-1.421321
-1.421796
-1.429840
-1.432991
-1.408330
-1.421646
-1.416514
-1.411260
-1.395718
-1.424295
-1.416194
-1.425521
-1.419255
-1.429510
-1.442267
-1.434703
-1.468380
-1.435238
-1.460151
-1.452884
