-0.831540    1.046666    1.119482
-0.658307    -2.757096    0.309350
-0.612327    0.244112    -1.530651
-0.758310    -0.087424    1.464606
1.139624    -0.560739    -0.564863
-0.569145    -0.790658    0.268329
0.257204    1.351360    1.216930
-0.307963    0.112511    -1.060827
-2.109635    1.577863    1.428622
-0.129536    0.303270    0.263969
2.287126    -0.703298    -0.397874
0.260243    -1.637763    -0.488199
-0.724742    1.691347    0.418748
-0.129382    -2.686427    -0.938065
0.383614    0.996088    -0.026492
-0.568662    -0.450298    -1.827546
-2.142180    -0.513123    -1.470784
-1.282371    -0.724123    -0.618392
0.125539    -0.333386    -1.206239
1.706969    0.236942    -0.790097
-1.096440    1.138560    -0.114608
1.237735    0.810263    -2.609087
-0.461118    0.686642    1.390100
-0.533507    -0.286819    -1.221215
0.516132    -2.592965    -0.187799
1.182251    -0.902872    1.146189
0.143093    -1.980811    1.089087
1.352518    0.715632    -0.868386
-0.311346    0.782930    -0.689558
0.808909    -0.622851    -1.605693
-0.203386    -1.001634    -0.411729
-0.208435    -2.473767    -1.256498
-2.380466    0.496942    1.450953
-0.559763    0.089444    -2.451181
0.268679    0.361529    -0.686600
-1.612568    -1.515919    2.164816
-0.379763    1.120692    -0.549191
-0.129002    -0.155228    -0.668992
0.789359    1.472412    1.479539
0.283402    -0.802573    0.470542
-0.224490    1.784455    1.637042
-0.301422    -0.517369    -0.580881
-0.480908    -0.744342    -1.368851
0.339485    -0.369577    -0.695212
0.729556    -2.072865    0.652055
1.030170    0.133242    -3.312867
-0.280029    0.172953    2.542700
0.980172    -2.007441    0.277837
0.113008    -0.094843    -0.103614
-1.744818    0.029719    0.435147
-1.927947    0.686853    0.750617
-2.181102    -1.039013    -0.373365
-1.213036    -0.398609    1.455077
-1.320916    -1.492815    -0.581077
1.918015    -0.303885    0.432007
0.371201    1.188377    -1.145203
1.355276    0.286553    0.346077
-0.677731    0.195037    -0.107568
-1.204199    0.804967    -0.312388
0.858462    -1.948557    0.802470
-0.163997    0.288461    1.055374
0.354553    -0.204628    -0.544228
-1.879523    -0.958994    -0.132081
-0.634485    1.003829    0.642796
0.589305    0.536591    0.498757
1.578609    -1.277041    -1.391712
-1.021192    -0.278081    0.024153
0.268554    -0.840909    -0.790837
-1.075619    1.762617    -0.856047
-1.047527    0.091974    1.904973
0.069914    -0.133776    -0.960295
-2.490398    0.802043    0.463283
0.692136    -2.336280    -0.027993
-0.706733    0.160024    -1.480847
0.621760    -2.210911    1.521784
-1.892577    1.126063    0.126915
-0.119152    0.423097    1.034562
-0.839574    0.625311    -0.267377
-0.095037    -2.093163    -0.782785
-0.393117    -0.815750    0.231422
-1.847078    1.935554    -0.387509
1.472294    -0.753367    -0.036621
0.160344    -0.037120    0.867718
0.013755    0.720984    -0.870911
-0.041668    0.674873    0.207986
0.951943    2.207350    -1.465500
2.052279    0.175116    1.153030
-0.463184    0.646975    1.535786
1.378112    -0.980397    -0.187407
0.710388    0.940051    -0.327346
2.134811    0.614124    -3.077662
-0.381577    0.210900    -0.271884
-0.989588    -1.418092    0.698360
-1.947076    1.056688    0.727294
0.989398    -1.003328    -0.163104
0.368329    -0.056559    1.101731
0.260245    0.813154    -0.247707
-2.665898    0.161498    0.015476
-1.339331    -1.199972    -1.404513
0.736986    -1.644727    1.273229
-2.362466    1.229656    0.668050
0.112303    -1.407758    -0.747716
0.211500    0.832030    0.147127
-0.987659    2.323921    0.991426
0.920581    2.609797    -1.029505
1.225981    0.949828    2.225732
-0.916220    1.006466    0.034605
-1.157987    0.289523    0.852815
1.997237    -0.392209    -0.381333
2.643648    -0.559368    0.001441
-0.271743    -1.091517    0.979671
0.707714    0.098498    -0.373847
1.286103    0.370350    -0.850824
-0.683978    -0.954663    -1.103512
-2.193050    -1.367040    1.003557
-0.385359    0.094099    -0.717650
1.875288    0.763244    -1.035764
-1.782342    1.512896    -1.675281
-2.013781    -0.420610    0.992844
-0.551651    -0.823828    -2.318731
-1.061317    0.028158    0.509946
0.632296    2.058069    -1.045309
0.091965    -0.451191    -1.324617
1.039280    -0.787909    0.335930
1.766400    -0.191748    2.751445
0.141011    -1.131655    -0.309130
0.591580    -1.465132    -0.152388
-1.675207    1.250274    -1.387347
1.232410    0.816536    1.855529
1.949531    1.805155    -0.822107
-0.377868    -1.204556    -0.116445
1.295604    1.335722    -0.806834
1.066415    -0.344621    0.235990
-1.381535    -1.516984    -1.138524
-0.100514    -4.174999    0.652917
1.283669    2.342371    0.934805
-1.381693    -0.260002    -1.047635
-0.799469    1.677626    -1.035811
-0.475844    -0.978736    -0.716709
-2.304879    -0.196368    1.538977
-0.596194    -1.175195    -1.190621
-2.292309    -0.977624    0.608401
-0.077302    -0.085540    -0.366583
-2.405550    -1.033694    -2.775963
0.131545    -0.022753    -1.407514
-1.503768    -0.826211    1.556016
0.350793    -1.400187    -1.835304
1.108652    1.822673    -0.450570
1.045717    1.048365    1.034654
-1.444276    0.427404    0.656220
-1.819323    2.715426    1.916465
2.424408    -1.993668    -0.017829
0.657747    -0.852955    0.178769
0.552180    0.613550    0.652175
0.221680    -1.250259    -0.580284
-0.419201    0.576975    0.043253
-2.454176    -1.284010    0.499389
1.744410    -0.428271    0.368014
-0.317061    0.284294    0.601666
-0.222191    -0.919186    0.661606
0.432566    1.300064    0.173330
2.413023    -0.539159    4.184872
0.341981    0.042470    1.035841
-0.130535    1.346587    -1.844177
1.231956    0.769210    -3.736550
2.269918    1.748417    -0.175500
-2.029009    -0.235836    0.399561
1.078098    0.442467    1.522705
1.625066    1.220488    0.655905
-1.369198    1.365408    -0.038475
1.739912    0.889694    0.761409
-0.346329    1.052801    1.434767
0.705309    1.019767    -1.354224
0.055582    1.088730    0.989370
-1.017299    -2.555786    0.021202
-0.774927    -0.057638    1.154330
-2.090383    0.241389    -2.099762
-1.065934    1.439199    0.388049
1.234446    -0.825051    -0.793896
-0.718770    -1.028655    0.327556
-0.656728    1.120774    -0.164861
1.372111    0.425230    1.276262
0.688861    -1.061539    -1.007843
-0.164428    -0.260487    -1.108309
-0.334969    0.646243    -0.095355
-0.003780    -1.732538    -1.267571
-2.076254    0.269344    -1.357460
-1.922037    -0.273595    -2.024815
-0.196574    -1.173483    1.068160
1.495360    -0.040898    -0.975194
1.131011    -0.912475    1.604266
-0.510252    0.913590    1.610583
1.352438    -0.533254    -0.748459
0.094864    -0.081425    -1.239951
-0.773298    1.952070    -2.127960
0.519103    -0.278876    -0.300628
0.984544    -0.713880    -1.589605
0.947278    -0.258632    -0.100970
-1.808877    -0.418061    0.475245
-0.204974    1.492307    0.120100
-0.523359    0.185421    0.751275
-0.057588    -1.764996    0.096030
0.863910    1.386910    0.683211
1.607858    -0.481762    1.421643
0.605219    -0.108036    0.800148
-1.730564    -0.102691    2.302826
-0.483707    -1.328267    -2.495916
-0.061220    -0.411336    2.144613
-2.041272    -0.889194    0.257543
0.699445    -0.123195    0.470477
0.192362    0.146141    -0.082224
2.897903    0.866343    0.143969
-0.508309    1.892617    -0.881829
1.649505    0.470927    -0.827123
2.492874    -0.997289    -1.699836
-1.845171    0.767399    -1.450839
1.287998    -0.342066    1.916606
-1.005770    0.385488    -3.010774
-1.996226    0.876878    0.752180
-1.031536    0.225170    -0.982144
2.238909    -0.180348    -0.233152
-0.264665    -1.318513    -0.116018
-1.048946    0.748176    0.475357
1.566744    -0.849558    0.271597
-0.156978    1.428265    0.591656
0.353298    -0.664402    -0.393024
-1.956325    -0.422626    -2.424613
-0.265954    -0.379373    2.656999
0.725497    0.912088    0.922073
-0.007843    0.716133    0.334329
-0.032766    2.471855    0.967784
-0.181645    1.758527    1.479775
-0.927662    0.462875    -1.287891
1.162786    -0.264168    -0.136700
-1.130721    1.540149    2.203231
0.768718    -1.822325    0.613325
-2.634682    -0.035713    1.651026
0.507737    0.461143    -1.758110
-1.303922    1.609602    0.207631
1.750861    0.021375    0.044536
-0.918698    0.458890    -0.210885
-0.610052    0.231006    -2.237926
-0.032542    0.639497    -0.578019
-0.119037    -0.158712    1.831634
0.759012    0.333250    0.741645
-0.436985    -0.093997    0.255406
-1.196092    -0.701164    -1.382298
-1.109300    0.001646    -0.229238
0.583901    1.137351    -0.843013
-0.328783    0.026936    -0.657818
-1.769127    -0.124177    -1.918082
-1.065192    -0.792235    -1.640139
0.533491    -0.854743    -0.675471
-0.420113    -1.316345    0.193488
1.183581    1.431981    -1.291716
0.094887    1.943757    -0.326038
1.136282    0.747950    2.214445
0.573343    0.667586    -3.148717
0.437687    2.627799    -0.522070
0.278155    -0.514920    -2.215402
-0.904141    -1.490458    1.372972
1.662208    -0.736842    1.127928
-0.920249    0.308840    0.886768
-0.352278    1.881772    2.272079
0.526810    0.432824    0.012423
1.546256    0.103542    -1.141355
-0.531034    -0.433550    -1.160265
0.062168    0.221297    0.631878
-1.879396    2.080852    -0.208138
0.599607    1.230232    1.207439
0.308408    0.960880    0.524261
-0.782409    -1.567979    0.135119
0.741440    0.563690    0.480402
-0.168554    -2.628406    -0.358701
-0.093834    -0.898545    0.414366
-1.312694    1.120488    0.556640
0.731410    0.910680    -1.536526
0.271592    -0.307947    -0.033853
1.745012    -1.791392    0.166468
0.919335    -1.601432    -2.061914
-1.319471    0.265714    -0.541269
1.819403    0.492111    1.859210
-2.257131    0.294909    -1.838967
0.396386    0.523198    -1.703295
-0.316042    0.954997    -0.695387
-0.812877    -1.339516    -0.336635
0.436943    1.497188    -0.270013
-0.965920    0.507238    -0.645161
1.660612    0.612022    -0.708725
0.355711    -0.434743    2.067770
-0.632217    1.725486    -2.390602
-0.492558    -1.392877    0.590057
0.783772    -0.039143    1.912876
-1.113697    4.046890    0.339159
-1.801683    0.495414    0.530227
0.626657    0.100326    -1.246876
-0.030409    -1.687085    1.003193
-0.623286    -0.359979    2.628252
-0.658040    -2.790487    2.266653
-1.324360    -0.609161    0.928815
0.592565    0.330207    0.859304
-0.485419    1.544626    -0.180335
0.103392    -1.574158    1.521647
-1.069886    0.175049    0.742796
-1.595164    1.449800    -0.408665
-0.895246    -2.807405    -0.064141
-0.192915    0.850358    -0.799844
-1.301955    -1.022042    -0.614528
1.845108    0.016438    -1.571533
-0.172758    1.558347    -0.240441
-0.012969    -0.703169    -0.081710
-0.375670    0.827155    1.090668
-0.322915    -1.166640    -0.488970
1.970963    -1.266810    -0.339451
-0.880113    0.947031    -0.957082
0.321713    -2.429258    -0.333449
-0.863342    -1.202515    -0.996266
0.505486    -0.799876    1.376714
0.000808    0.733559    -0.136489
2.007861    -0.227983    0.020575
-0.119127    -0.553057    1.108068
0.221960    0.743371    0.873128
1.874768    -0.383405    -0.982828
-0.037800    -1.900965    -2.891649
-1.034090    1.166336    -0.618656
2.107712    0.240934    1.528428
0.480329    0.509029    1.019422
-1.256471    -1.200956    1.458489
0.847612    1.344981    -0.904624
-0.258314    0.328330    -1.651308
1.950399    0.496107    -0.870074
1.585167    1.187288    0.518492
-2.186519    0.175389    -0.262036
0.990255    -0.641075    0.154557
1.464771    0.515145    2.189292
-0.114860    -0.139777    1.347353
0.035728    0.862513    -0.658095
1.930951    0.059178    0.097021
-0.781530    0.135362    0.717438
2.718907    0.972530    0.228622
0.087518    1.039869    -1.784409
3.522883    -2.450598    2.108228
-1.351545    -0.621953    -1.655532
-0.445671    -0.614791    -2.005006
0.420926    -0.276157    -0.024412
-1.114001    1.069796    -1.500377
-1.005266    0.371296    1.451066
-0.368574    1.210123    -0.567483
-0.312516    -0.804280    0.225562
-0.824596    -2.320900    -0.103179
0.483845    -1.883637    0.688971
2.347165    -1.427274    1.118866
-0.919250    -1.094606    0.073040
-0.672746    2.015746    0.105070
-2.245828    1.570720    -0.338838
0.627839    -0.009252    0.588273
-1.670969    1.742677    -0.386671
-0.574863    0.235355    -0.123657
-0.814722    1.776703    0.258256
0.447883    -0.506649    0.555589
-1.530205    0.912346    0.152048
-0.912717    2.000192    0.477502
1.195712    0.951778    -1.415755
-0.954678    1.203408    -0.680773
1.172534    0.881265    0.843510
-1.298677    -0.304364    1.644826
0.993741    0.541180    0.538937
-0.510602    -0.077167    -0.573788
-0.053727    0.245284    -0.725799
2.661065    0.012254    -0.975738
-0.925720    -0.785880    0.584204
-0.627933    -0.613365    0.469831
0.410442    0.623270    1.539379
-0.894827    0.007194    1.790538
1.639885    -1.514454    -0.373418
0.388944    -0.743635    1.927258
0.597581    0.326447    0.846082
0.657456    0.695986    0.342355
2.090429    1.301522    0.601129
-0.720281    -0.577958    0.840884
0.256685    -0.474357    0.064870
0.703084    0.546700    0.980633
0.783754    1.191174    -0.365746
-0.630729    -0.827807    0.270213
0.087164    0.247781    0.500721
1.561384    0.469237    0.246774
0.541095    -1.131778    -0.763781
0.582702    0.550250    1.670860
0.436911    1.642501    -1.375853
-0.789420    0.081860    -1.421026
0.205130    0.798204    1.225545
0.396681    -1.813028    0.379881
0.457181    1.930284    -0.096505
0.467430    -1.022811    -0.548626
-0.715632    -0.372122    1.830197
-0.356492    -2.402070    -0.687110
0.175900    0.283681    -1.814308
0.842634    0.178818    -0.305730
1.031744    -0.494602    -0.967239
-0.924380    0.854382    -0.765425
-1.372257    0.349404    -0.295405
1.670786    -1.387873    -0.075406
-0.946888    1.155986    -0.348399
-0.169274    -0.086637    0.902368
1.454330    -0.351164    0.147600
-0.379674    1.869417    -1.492260
1.122650    0.416768    0.767318
1.052591    0.834543    0.229444
1.246877    1.684087    -0.240623
-1.518088    1.215658    -1.325384
-0.137978    -0.761890    -1.183716
-0.226920    -0.305715    -0.094389
-0.014034    -0.068926    -1.122759
1.545976    0.926307    0.460564
0.611525    -0.809310    -0.222476
-1.004537    -1.044028    -0.290213
-1.801048    1.492431    -1.805024
-0.212139    -0.236553    0.481270
-0.743898    0.162213    -0.077885
1.105001    0.168237    1.662470
-1.652716    -0.138544    -0.032730
0.229856    0.198228    -1.840714
0.593485    1.584063    0.570177
-0.101111    -0.611115    1.071314
0.491790    -0.685385    -1.339256
-0.848586    -1.337623    0.706329
-0.138965    1.917438    1.393669
-1.798960    -1.463802    -0.211850
0.996203    -1.243722    0.452633
0.170308    -0.365548    0.443145
0.436371    0.427326    -0.531265
-0.018133    -0.875623    -0.032705
0.109651    2.472846    -2.513449
-0.851213    -1.020812    -0.589920
0.838064    -0.420252    0.272803
-0.494271    -0.835611    -0.222876
-0.276288    -0.063668    -1.182548
-0.233305    -0.319631    -0.365071
0.831502    0.739135    0.668968
0.253422    0.231805    1.629334
0.828607    -0.954503    1.457468
0.914909    -0.188158    -0.897164
-1.125396    -1.456589    2.492682
-0.805864    -0.023276    1.089520
-1.697745    0.178586    -1.662619
0.590123    1.273420    0.407083
-0.401970    -1.323564    0.803405
0.951565    -0.340234    1.610396
-1.128489    -0.582267    0.819484
1.306101    0.364085    1.888050
0.511513    1.341518    0.995269
-0.233951    -1.528945    0.065289
1.233316    0.814135    2.157846
-1.684754    -1.005969    1.607444
-0.401119    -1.963822    -1.130761
0.755492    0.211987    -1.404587
0.798759    -0.793180    1.488059
2.224332    -0.378059    1.843320
0.331078    -0.360949    0.111504
-0.691363    -0.302838    -2.847006
-0.210388    1.574920    -1.367952
-0.250323    0.290011    -1.572462
0.216406    1.178571    0.511264
-0.749452    1.533366    -1.138332
-0.858377    0.072941    -0.398287
0.865777    -0.757877    0.679798
0.918322    0.136750    0.483356
0.238370    -2.084324    -1.168002
3.160432    -0.657626    2.106287
1.439982    0.017969    1.613776
0.154280    0.764333    -1.979667
-0.322513    -0.633146    -0.283483
1.664028    -0.069945    -0.345671
0.133497    0.201839    0.759593
1.757371    0.376826    0.311245
1.229869    1.173126    1.060159
2.001193    0.275578    0.121278
0.395965    0.808999    -1.260079
-0.115428    0.853940    1.732870
0.315742    -0.086278    0.252505
1.601231    -0.218788    -0.198950
-1.295691    -1.730960    -1.789726
0.751004    -1.118384    0.653949
-2.066575    -0.462672    0.631404
0.026783    -1.918487    0.417723
-1.097322    0.912522    -1.040920
2.180368    0.602921    1.251223
1.082632    0.088872    1.886887
-1.892496    0.548206    1.562145
0.900226    -0.515378    0.887833
0.869614    -1.119337    0.166855
0.362853    0.721987    -0.131451
-0.881071    -0.016736    -1.396361
-0.083071    0.595137    -0.928101
-1.146146    -1.074787    1.669872
-0.364916    0.739983    -0.331370
0.668777    -0.561178    -2.013723
0.342967    1.381923    0.661028
-0.476359    0.652975    0.139774
0.725374    0.432027    1.780958
1.545130    1.022982    -0.011265
-0.608619    0.535826    0.335918
-0.663644    0.701282    -0.637520
2.874917    -0.959104    -0.876615
-0.623127    0.480773    -0.626665
-0.333974    0.560430    -0.239979
-1.182481    1.774175    0.805734
0.801234    -0.104020    0.796893
-0.559541    -0.560629    -1.023900
-0.098835    1.246918    -1.719045
-0.189773    0.469310    0.905873
-0.709160    -1.944861    -1.371468
-0.601342    -0.615187    -0.454659
0.137392    0.506773    -0.796463
-0.983031    0.785287    -2.063283
1.811011    -1.613704    -0.436069
-0.343821    -0.076489    -0.499087
-0.373206    0.619727    -0.337352
-0.243692    -0.341638    0.557325
-0.030625    2.237184    -0.421498
-1.358158    -0.979679    0.254869
0.176552    -0.192045    0.638334
0.120274    -0.158656    -0.438393
1.246637    -1.355230    -0.343662
0.597289    -0.383366    -0.667608
0.612031    0.346497    2.427890
1.408250    0.167578    -0.286962
0.674671    1.282908    0.327005
-1.570813    0.839583    1.003415
1.226783    0.766820    -1.438125
-0.578325    0.900694    -0.603598
-0.089602    0.474841    -0.538044
0.290673    0.671875    -3.629797
-0.228608    -0.649388    -0.486956
-0.182298    0.411494    -2.206542
0.581865    -0.382229    1.571045
0.169869    -1.001855    2.087650
-0.648686    1.372238    -0.980735
1.294088    -0.219398    2.001678
-0.737942    -0.622940    1.420537
-0.924963    -0.000289    -0.435963
-2.440399    -1.295291    1.627232
-1.037654    0.516322    0.754371
0.948461    -2.660594    -1.140933
-1.073257    -0.875238    0.978717
-0.711659    -0.966119    -3.215967
-1.188433    -0.386100    1.386130
0.149667    0.548492    1.887400
-1.238268    -0.683816    -0.617766
-0.808130    -0.808974    -0.139291
-0.506373    1.446908    -0.957766
0.527825    -0.062886    1.861153
-0.854061    0.319739    0.542789
-1.096621    -1.028363    -1.336722
1.332211    -1.075646    2.764370
-0.528402    -2.663757    -1.083116
2.888082    1.010363    0.388606
0.328321    2.222812    -2.107309
-1.733625    0.105147    0.201522
-0.346790    -0.563713    -0.415715
0.071113    0.135605    0.147175
0.231995    2.438410    1.403587
-0.101763    0.140815    -2.176951
1.498086    0.612139    2.819831
-1.340653    -0.666075    -1.944975
1.036769    -0.118292    -1.237247
-1.874041    -0.050135    -0.514210
1.804269    -1.341604    -0.720819
0.092439    -1.236671    -1.763704
-0.095519    -0.469774    1.418456
1.665381    1.662480    0.072268
-0.309381    1.691522    1.277479
-0.559207    0.088185    -0.930954
-2.308940    -2.797817    -2.497832
-0.070540    0.564791    0.156597
-0.656691    0.390306    0.155802
-1.082191    -0.999441    1.010038
-1.280013    -0.136348    -0.853825
-0.991741    -2.151860    -1.126635
2.256629    0.434993    0.808603
-0.119875    0.628108    -1.893802
0.626074    0.932210    0.990223
0.018059    -1.118266    0.627174
-0.320527    1.614467    0.376225
-0.059559    2.772246    0.922418
0.463969    1.440304    0.238475
-1.065222    -3.537193    2.566462
0.217320    1.632253    -0.820129
-0.287541    2.414264    -0.561316
-0.666233    -0.651444    -0.599501
-0.455462    -0.116104    -2.148219
-0.017557    2.272201    -0.108522
1.704266    0.674673    0.433068
1.056128    0.518731    -1.234721
0.182373    0.797610    0.035316
-0.050249    0.585554    1.319237
-0.798501    -0.386619    0.111343
0.425411    -0.951657    -1.056687
0.050142    1.786249    -1.010489
0.417566    1.867083    -0.024397
-0.851630    -0.010608    -1.359409
-1.394676    -0.879032    1.848631
-0.454910    -0.193651    -1.124309
-0.060340    -2.297650    1.696712
-0.376845    0.570803    -1.501545
1.474936    0.319258    -0.242535
-0.471197    -0.507062    -1.495299
-0.925923    0.704265    0.474166
-2.654179    -0.425836    -0.876225
-1.579853    2.353879    -0.270405
1.632190    -0.134285    -0.399167
2.232769    -1.095498    0.328358
-0.238489    -0.146385    -0.394629
0.410778    1.102217    0.614924
0.226623    0.190737    -0.599211
1.543064    0.524934    0.441895
0.528122    -1.705694    1.390752
1.935773    -0.581202    -1.855990
-0.589524    1.284427    2.081306
-0.535500    -0.923637    -0.006076
-1.606165    0.205101    -1.504794
-0.406484    0.806757    -1.433519
-1.494548    2.685226    0.540403
0.140231    0.096476    -1.297406
1.299715    1.371831    0.383454
-1.883073    -0.818515    -1.327445
-0.347469    1.060659    0.971471
0.571685    1.190558    -1.260100
0.178968    -0.709988    -1.509491
0.057881    0.367111    -1.256458
-0.826315    1.257032    -0.404353
0.057900    -1.037312    -1.028639
0.218896    1.106275    -0.647557
0.372467    -1.306946    -2.317325
0.779638    -0.608960    -0.213093
0.059948    0.074076    0.919500
2.155609    1.050818    -3.135446
-0.323089    -1.757321    0.068969
2.312854    0.211794    1.184012
0.930370    1.467963    -0.462160
-1.273859    -0.126008    -0.632728
-0.833884    0.290122    -0.113028
0.664760    -0.840744    -1.804306
-1.380458    -1.968802    -1.148562
-0.215672    0.052583    -0.750844
-1.261846    0.306132    -0.195368
1.063584    -1.169988    1.026020
0.478717    0.174642    -0.821033
0.646176    -0.646349    2.040015
1.238635    0.383170    -0.667938
0.332186    -2.118730    -0.303739
-0.576539    0.045191    0.464862
-1.313442    -0.853271    0.584317
0.396823    -1.550982    0.179398
-0.729164    0.013852    0.839945
-0.584169    2.186277    -0.292289
0.389512    0.504956    1.820632
-0.691882    0.142939    1.261941
-0.799844    1.389156    1.138868
1.476110    -0.282718    -0.715270
0.714927    1.697776    -1.744122
0.077399    0.325342    1.328526
-0.296982    0.032459    1.099560
0.238643    1.171054    0.795165
0.457720    0.645842    1.890907
-0.167292    0.322718    0.542250
-2.601848    2.825689    0.945199
0.210728    -1.623528    0.607864
-1.904762    -1.911778    -1.468977
-0.122709    -0.610756    -0.344347
1.376145    -0.878883    2.013439
1.519086    -0.217639    -0.405427
1.663707    -0.470758    1.334233
-0.343374    0.364566    -0.829127
0.215885    -0.264963    0.519678
-0.567803    -1.263887    2.036924
-0.260908    2.053475    -2.124279
-0.126121    -1.544533    -2.007629
-0.479387    -1.268302    -0.255898
-0.394001    -0.717695    0.946025
1.488419    -0.160417    1.202793
2.056736    0.489118    -0.124363
-0.264315    2.173423    -1.469089
0.393068    -0.289927    -1.382954
-1.095275    0.221429    0.656041
-0.481323    -0.302294    1.295852
-0.414776    0.372544    -1.592965
-0.846450    1.212033    -0.026911
1.088055    -0.394269    1.256113
0.714757    1.384564    -1.219846
1.273583    0.675895    1.409827
1.057146    0.805571    -0.458672
-0.468889    -0.629140    0.189696
-1.367864    -0.238256    -0.992458
-2.350733    -0.735515    -0.164335
0.161773    0.403539    -1.780777
0.140595    -0.201497    0.425364
-1.431003    -0.482977    1.170844
-0.585315    0.031721    1.025325
0.129364    -1.233182    0.609106
0.133637    -1.080281    -0.053955
2.409014    2.647628    1.391328
0.618004    -0.341341    -0.571974
-0.885346    -0.469930    1.320957
-0.622224    0.296661    -0.702769
-0.801001    -1.935266    -1.534229
0.458360    -1.406171    1.264038
0.778156    1.982345    0.228731
-1.320462    0.477371    1.593292
-0.358654    -0.100249    -0.305053
-2.458272    2.290242    -0.400822
-0.039387    0.718858    0.076782
0.963087    1.939823    -1.784463
-0.264100    -1.024060    0.371611
0.769189    -1.530341    -2.616738
-0.411545    -0.047742    -0.330437
-0.697465    -0.093635    -0.591594
0.250970    1.222559    -0.413522
-0.103631    0.685719    0.157506
0.561762    -1.938045    1.687045
0.877423    -1.531104    1.543042
0.039800    0.538470    -0.717683
-0.724957    0.622786    -0.556956
0.549564    -0.281977    0.681735
-0.424774    -0.383672    -1.354823
-0.038032    -0.161134    -0.981785
1.535996    -0.782281    -1.583613
-0.727685    -2.055765    -0.486552
1.798830    -1.684528    0.654404
1.115011    0.166640    0.459062
-0.129210    -0.360352    -1.589520
0.324898    2.227222    1.133949
1.442760    1.481506    0.837545
-0.517742    0.265314    1.473629
-0.621977    1.725339    -2.413129
-0.525416    0.721053    -0.731565
-0.297849    -1.177614    -0.874326
-0.226698    0.115046    1.152090
-0.478029    -2.009557    1.228941
1.498431    -0.590603    1.231304
0.159230    4.367929    1.765786
0.232507    2.545152    1.432617
0.579051    -1.815903    2.311443
-1.577923    -0.180271    -0.278918
0.863546    0.917217    -0.437302
0.159329    -0.590926    0.496556
0.370150    0.954336    2.396358
-0.839046    -2.033854    -0.359981
0.729977    0.421148    -0.590225
-0.208461    -0.184760    1.641515
0.997492    -0.351592    1.054074
0.399297    -0.942655    1.034403
-0.362865    1.500996    2.099944
0.904131    0.702991    -0.522354
-2.563838    1.059593    -0.683236
1.622649    2.501494    1.323599
0.759771    1.336361    -1.862045
-1.823682    1.509242    0.225746
-0.058162    0.216914    2.257724
-1.117150    -1.469876    -0.967143
-0.019913    -0.379883    -0.579198
2.086821    -0.681720    0.338183
0.720126    0.699221    0.477576
0.591368    -1.098391    -2.771140
0.132881    -0.028371    -0.063115
-3.327924    1.736560    1.088239
-0.257517    -0.611882    0.894756
-0.952240    -0.380681    -0.968948
-0.307320    -0.584569    -2.264263
1.691429    -0.075926    0.202693
-0.965437    0.694301    -0.462764
-0.693485    -0.149770    -0.037977
-1.290229    -0.351516    -0.854113
-0.596311    -1.820008    0.515378
-1.289829    1.669159    -0.494107
0.606049    -0.490468    -0.071066
-0.075064    -0.152839    -0.912283
1.904834    -1.034209    0.643429
1.340069    0.527759    -0.337938
0.087615    -1.721891    0.764940
-0.304320    0.723388    0.403349
-0.449656    2.504146    1.339760
-0.372931    1.866557    -1.632058
-2.021348    0.324533    1.291815
-1.736034    -0.923284    1.520048
-1.309195    -2.817552    1.122963
-1.345451    0.660095    0.418383
0.609250    -1.181726    0.953546
-0.617310    0.569155    -0.864245
0.642754    -0.875722    0.249700
2.646111    -0.545907    1.558771
-0.717316    1.976941    0.272573
-2.348276    0.288260    0.908202
0.941714    -1.538794    0.165700
0.752273    -1.745372    1.397006
0.057166    0.506600    -0.688435
1.126782    0.189186    0.346363
-2.271626    -1.661116    -0.742454
-0.755513    0.142600    0.195562
0.866077    1.204942    -1.280504
-0.707380    0.556628    -0.284869
0.279294    4.196160    0.906109
0.418616    0.861385    -0.079995
-0.046695    1.353240    1.180561
-1.256496    0.622705    -0.552498
-0.461272    1.316207    -0.400745
1.246179    0.632736    0.377456
-0.786169    -1.089125    0.486051
0.645890    0.443390    0.316663
-0.156478    0.270957    0.183531
0.501085    -0.753340    -0.735871
-1.318609    1.213421    -0.213682
-0.221446    -0.994967    0.259622
0.671040    -0.208812    -0.198378
-1.429740    -0.408645    0.697159
-0.756080    0.382206    1.452392
0.852915    0.479794    1.333030
0.830929    -0.294305    -1.919717
-1.306168    -1.195965    -0.631286
2.667699    0.618404    -0.740077
1.237430    -1.343516    -0.766269
1.687605    -0.500831    1.513204
1.649834    -2.396185    0.407850
0.668229    1.422483    1.465822
-1.687855    1.957474    1.443091
0.478426    0.159406    -1.187749
0.071303    -1.573838    0.496191
1.355706    -0.131638    -1.565326
0.475158    -1.140307    -0.062979
0.294857    -1.394614    -1.102968
1.294979    0.625101    -0.128757
-2.304720    -0.662917    -1.584455
-2.537247    0.829938    0.695950
1.022443    2.747805    0.966447
0.322302    -1.313049    -0.212143
-0.832477    -1.746136    1.336811
-1.645490    2.713878    0.765268
1.415548    0.429454    -0.914585
-0.833163    1.133788    -1.722207
0.350163    0.647423    0.636732
-1.478871    -0.798928    -0.289906
-1.036304    0.540808    -2.152457
0.848532    0.154115    0.795898
1.708717    0.339314    1.320662
-1.174308    -0.809405    -0.192319
-2.429016    0.825722    -1.905372
0.462912    0.109835    0.355130
-1.572239    -0.548571    1.326348
-2.460195    -0.976119    -0.702288
0.335949    -1.220422    1.020041
1.293452    -0.305533    3.104200
2.619807    -0.872555    0.392440
0.909963    -0.927527    0.534401
-1.921887    -0.041679    -1.854956
0.665751    0.323179    -0.111604
0.688177    -0.395959    -0.211767
-1.315308    2.147240    1.296463
1.114686    -0.285282    -1.444424
-0.077020    1.448764    -0.909844
0.253157    -0.768916    -0.154325
-2.106375    0.387744    0.879477
-0.273407    0.677029    -0.354577
-2.425807    0.209799    -0.775766
0.710438    1.161264    -0.994032
0.144957    0.901244    1.132542
2.547625    -0.163967    -1.264443
-0.446365    0.749380    -1.238935
-0.494651    -0.349724    -0.764292
-0.591920    -0.045843    -2.396359
-2.014477    -0.097137    -0.465744
-0.523772    -0.055910    -0.348381
1.264573    0.425586    1.824315
0.588197    0.168292    -0.854677
-0.495771    -0.386096    -1.444991
1.347441    1.440513    0.158764
-0.441175    -0.483712    0.246591
-0.671117    -0.252299    1.740587
-0.205443    0.683347    0.373668
-0.987098    -0.922955    0.754235
3.315694    -1.120154    0.434763
-0.792273    0.329855    0.477630
-0.900242    1.908413    1.660431
-0.074384    0.672957    0.197671
-0.444821    0.087414    0.114254
-0.187774    0.106728    -1.051054
0.521636    0.568907    -2.008555
-2.261422    0.836399    -1.317030
-1.366837    0.195163    -0.393874
0.502131    -0.498673    -0.164333
0.071615    -0.475208    -0.444406
-1.126805    -0.038720    -0.398469
1.007440    1.068885    -0.508794
-0.411485    0.210751    2.060556
-2.424843    0.412696    -0.549154
1.329248    0.452453    -0.680997
1.161643    1.459007    0.465339
2.219965    0.237549    0.387634
-0.385059    1.347705    1.035270
1.197504    -0.301537    0.527152
-0.301361    -1.465550    1.158618
-1.503379    0.876645    0.915282
1.630278    1.280838    -0.887384
-1.169993    -1.097001    -0.062009
-0.381916    0.635726    -0.696043
-0.206535    1.427640    -1.634939
-0.508066    0.407893    0.550180
-1.152855    -1.354189    0.186602
0.389360    0.017838    -0.531686
-0.323231    -0.478076    0.647996
0.609266    -0.798573    0.489380
1.423555    -1.474340    -0.435658
0.276669    -0.247941    0.780898
-0.554317    0.589514    0.637483
-1.006461    -1.034170    2.124780
0.335048    1.227930    1.010504
0.911879    0.524400    -0.332427
-1.843293    -0.404321    0.394771
1.483678    2.116307    1.794693
0.297858    0.413249    -0.822334
-0.132807    -0.261507    0.345664
-0.686791    0.199354    0.863189
3.438205    -0.492288    0.401868
0.473273    0.772703    0.362313
0.012264    2.233283    1.539249
0.086906    0.629506    0.499314
0.680415    0.534388    -1.732457
-0.296311    -1.372575    -0.822765
0.283045    -1.130384    -0.868723
1.297293    -0.717760    -0.211639
0.947395    -0.310154    -1.754021
-0.211893    -1.671738    -1.288196
0.125074    0.616609    1.993576
1.149653    -1.055598    1.017356
1.789864    -0.264671    1.166773
-0.174443    -0.687064    -0.591616
1.171266    -0.407636    0.446648
-0.139018    -0.913411    0.517761
0.286407    1.229054    0.948326
-0.133217    -1.667163    0.243849
-0.907949    0.481661    -0.837611
-0.723275    -0.392546    0.941902
-0.296859    -0.852671    0.294740
-0.456401    -0.747868    1.293070
0.238674    0.726071    0.733125
0.368441    -0.609625    0.379406
-0.280094    1.028541    1.981821
-0.119977    -0.213742    -0.163915
-1.595589    0.187562    0.420571
-3.337848    -1.341243    -0.748527
-0.417826    0.215490    -1.060275
2.064321    -0.812280    0.366809
-0.324080    -0.947931    -0.793616
1.847363    -2.718114    -0.068605
0.577199    0.695627    -0.596979
-1.091912    -3.027937    0.722509
0.590033    2.020445    0.066241
-0.696430    0.822050    -2.119182
0.836128    0.647771    0.270206
-1.072914    1.713826    0.538600
-0.111260    1.173907    0.310965
0.820337    -0.356861    0.268826
-0.023418    -0.305474    1.500472
-1.791451    -0.187913    1.327528
1.337411    -0.354694    -0.485859
-0.359660    -2.033532    -0.043114
0.461881    0.147105    1.057481
-0.464491    -0.075766    0.628920
0.091966    1.657752    0.973613
-0.388106    -0.383357    1.244632
2.800018    0.337426    -0.198447
-1.298966    -0.315698    -1.764035
0.293767    1.213414    1.767331
-0.107942    0.017791    -0.781597
0.574481    -0.048627    -0.585712
1.349187    0.140173    1.368294
-0.095720    -1.590000    -0.576527
1.307843    0.083251    0.481448
2.862577    1.079535    -0.846625
-0.433215    -1.818247    0.799740
-1.715485    -0.064089    1.701482
-0.978805    0.391916    -1.841321
-0.136853    -0.621312    0.904955
-2.551880    0.625666    -0.365645
-1.810059    -0.011993    1.011660
0.482512    -0.146674    -1.158577
-1.023747    -0.965641    0.510102
0.139178    -0.907428    0.866468
-0.036365    -0.388937    1.339561
-0.203446    0.639711    -0.767840
0.102972    -2.342026    -1.213031
-1.472023    -0.591265    0.760129
0.677414    0.460214    -0.324994
0.648779    1.255816    0.770724
1.821384    -0.002356    -1.665252
3.329100    1.112831    -0.054105
-0.488381    0.528157    -0.780106
2.338788    2.491456    -0.449894
-0.219839    0.181030    -0.089054
0.302486    1.400763    0.678313
0.523301    0.774568    -0.267963
0.372060    -0.010400    -0.230438
-0.721489    1.877732    -2.225079
0.039499    -0.524101    0.105863
-0.890274    0.874178    -1.478358
-1.563259    0.398376    -1.442174
2.778689    1.085436    0.041145
0.068501    0.462739    1.498022
-0.352059    0.298034    -0.575316
0.282719    -0.381468    0.564525
0.377866    -0.921717    0.579458
0.439993    1.087441    0.196710
0.559032    1.696369    0.122531
-0.149624    -0.395729    -0.738115
0.807468    0.380196    1.254980
-0.206487    -0.712759    -0.748120
-1.261665    -0.252480    -0.559569
-0.507729    0.941879    -1.586932
1.726360    0.414595    -2.092928
0.215624    0.801726    -0.380009
0.422230    -0.075881    -0.497015
-2.039690    0.211877    -1.783753
-0.776649    1.675090    0.374070
0.825009    -0.496827    1.662996
0.607520    -0.633499    0.095621
2.335027    -0.400835    -0.356312
0.762313    0.840040    0.186179
-0.788981    -0.355977    -0.030765
1.316559    1.858973    0.853967
1.060191    -1.088695    0.422543
-0.154674    -1.416372    -0.445204
0.332228    1.296660    -0.499922
1.320380    -0.156408    -1.651827
0.043205    0.844261    -1.212350
1.666915    1.089459    -1.207264
-1.150259    0.567883    -1.965520
-0.482513    -1.352856    -0.663624
1.852258    0.377743    1.754758
0.329770    -0.179269    -0.333889
-1.001908    -0.250475    0.752014
0.363439    0.172929    -0.846024
-1.400348    0.240059    -0.113589
-1.524833    -0.296191    -0.022567
-0.019351    0.051837    -2.024913
-1.113063    -0.893835    -0.313117
-1.329579    -0.326712    -0.033731
1.213715    0.890302    1.587050
0.304648    0.921966    -1.309380
1.472042    -0.982279    -1.086745
0.718878    0.836891    -1.225082
-0.098720    0.127109    -0.755645
-0.710448    -1.452636    -1.577682
1.306946    0.601160    0.016975
1.723809    0.216177    0.292942
-0.455655    0.863215    0.373066
-0.280007    -0.488330    2.845397
-0.763385    -1.360006    -0.304217
-1.227163    1.753402    -0.907056
-1.253875    -1.017424    -0.877624
-1.096929    0.891063    -1.815599
0.088230    0.462547    1.084701
-1.848270    1.738295    1.252397
-0.374689    1.701791    -2.176966
-0.278933    0.017049    0.338623
1.259145    -0.376448    0.330402
1.307285    -1.318047    -1.616978
-1.121512    -0.011841    0.699552
0.095035    -2.558646    -0.500676
-0.670757    -0.033795    0.196166
-0.051082    0.345330    0.674191
-0.431239    -1.505678    -0.083374
0.060643    0.658991    -0.924048
-0.485042    1.260842    -1.937529
0.735737    -0.238643    1.992092
1.516217    0.576731    -0.787272
-1.081377    -0.160232    0.358479
-0.869935    2.372492    -2.071744
1.024249    -0.597908    -0.034688
-3.072674    0.888892    0.118708
1.177585    0.045670    -0.322992
-0.104095    -0.630769    0.503880
1.171297    -0.453916    1.362021
2.661378    -0.033523    -1.711674
-0.060483    0.891594    0.281002
1.873866    0.264416    0.061831
-0.946031    -1.722886    -0.191770
-0.110663    1.648101    0.255841
0.217316    0.024053    -0.779982
-1.689983    -0.166443    0.534867
-0.260443    1.568561    -0.073832
2.857750    -0.344437    0.255052
-0.449999    0.878491    0.316708
-0.295604    0.455860    1.112688
-0.891701    1.053310    0.744050
-1.201891    0.801697    0.367327
-0.137457    -0.921138    0.726073
-0.643456    -0.035460    -0.158896
-0.958188    -0.369890    -1.005424
-1.075648    -0.040889    -1.738332
1.684447    -0.458389    1.416315
0.332576    0.113948    -0.442023
-1.110439    -1.654599    1.761860
-0.957456    0.475926    -1.189346
-0.424793    0.074284    0.357320
-1.510049    -1.690776    0.160824
-0.475335    0.746280    0.793053
-1.020430    -0.855247    0.343936
0.366030    -0.640594    -1.477509
0.223951    0.356013    1.761585
-1.336553    -2.005793    -1.446359
1.089140    0.476916    -2.037895
1.737757    0.558893    2.541393
0.010579    0.910354    -1.761536
-1.855152    -0.654480    -0.881557
-0.706320    -1.261057    -1.323996
-0.315214    0.714148    0.345868
0.523727    0.881972    -0.567722
1.351532    -0.111665    0.691836
0.792952    -1.833890    -1.052174
-0.257863    0.769906    -0.548754
1.500572    -0.503159    -1.381675
0.085546    1.622242    1.306589
2.837639    0.110924    0.172954
-1.098562    -2.239355    -0.205083
-0.490255    -0.599873    -1.783122
0.707170    -2.133349    0.077560
-1.438800    -0.398258    -0.841121
0.722325    0.647036    0.183336
1.715781    1.458785    0.958578
1.380137    -2.151888    2.172979
-1.039741    0.473721    0.220766
0.119879    1.729563    0.519921
-0.966005    1.307667    -0.404431
-0.981395    0.605459    -0.193854
-0.672493    1.755454    -0.143782
1.178473    -0.504855    -0.237210
0.822800    1.291354    0.284978
1.168514    -0.645722    -1.957526
1.263588    1.039985    -1.011231
1.734595    -0.726346    1.074504
0.824000    -0.361512    -0.453513
0.812059    -2.291926    -0.383401
0.651691    1.248730    -0.709476
-3.856721    1.301020    0.869353
1.932110    1.717791    1.555579
1.165583    0.318619    1.578055
-0.878329    1.050047    1.065560
-2.172996    1.044219    -0.639055
-0.592929    -0.457512    -1.599959
1.111009    1.714893    0.084919
-1.794564    1.077429    0.718488
0.570736    0.997464    0.215389
2.369554    0.613733    1.640889
-0.593538    0.381038    1.565404
0.001441    -1.145910    0.575504
-1.441769    0.080169    -0.603963
-0.727022    1.537744    -0.486119
-0.347817    -0.991009    0.517624
0.484501    -0.316946    -0.622611
1.328639    0.923830    -0.622832
0.986633    -0.285107    -2.444364
-0.368234    -2.191893    1.018937
0.086204    -0.824323    -0.407440
1.320543    0.077363    -2.070747
-0.312254    1.062231    0.996030
0.545085    0.311516    0.541545
1.358130    -0.129599    0.716073
0.183552    -1.481427    1.231000
-3.296566    -0.848276    0.576754
-1.567349    0.710709    1.464177
0.654142    1.702979    1.810223
0.701671    0.259628    -1.455722
0.723794    -0.103788    0.123661
0.978020    0.924508    1.798539
-0.686466    2.215257    0.233327
-0.573992    0.451730    0.556544
0.168049    1.909905    -0.495560
0.437257    -0.261632    -0.577649
1.001377    -0.973973    0.958071
-1.863341    0.153561    1.104089
-0.079128    -0.529192    -0.880579
-0.233686    1.119756    -0.627914
1.806261    2.357502    0.878303
-1.723622    1.511846    1.856218
-0.399274    -0.368764    0.446889
1.846759    -0.172518    -1.947345
2.493748    -0.931750    -2.002708
0.716029    0.997352    1.123601
-1.476251    0.471779    -0.526097
-0.953138    0.536045    -1.408172
0.760488    -1.248934    0.024741
-0.352369    -0.011354    1.402640
-0.313726    0.385913    0.729997
0.490500    -1.004009    -0.874982
0.448943    -0.943382    0.646143
0.336907    0.663972    1.759981
-0.063061    -2.145086    1.262620
1.856307    -2.435485    -0.831463
1.297400    -0.906656    0.737748
1.498162    0.661293    -0.624202
1.436581    -1.681254    -2.156301
-1.232398    0.332941    0.278982
1.722726    -0.227999    -0.707329
-1.162905    -1.499465    1.370862
0.832198    -0.309255    0.023686
-1.873548    2.373659    1.805554
-0.474375    1.151738    0.769512
0.377714    -0.630411    -0.226370
-0.242135    -0.448711    1.654519
-0.566987    0.291593    0.239748
0.032027    -1.376396    -0.370095
-0.869951    -1.901334    -1.824463
0.002999    1.163616    1.020817
0.444466    -0.935808    -0.435137
-0.055007    -0.971887    -0.417189
1.963660    0.954560    -1.214537
-0.386784    1.735047    0.969828
1.395696    -1.611039    -0.564226
-1.176983    0.003285    0.624393
1.778350    -1.399481    -1.112551
-0.361220    -0.145738    0.841509
-0.132331    -3.710489    0.877756
-1.485825    1.285328    -0.691306
0.794557    -0.750228    -0.667322
-0.154614    -0.622190    -0.440244
-1.506754    -2.152399    -0.483784
-1.199652    -0.190591    -0.257468
0.191013    1.425850    1.057841
-1.031685    -0.395238    -3.551812
0.209019    0.432904    -0.452529
1.029993    -1.442348    -0.768529
0.700233    2.058623    1.955557
1.027924    0.836305    -1.017997
-0.278972    0.054748    1.388663
0.314157    0.732580    -1.362325
-0.781942    2.223287    0.318810
0.746316    2.070710    -0.247243
-0.138810    -0.258205    -1.252843
-1.156319    0.241879    -0.445383
-0.777028    -1.364784    0.041489
0.077515    1.393317    -1.843251
0.113327    0.000773    -0.468146
-0.921274    -0.591154    -1.559415
-0.169525    0.183399    -0.380637
0.271081    0.397130    -0.514399
-3.159768    0.161153    -0.101149
0.783884    0.284750    1.327950
0.922011    -0.351409    -0.273822
1.901829    -0.997946    2.226146
0.839577    -0.091137    -1.004316
-0.952527    -0.568033    -0.978520
1.219239    0.927495    -0.296320
0.331189    0.502760    -1.328261
-0.676030    0.811917    -0.401456
0.686154    2.495564    -1.177207
-0.117077    -0.819909    -0.613831
-0.002829    -0.213651    0.225648
-0.962655    -0.817002    0.395461
-0.755589    1.385869    0.304554
0.469182    0.257841    -1.759179
0.930437    -0.187466    -1.867403
-0.349120    0.842235    -0.654652
1.289807    -1.323617    1.172568
-0.463061    -1.074030    1.297709
1.506766    -0.142710    -1.238291
0.161900    -0.855940    1.918194
-0.133922    -1.932109    -0.482321
0.117780    -0.799126    0.712315
2.910408    -0.457642    1.002368
1.081226    -0.097076    1.756672
0.262744    -0.805097    0.430766
-0.133160    -0.731632    1.065564
0.076086    0.914936    -0.450222
-0.172767    1.362117    -0.634733
1.490087    -0.237990    1.901084
0.280075    0.149397    -0.003125
0.104555    -0.637024    0.555745
-1.036561    0.342188    -0.292599
-2.082548    1.314365    -1.306365
-2.187614    1.087046    -0.341796
-1.872944    -1.033548    -0.773500
0.181129    -0.934588    -0.157648
0.231000    -1.704855    -0.483435
1.292300    -0.508114    0.418465
0.793515    0.672408    0.981079
0.002997    -2.366759    -1.245344
0.275287    1.874775    0.768120
-0.748215    1.855258    2.217976
-1.935261    -1.125524    2.190814
-0.998511    -0.816895    -0.856140
-0.401887    0.499201    0.374888
-0.858301    0.239618    -0.292163
-0.600601    1.672691    -1.586055
-0.230299    -0.826524    2.764468
-0.212943    -1.802163    -0.832042
1.359992    1.421488    -1.489210
-1.213822    0.630948    -0.686441
0.828861    -0.989704    -1.660788
-1.245575    0.323760    0.178295
1.193927    -0.154219    1.607093
1.067919    0.630992    0.609559
-0.224869    0.277916    -0.345170
-0.707410    -0.186298    1.261663
0.589430    -1.506470    -1.123546
-0.992736    1.171746    1.411932
0.662562    -2.317031    1.722784
-1.691284    -0.635166    -0.648037
-0.755884    -0.753940    0.867221
-1.145096    -0.288699    0.110382
-1.367265    -1.503153    -1.011235
0.119829    -0.745167    -0.204752
-0.904554    0.234721    -1.012330
1.342514    0.077076    1.183927
0.932909    -0.961538    -1.331337
1.364717    0.774421    0.251087
0.252896    -1.129030    2.363985
1.480415    -0.699970    -0.235104
0.019552    0.956094    -0.100430
-1.114864    -0.826784    -0.930581
2.081133    -1.053282    1.559257
-2.288318    0.740997    3.047619
1.102297    1.343425    0.881837
-0.093320    -0.665342    -1.085441
-1.967968    0.263114    -0.264426
0.682786    -1.085065    -0.987062
-0.720965    1.347287    1.298362
0.115951    -0.772437    -1.527890
0.777252    -1.267387    1.209033
0.291712    -1.464102    1.137096
-0.209313    -0.801825    0.964302
-2.941802    1.936020    -1.024265
-0.137081    1.291818    2.045897
0.746077    2.740403    -0.878580
-1.879926    -1.240237    1.670688
-1.436993    -0.479595    -0.616798
-0.238932    -1.279849    -0.399275
2.338404    -2.539538    -0.145410
-1.536169    -0.550680    -1.136650
0.062524    -1.217361    -0.211960
-0.398982    0.943826    1.936127
-0.062523    0.965126    2.052215
-0.873106    -1.530032    1.719592
1.885061    1.712230    2.147532
0.775140    0.932880    0.456819
-0.865834    -1.917570    0.295337
-0.668870    -1.693221    -0.218852
-0.734419    1.650508    -1.181399
0.390685    -0.088444    -0.285014
0.450475    -1.019755    0.137668
-0.835953    0.207786    1.455531
0.383110    -1.959801    0.970120
-0.272227    0.165843    -0.720565
0.220519    -1.100648    -0.762701
1.839102    -0.569354    1.385735
0.476335    -0.647886    0.909221
-0.255835    -0.389541    -0.639641
-0.736864    0.438247    -0.286807
-0.419641    -1.440035    1.807346
1.112839    -0.462199    0.521080
-1.327296    -0.200357    0.775582
1.395710    -0.626981    0.569561
-1.455209    -0.655553    1.448511
0.437972    0.302126    0.302259
-0.486621    -0.594732    1.396839
-0.937069    -0.883163    1.179549
-1.186571    0.585318    0.162266
-1.010329    -0.793163    -0.491015
1.287525    1.248088    -0.732151
-1.638616    -0.550256    -1.298824
1.131315    -0.440066    0.506410
-0.488513    2.064001    0.552780
0.410909    0.161110    0.913345
1.145078    1.968733    0.816373
-0.875580    0.804677    0.267549
-1.673887    1.911820    -0.816426
0.303429    0.383023    0.467616
0.214365    -1.191148    -0.638507
0.084429    2.037563    -0.539699
0.521797    -0.669852    0.199573
-1.777697    0.438947    1.072108
-0.032761    -0.080168    0.655469
0.609143    -0.671341    2.381843
0.211905    1.268339    0.147868
0.926704    -1.412605    -1.055623
-0.953079    -0.198625    0.407166
-0.060000    -0.498660    0.951086
-1.675756    -1.900636    0.531978
-2.062995    -1.059114    -0.767723
1.360616    1.897312    -0.632963
-2.096739    0.416112    0.274356
-1.202561    2.473864    0.249077
1.576985    -0.299086    2.656685
-1.781444    -2.505508    -0.532268
-0.460427    -0.564354    0.678724
-1.593256    -0.393333    2.027280
0.947646    -2.155914    -0.890668
-0.913845    -0.940430    -2.287710
0.325072    -0.640332    0.458590
1.864441    0.003400    0.886853
2.184480    -2.164862    -1.270612
0.588795    -1.470202    1.334163
-1.197493    -2.139086    -1.333655
-0.364646    -0.036039    -2.108330
0.231826    1.527597    1.741103
0.993922    1.023212    -0.142710
1.400003    -1.096019    0.655924
-1.054659    0.792891    0.512887
2.038450    1.135411    -0.902478
1.103837    -0.481211    0.404221
-0.178950    0.903797    1.422209
0.092019    0.775651    -0.220108
-1.851423    -1.833776    -1.258639
-0.764174    1.095401    0.076837
2.797592    -1.908722    -0.523779
1.782133    -2.342300    -0.397753
2.097120    0.440435    -1.710340
-0.188675    -0.422675    -1.077862
-0.358992    -0.150858    -0.190647
1.468285    0.143097    1.152874
-0.222413    0.052910    -0.378926
0.465640    -1.168123    -0.876635
-0.012615    -0.392833    -0.564072
0.507060    -0.832426    -1.058868
-2.119852    1.739841    1.948352
-2.847833    -0.445770    -0.765562
0.000032    -0.155226    1.154632
0.954870    -0.659572    -0.339772
-2.278232    1.064798    0.397924
0.502126    1.471476    -1.402994
2.467899    -0.456777    0.470862
1.712682    -1.513004    -0.119608
-0.769687    -1.109024    0.371784
0.682599    0.015853    -1.687283
0.659424    -0.405895    -2.245683
0.107006    -1.572053    -0.792000
0.315776    -1.254726    -0.620474
-1.428201    -0.281794    0.774693
-0.231926    1.672791    -0.912067
2.007692    0.620753    -0.238881
-0.218542    -0.523749    0.085415
-0.227998    0.211318    1.038226
-0.056741    -0.192948    1.080931
-1.505598    -0.937440    -0.232693
-0.380578    1.295560    -0.988907
2.010746    0.492625    1.025229
-1.892022    0.825313    -1.494723
-1.788722    0.291952    1.693274
1.469424    0.527945    0.045770
-1.737609    -0.430803    -0.429612
0.301261    1.223335    0.605433
-0.033729    0.399939    0.496544
-0.016109    -1.572758    -0.137971
2.725575    -1.000230    -0.927706
-1.664199    -1.396383    0.854827
1.763414    0.303126    -0.310950
1.433078    -0.736573    0.846985
-0.729306    1.271097    -0.561995
-0.127888    0.811245    0.716376
1.106547    1.378799    -0.759424
-1.028609    -1.147704    1.398269
-0.919117    -0.183688    -1.253363
-0.620459    1.947981    0.807942
0.297468    0.998961    0.274242
0.363678    0.004278    -0.303873
-0.077082    1.954091    -0.613133
0.131753    2.267900    0.124890
-0.480481    1.011870    -0.344514
-0.885502    0.299023    0.103957
-0.722173    1.407679    1.676775
-0.635684    -2.343601    -1.788547
-0.333192    -0.771446    0.704049
-1.675655    -0.689418    -0.392497
1.794175    -0.982111    0.772436
-0.214693    -2.485787    0.630797
0.803274    0.351622    0.700551
0.034996    -0.341365    -1.422639
1.128786    -0.688674    -0.305424
-1.309986    0.759134    2.078009
1.362517    -1.105033    -1.556761
0.648643    0.126017    0.998275
-2.508372    1.853458    0.304832
0.536052    -1.550227    0.352911
0.765809    -0.523306    1.614456
-1.956361    -0.414332    -0.920324
-0.507563    -1.484878    0.087202
0.073940    1.505479    -0.735593
0.124380    -0.764716    -1.075182
-3.117311    -2.372874    -0.037141
-0.118649    0.371005    0.856848
2.512502    0.095171    -0.102566
-1.418072    -0.597155    0.592015
-0.620655    -0.385302    -0.931573
-0.327764    -0.040381    -0.031669
1.102508    -0.930427    -0.465203
-0.895205    0.718492    0.515159
0.521035    0.232406    -0.190942
-0.260773    0.225336    -0.376652
2.387718    0.452618    -0.532079
-0.981908    -0.622723    0.588344
-0.956546    0.452727    -1.344107
1.887135    -1.629836    -1.593960
1.205090    0.219711    -2.600570
-0.317522    -2.230389    0.609111
-1.220383    -3.374764    -0.827076
0.772444    -1.478723    0.059943
1.039899    -0.689385    -1.453004
-0.254378    0.862321    -1.700348
-0.385806    -0.048476    -0.197100
0.146555    -0.570553    0.605831
1.461994    0.104165    -0.229045
0.545518    -0.688051    -0.062989
-0.447590    -2.321285    0.447919
-0.633205    1.024590    -1.994227
0.903011    0.804600    -0.772052
-0.432236    -1.066144    0.164901
-0.779815    -0.255772    -0.090309
-2.048450    1.450423    2.229977
0.412533    0.242612    -2.075322
2.085636    -1.084299    -0.448148
1.303673    1.857122    1.605250
1.189355    0.576238    1.080259
1.183081    1.666668    0.509764
0.138713    -0.494218    0.157165
-0.146673    0.659763    -0.164464
-1.525120    0.097382    0.644024
-0.512780    0.633445    -1.238383
2.748250    0.611365    0.087693
-1.375398    0.359693    0.096848
-1.445738    0.095331    -0.826062
1.527163    -1.124438    -0.143583
-2.240894    -0.098941    0.409796
-0.170935    -0.473194    -0.402941
1.300516    -0.459594    0.479191
-0.442493    -1.289558    0.351910
0.571411    0.505760    -1.707854
-2.044676    1.248896    -0.491178
0.144981    -1.574179    2.016978
1.458834    -1.364110    -0.900480
-0.458651    -1.789481    0.127728
-0.546150    0.627378    -0.423572
1.728882    0.438397    -0.947530
-1.651550    -3.581001    0.995757
1.384635    -0.795327    0.560839
-0.319161    -0.231578    -0.785165
1.237698    -0.157515    0.613897
1.609588    -0.836855    -0.789112
0.372046    0.344389    1.958612
0.469905    2.469605    1.348055
0.893725    0.535005    0.349134
-0.816382    1.440404    -1.170545
-1.497278    -2.186581    0.399253
1.017027    -0.508287    1.244280
0.712517    0.635181    1.813637
0.080088    0.656231    -2.516827
-0.818980    -1.335142    1.166991
-0.593775    0.572809    0.388481
-1.860240    -2.089545    -0.459033
0.526823    0.391415    -0.591074
0.248994    0.136997    0.356548
0.615226    0.172297    0.064781
2.588237    -1.529115    0.141697
-0.473264    -0.729137    -0.217947
-0.238593    0.640688    -0.181205
-1.029613    -0.086166    -1.139864
0.667450    2.258630    1.945885
-0.342857    -0.526665    0.051217
-1.963050    2.110497    0.910608
2.337991    -0.222199    2.775476
0.201547    0.419916    -0.632902
0.821165    0.237677    1.006527
1.089030    0.619559    0.756644
-1.157286    2.004591    0.910288
-1.170486    1.548928    1.151003
0.935262    -1.459402    1.492724
0.852456    1.829551    -0.756357
0.414674    -1.028227    1.610562
-0.747720    -0.026316    -1.511979
-1.169981    -0.277594    -1.247383
-1.670463    0.277829    0.800684
0.363876    1.000259    -1.422294
1.053610    0.568790    1.483077
0.852734    -2.802893    0.613630
2.447258    -0.479853    2.304124
-0.807424    1.010013    -0.240148
0.522183    0.282737    0.199017
-0.387949    1.414979    0.866737
-1.029576    -0.083602    2.026032
1.148453    1.370739    0.293851
-1.209665    -0.414392    -0.231480
0.809963    -3.163443    -0.184330
1.624261    0.531664    0.704175
1.074188    -2.126680    -0.402471
0.119021    -0.129639    -1.330047
-0.843798    -0.152182    -0.570853
0.090504    0.724621    -2.037065
-1.021210    -0.864095    0.235367
-0.947645    0.142760    -0.129047
-1.376755    -0.318877    0.482023
-0.448121    -1.374187    2.734386
-0.947659    0.222745    1.069483
-2.165554    1.176967    -2.441643
-0.629936    0.177711    -0.817563
0.848553    0.038724    -0.024724
0.042239    -1.883622    0.064798
-2.145120    0.221083    -0.104875
0.730436    1.834983    -1.606638
-1.894479    0.088694    -0.017720
0.017990    1.928008    -2.580474
0.112766    0.289517    0.930456
0.023356    -0.022302    -1.116408
0.768903    0.659113    -0.001071
0.341293    1.067211    0.808179
-0.237686    0.079289    -1.101131
-0.032356    1.381214    0.595815
2.658884    -0.018743    1.610129
2.722622    -0.353733    0.194047
-1.010253    0.549067    -1.236908
-1.136210    -0.411755    -1.174284
-0.969150    0.651746    -0.454891
-0.000054    0.701937    -0.258333
-1.181036    1.378709    -1.428901
-1.077836    -1.372563    0.364679
-0.576457    1.154910    1.149648
-0.372425    -0.846400    0.583134
1.485411    0.066284    0.078988
-1.372901    0.635677    -0.630457
-0.799777    -1.127350    0.373375
1.130291    0.524032    0.237436
-0.709512    0.261538    -0.729479
-1.362103    -1.318192    0.278640
1.487967    -1.001050    0.826775
1.178996    -0.769051    1.666796
0.829535    0.193977    -1.364588
-0.548513    2.128064    1.856443
-2.097841    -0.429589    0.461364
0.097694    0.119392    0.138950
-0.674391    0.218334    0.068850
0.107513    -1.138536    -2.021158
-0.233013    -0.933390    1.145661
-0.854377    0.340178    1.248491
0.853832    -1.493134    0.381905
-1.505575    2.218580    -1.414255
0.544459    0.710992    -0.727932
0.660017    -0.523490    -0.662004
1.421121    0.032800    -0.574100
0.487574    0.564343    1.494363
0.468347    2.021440    0.639084
-0.569331    0.259772    0.142163
0.266734    0.629460    0.419322
-0.650417    -0.584488    0.656526
0.441662    -1.284900    0.660082
0.065718    -1.643759    -0.807843
-0.512799    1.093596    -2.161840
-0.669253    1.576205    -1.693710
-1.488136    -2.296021    0.148278
-1.576001    -0.677856    -1.794040
0.769567    1.492675    -0.862373
-0.131602    0.689113    -2.434928
0.926117    1.381958    -0.269536
0.040920    -0.334873    -0.025337
0.857872    -1.214995    -1.039912
0.362560    -1.444684    0.105344
0.409338    -0.119416    -1.453831
-0.147321    0.983995    2.921557
0.834074    -0.697744    -1.981359
-1.348062    1.031804    0.114605
-0.190824    -0.540452    -0.979811
-0.401718    -1.620266    0.726183
-1.633754    -0.979666    -0.502707
0.354115    1.606587    -0.161248
-0.747077    0.487990    -0.669255
-0.828944    -0.438514    -2.011218
-0.132963    1.763463    -0.551269
2.550331    0.830363    -0.260449
-1.208063    0.836230    1.409655
-0.239720    -0.029615    -1.603111
1.089222    -0.541377    -1.026990
-1.900400    0.490990    0.095427
1.249467    -1.820910    0.212036
0.617367    -1.696177    -0.359660
-0.058006    -0.811869    0.277865
-0.993841    -0.091868    -1.587596
-0.601799    -0.841569    -0.259418
0.430309    0.172948    -1.198322
0.089371    -1.078226    -0.439407
0.140402    -1.302265    -0.879583
1.144779    -1.187049    -0.026956
-0.833609    -1.390273    -1.288973
-0.695520    1.986606    -0.163134
-1.946150    -0.313664    0.151740
0.317661    0.895196    0.786478
1.257698    -0.704289    -1.098031
-0.581340    -1.129150    -0.430771
1.239171    0.857309    -1.639457
2.264184    -0.977348    -2.124913
0.898738    -0.589672    2.308322
0.187516    -1.027781    -0.747004
-2.219568    -0.343654    -1.544456
0.632096    -0.443778    -2.035129
-1.457941    -1.218603    -1.321076
0.534724    -0.214076    1.587645
2.349481    -1.658172    -1.432245
1.902278    1.724664    -0.426065
-0.917816    0.410711    -0.487545
-1.196648    2.253272    0.274493
-0.441387    -0.640015    -1.585232
0.376662    -0.747728    -0.981183
-1.234878    0.034318    1.003269
-0.744483    0.342201    -0.288927
1.192545    0.444936    0.534686
-1.010645    0.921159    2.273043
0.618084    -0.441733    1.615311
0.470574    -0.972520    0.989411
0.662178    1.212103    0.007984
1.197555    -1.072390    1.103193
0.219562    0.043780    -1.566631
-0.659639    0.685751    -1.076761
-0.118649    -1.390036    -0.124067
1.522905    -0.091248    -1.601887
-0.163703    0.261724    0.158767
-0.999803    -0.367971    0.048887
0.663557    -2.093974    0.293451
-0.977600    0.301264    -1.781367
1.970423    -0.227769    -0.334504
-0.992228    0.624641    -0.192203
-3.502255    -0.486346    -0.442567
-0.209427    0.123901    -0.564230
1.121163    1.535640    0.740315
-1.386242    -1.008193    1.299243
-0.189579    1.534301    -0.686909
-0.162488    -1.150621    -0.821281
-1.111365    -0.518506    0.826581
1.150262    -0.502725    1.736803
0.094323    -0.331121    -0.178073
-0.675294    -0.763709    -3.656989
1.015618    -0.429435    -0.006764
-0.873000    1.185041    0.768042
-1.021599    -0.084134    -0.714345
-0.918246    1.039031    -1.754404
1.268105    1.060152    0.537642
-0.415770    -1.570864    1.107070
0.454220    1.368956    0.121170
-0.338094    -1.405874    -0.350310
1.400144    -1.224540    -1.846830
0.207748    -0.161264    -0.836778
-0.623562    0.539350    -0.830079
0.564044    -0.813060    0.913334
-1.794797    0.725543    -0.271119
-0.164643    0.926913    1.238457
-1.714435    0.429058    -1.119658
0.579627    -0.540720    0.801465
0.823705    -0.644134    0.100073
-0.238737    0.848757    1.190849
1.420307    3.417756    -1.124661
-0.130457    -0.856521    -1.797830
-1.246490    -0.026292    0.703440
0.992409    2.129898    -0.886161
0.658721    -0.385315    0.228490
2.188822    -0.104461    -0.036492
-0.501315    -0.622733    -1.525779
0.132230    -1.488875    -0.713262
2.253543    0.200057    0.325266
0.385562    -0.050792    -1.370032
1.126648    -1.613101    0.272362
0.535448    0.472042    1.320194
1.513799    -0.841006    -0.277784
0.744165    1.867579    0.393929
1.247201    0.258066    1.163298
-0.062790    0.515916    -0.023675
-0.135383    -0.069600    0.157406
-1.367954    0.680331    -0.954023
0.359879    -0.652921    -1.481486
0.816854    1.737807    1.089398
-0.155501    0.145608    1.691954
-0.323818    0.515765    -0.323102
0.795556    -0.892744    -0.090045
0.799379    0.708284    0.427485
-1.525061    0.393559    -1.447213
0.683251    -1.265321    0.037438
0.242089    -1.817801    -0.629022
-1.766937    -0.235853    -0.985324
0.283272    -1.027745    -0.311963
0.438889    0.695002    1.136392
0.037352    1.310711    1.343535
0.228705    -0.780983    -0.851314
-0.623499    1.854268    1.217972
0.442175    0.667463    -1.164472
-0.830121    -0.625904    1.983937
-0.008155    0.381416    -0.598284
-0.499817    -1.576274    -0.686333
0.071129    0.542699    0.542762
-0.498532    0.175054    -0.400867
-0.962948    1.509891    -0.601986
-0.476439    0.695529    1.647966
0.231445    2.142367    0.149904
-0.997595    -0.456755    -1.053999
-0.860991    0.169883    0.295466
1.343505    -0.019115    -0.051079
-0.249832    -1.705742    -0.248359
0.386650    0.465701    1.215537
0.952429    -2.287259    0.466104
-0.242310    -0.161806    -0.548975
-0.196085    -0.677481    -0.610775
-0.646792    1.584700    -0.545878
0.562312    -1.252634    -1.171977
-0.300323    -0.971864    -0.281671
0.223737    0.285937    1.170310
0.478004    1.328252    0.806404
-0.044315    -1.964508    1.050882
-2.323895    -0.283049    -0.528375
-1.065441    0.034248    -1.194115
-1.055472    -1.647420    1.403830
-0.648696    -0.126027    -0.983802
-2.858249    0.630517    2.135698
3.950215    0.023176    0.913764
-0.768733    -0.723568    1.104952
1.942625    -1.819430    1.100081
1.884118    -0.082097    1.713041
0.819044    0.485696    0.871295
1.581235    0.422329    -0.237953
-1.018654    -0.282101    0.408422
1.998319    -0.095310    -0.746917
-0.285530    -2.636848    0.161432
0.295380    -1.844501    0.203201
0.765243    -0.990322    0.884656
1.168352    -1.930970    -0.248496
-1.118243    0.429723    -0.989529
-0.702231    -0.224189    0.323523
0.784123    0.222238    -0.245153
0.016539    0.456941    1.871390
-1.468175    0.958439    0.037633
1.110368    -1.009169    1.291616
-0.335762    -2.145731    0.485457
0.728736    1.693780    0.017564
-1.226846    -1.303313    1.000908
0.477644    -0.038853    0.871657
-0.302288    -0.162928    1.078515
-1.765291    1.049047    0.379422
0.576172    1.080884    0.057898
0.470439    1.388318    -0.516909
0.228288    -0.282147    0.693707
0.694302    -0.792628    -0.180010
-1.581869    -0.173130    1.010978
-1.267955    0.247291    2.111343
-0.278162    2.705056    -1.060500
0.122866    -0.273273    0.369885
-0.759539    1.017907    -0.469211
-0.644190    -0.368169    -0.363609
0.037154    3.170274    0.386020
1.420790    1.930988    0.248737
-0.382265    0.965001    -0.072219
1.246762    -0.153073    1.380149
-0.364183    -0.273448    -2.387125
0.984701    -1.229665    -1.089869
-1.446990    -0.038275    -1.650725
0.164535    0.266652    0.160426
-1.465855    0.638261    -0.663127
-1.314160    1.972110    1.046318
0.870205    -2.165870    1.942120
-0.067883    2.119129    1.928207
-0.089757    -2.516248    -1.286509
-0.050535    0.964747    -0.115008
1.638718    0.281553    -0.544051
0.305037    -1.683983    -1.070633
1.443103    1.233529    -1.265107
0.044621    -0.141331    -0.447929
-2.113686    -1.549571    -0.125108
1.038203    -0.754766    0.866716
0.279522    0.150026    -0.511804
0.762276    0.420090    0.418901
0.286334    -0.049552    -2.371888
-2.240731    0.098523    -1.068060
-1.089653    -2.374521    -1.000378
2.196162    1.870846    -0.601011
-1.135086    -1.595726    1.012604
0.427463    2.422812    -1.498336
-0.004084    1.051051    0.307745
0.617856    -0.805378    -0.246507
-1.405436    0.150306    -0.638350
0.865404    -1.193857    1.316659
-0.871859    -1.172371    -1.197858
-1.652326    -0.892121    0.618044
-0.703888    -1.178488    1.622591
-0.862018    -0.525632    -0.970545
-0.619222    -0.931505    -0.671792
0.078077    1.227365    -0.716254
0.468168    1.554208    1.380432
0.272300    0.350361    -0.433861
0.783342    0.215914    -0.059453
-0.292666    -1.040205    0.990439
1.216688    1.879233    2.764906
0.256107    0.333760    -0.125218
2.728637    0.899026    -1.918773
-0.106226    -1.443224    -3.598973
-0.552150    0.121362    -0.322895
0.357759    0.799884    -0.298953
-0.234730    -0.707789    -0.950544
-1.520826    -0.368903    0.854948
-0.867550    -0.013079    1.365846
3.231594    0.495575    -0.139720
-0.489430    -1.174815    -1.692479
-1.294772    2.049417    1.189561
0.594659    1.078506    0.285324
1.179480    0.063767    -1.651352
-1.467736    2.352463    -0.145658
-0.581694    -1.342631    1.168133
0.792098    -0.224927    -0.049075
-0.257585    1.828070    0.846759
-0.090170    -0.597649    1.744553
0.205981    -0.929161    -0.650067
-0.253123    -0.231342    1.879527
-0.349412    -0.853161    0.578549
-1.578343    -1.269551    0.508170
-1.257726    -1.886062    0.730775
0.567750    -1.743467    3.250609
-1.879355    0.773108    0.067907
1.546870    1.516601    -0.122437
1.986856    -2.211665    -0.459374
2.569648    0.358697    -1.501859
-1.124515    2.297873    0.264593
1.215734    -2.270980    -1.275708
1.187437    0.607829    0.114636
0.845954    -0.718449    -0.914150
1.955864    -0.346900    0.240796
-0.766015    -0.903943    0.429716
-0.390974    -1.426333    0.154477
0.260051    0.204995    -2.357576
-0.384781    0.318858    -0.921167
-1.845609    -0.771541    0.001393
0.220014    -0.433895    -1.220353
0.025631    0.726888    1.042564
-0.486662    0.998038    1.519529
0.649535    1.566477    -0.571952
0.639208    0.754983    0.029650
0.191092    2.262408    1.255109
-1.036742    0.937448    0.654114
0.899267    -0.359431    0.588505
-0.045781    -0.595473    -1.015034
0.085914    0.063206    -0.924438
-1.220888    0.644942    0.128273
1.742702    0.965497    -1.380298
-2.033943    0.239651    -0.804293
0.262798    -0.539883    -0.908644
1.410106    -0.903456    -1.463319
-0.802028    0.318057    1.146451
-1.481290    1.780864    -0.344623
0.491429    0.225695    -0.867434
4.153810    1.207223    0.713656
-1.710456    -1.682440    1.367525
-0.445337    -1.758560    0.430100
0.575401    -0.635707    -0.015798
2.002395    1.323307    1.190301
-0.268903    1.174009    1.268067
-1.030825    -1.670313    -0.814492
0.679043    -0.221530    0.497268
0.609242    0.466185    -1.364354
0.592256    0.830343    -2.057716
-1.113573    -1.146872    1.407466
0.921556    -0.326406    -0.622953
-0.825630    -1.598655    -0.054670
0.239502    -0.049217    2.212620
-2.582339    -0.286009    0.457936
-0.714051    -0.380617    1.224139
0.040069    -1.289439    1.246733
1.284850    -1.461556    -0.295148
-0.556820    -0.031622    0.173305
-1.174329    0.468168    -0.671761
-2.321005    0.299676    -0.259473
-1.894505    -0.719748    0.008170
-1.531315    0.339087    -0.571534
1.018552    1.710852    -0.760340
-0.767544    -1.065244    0.213405
-0.992750    1.252196    -0.375056
-1.602138    0.777049    -1.959735
1.039993    1.214865    -1.387475
0.324841    0.392066    0.514099
0.857021    0.752900    0.152579
-1.358469    1.428898    -0.168231
-0.741748    -0.621437    -0.437875
-0.007958    -0.717681    -0.455935
-1.001296    1.224604    0.531460
0.693207    1.258098    -0.537186
-0.010160    0.400154    -0.483397
-0.905805    1.400289    -0.551989
0.615392    -1.102012    -1.700271
2.305904    0.404547    -2.159299
-0.229298    -0.146352    -0.916488
0.540449    0.716606    -0.082972
0.877929    0.216702    -0.044065
-1.378990    -1.125272    -0.394649
-0.243293    -0.993507    1.352467
-1.580605    -0.283384    -0.495001
-2.413234    1.329565    0.550077
1.325117    1.855135    0.875159
0.752591    1.244030    1.524423
-0.797365    1.786379    0.145293
1.857835    0.326531    0.278063
-1.187791    -2.088116    -1.486874
0.747729    -0.058260    1.100643
0.195335    0.148988    0.776856
0.803458    0.033492    0.489642
-0.578766    -0.579471    1.425060
0.726943    0.540967    0.447722
1.349637    -1.155700    0.966121
-0.450867    1.241624    1.027084
-0.254176    -0.176041    0.178403
0.207869    0.972877    -1.505285
1.299106    1.753185    -0.335061
-0.372431    0.565402    2.735191
0.513695    -0.526344    -0.725745
-0.015621    -0.540723    -0.002908
0.700032    0.195337    1.834548
-0.769962    0.419982    1.330310
-0.418570    -2.100388    0.392416
-1.779355    0.087328    3.045128
-0.738022    -0.285272    0.624310
1.351560    0.620709    -0.244950
0.252660    -0.718036    -0.018633
1.447206    -1.509305    -1.413336
-0.045152    -1.009494    0.042238
2.967986    -0.196616    1.422879
-0.121409    0.316754    1.769042
-1.290294    -0.565064    -0.998585
0.425978    -0.845753    0.759680
0.002895    -0.921209    3.011626
-2.467372    -1.146481    0.246248
0.427164    0.327093    -1.784991
1.084499    3.032463    0.127258
0.225133    -1.452895    2.711674
-0.248001    0.604296    -1.002439
-0.684198    1.830773    -1.522213
1.334715    -0.478658    -0.503313
-0.223800    0.738701    0.995429
0.399300    -0.978835    -0.910083
0.718130    -0.148661    -1.023316
-0.152513    -0.827420    0.426842
-1.749602    0.092749    -1.425354
0.268501    0.731969    -1.131533
-0.233777    -1.577805    0.708836
-1.894058    -2.033557    0.075632
0.253946    -0.324445    1.047855
-0.788755    -0.087894    -0.051231
0.371514    1.906568    -0.181878
-1.047330    0.110262    -0.248421
-1.941236    0.566162    0.705920
-0.519763    -0.759820    1.041566
0.363332    -0.464742    -2.294244
-0.528060    -0.543078    0.243368
-0.187707    0.198235    0.070517
0.206563    -0.478417    0.073652
-0.282981    -0.238775    -0.843243
-1.553814    -0.481089    -0.022514
2.291942    -0.894752    -1.656315
1.413377    -0.934284    -1.445406
0.221979    -0.792726    -1.410478
1.157298    -0.541308    -0.394522
-2.190700    -0.937378    0.125985
0.246379    -0.075158    -1.689504
-0.009123    -0.812841    0.844481
-1.021410    1.065349    1.751899
0.697947    -2.033181    1.046669
-1.024424    2.386133    -0.842565
2.566719    1.381984    0.814532
1.354324    0.521258    -1.914688
1.500458    0.069816    0.316746
1.189012    0.374344    -0.403337
-0.106663    0.179701    -0.680434
0.583997    0.099522    0.014578
-0.428875    2.083296    -0.036318
-0.300831    -0.672487    -1.569305
-1.226358    0.882601    0.420146
-0.750418    0.513047    -0.211794
1.811486    1.565165    -0.309283
-0.115383    -0.654806    -0.045614
-1.464067    -1.844968    -0.907875
0.152707    -0.718574    1.059787
0.163393    0.323717    -2.136467
-1.045470    0.558670    0.244863
1.129826    1.718716    1.471108
-0.297458    -0.404783    -1.012512
1.294007    -0.863500    -0.902196
0.407227    1.318735    0.735714
0.446354    -0.332367    0.136646
0.740326    0.459594    -0.644567
0.056736    0.087831    -0.267202
-0.039792    0.825345    -0.225586
1.369348    -1.496411    1.761193
0.567222    1.059603    1.472111
-1.653586    -1.148601    1.673724
0.837188    0.070588    0.215153
0.303335    0.244741    2.046462
2.337834    -1.096716    1.440526
-0.580549    0.434324    1.158775
1.161663    -0.372244    -0.661437
0.290590    0.703532    -0.133430
1.924913    1.348534    0.639297
0.089188    -0.862223    1.248427
-0.503112    -1.757909    -1.128450
-0.534895    0.560512    -0.001015
0.507539    -0.173793    -0.581017
1.596682    0.519140    -1.314003
0.985678    0.227019    -1.772154
-0.546384    1.786137    0.674233
-1.043263    -1.842592    0.720253
-0.198916    0.385484    -0.323182
0.126149    -0.701426    -0.018621
1.176526    -0.591502    -0.725532
0.346695    2.496109    0.769616
1.249735    -0.663186    -0.126834
-0.875147    -0.081558    1.562403
0.379592    -2.023050    -1.213897
-0.987032    0.286044    -0.403699
1.364969    1.187646    -0.704630
-0.319879    2.538259    1.008485
-1.329903    -2.098909    1.240631
1.156839    -0.157120    -1.487706
-0.653876    0.200568    -1.677626
-0.447028    -2.032956    -0.390663
1.339427    1.217468    -1.382761
0.563061    -0.261074    -0.259672
0.434182    -1.266745    0.176761
-0.373430    2.221871    1.098659
0.503520    -0.631442    0.526547
-0.291992    -0.978757    1.467215
0.000687    -1.593373    -1.486005
-0.919923    -1.432340    -1.778246
1.201797    -0.858191    2.354035
-0.154885    0.592312    0.112115
1.971766    -0.908874    2.573991
0.548987    0.854532    1.379924
-0.240233    2.357819    0.676893
1.427366    0.130576    0.041451
0.127208    0.256816    0.796689
0.696795    0.990989    0.321649
0.567249    0.253423    -2.630705
0.285776    -0.553387    0.753325
-1.149414    -1.017429    1.182679
-0.293753    -0.674046    -1.473461
-1.828210    -0.218462    -1.583368
0.447127    -0.960000    -0.758621
-0.721151    -0.296507    0.978117
-0.680938    -0.145753    1.288704
-0.588667    0.324951    1.863438
-0.351530    -2.234125    -0.561633
1.707571    -0.781177    0.887294
2.107050    2.560605    1.960872
0.042863    -0.506683    3.663741
-0.868475    -0.349334    0.875453
-0.240490    -2.406750    -1.533998
0.468669    -0.677541    2.182408
-3.154482    -0.639894    0.899753
1.222314    -1.926886    -0.971833
-0.259323    0.232408    0.093842
1.239135    -2.362997    -0.348802
-0.113757    0.654567    -1.540145
-1.167596    -0.292802    0.174447
2.280862    0.203813    1.696132
-2.098673    -0.591048    1.262844
0.755100    -0.792103    0.279200
1.457624    -1.389236    0.852479
0.243465    2.632260    0.701578
0.513554    -0.145338    -0.862388
-1.686079    0.989696    0.954214
1.969370    0.229164    0.135867
-1.377872    0.640263    0.664141
-2.087403    -0.083908    -0.323225
-0.890170    -2.315654    0.721480
-0.703981    0.058317    0.836907
1.665316    -2.162787    -0.043690
-0.384163    0.663514    1.662528
-0.728404    2.046015    1.485195
-0.163734    -0.642287    0.040824
-0.489037    0.370464    0.668252
1.179981    1.905608    0.753625
-0.653259    -0.089315    0.326731
0.792266    -0.590636    -1.339041
0.899218    -0.016903    0.797219
-0.906357    2.358386    -1.274435
-1.193762    -0.726680    -0.328893
-0.845938    -0.498658    0.464267
1.590448    -0.814113    0.854848
0.938554    0.670365    -0.532219
1.542933    1.031435    -1.667198
2.430901    0.153524    -0.806136
0.366533    1.872658    -0.272833
-2.062142    0.898979    0.330745
-0.259619    0.206100    -0.348761
-1.660352    -1.338305    0.808063
-0.752613    -1.462423    -0.855750
0.454889    0.235652    -0.007787
-1.294476    2.456886    -0.274621
-0.945416    -0.397221    -0.262987
-0.841682    -1.496393    3.213079
-1.345770    -0.957886    -3.171874
-1.607408    1.538112    -1.152404
-2.564666    -0.778118    0.565765
-2.046009    0.877097    -1.695466
-1.672434    -2.418295    -1.577583
