1.490818
1.607070
1.754628
1.813327
1.817252
1.828589
1.845810
1.844466
1.877783
1.881112
1.880706
1.865189
1.880012
1.873751
1.873292
1.891530
1.895010
1.902152
1.890296
1.889605
1.871927
1.891459
1.889654
1.903470
1.891974
1.911075
1.919355
1.884039
1.912477
1.899855
1.883421
1.893242
1.903142
1.887419
1.863860
1.850118
1.865973
1.877198
1.864688
1.885769
1.891980
1.911410
1.908594
1.883327
1.885970
1.879911
1.907833
1.909969
1.916855
1.906643
1.924546
1.912822
1.905839
1.899404
1.894887
1.892271
1.902479
1.900764
1.909531
1.900984
1.877605
1.908075
1.928858
1.929647
1.912592
1.911673
1.885714
1.885141
1.883201
1.896098
1.883586
1.896184
1.864798
1.906626
1.901797
1.904760
1.898252
1.897493
1.899880
1.898675
1.926293
1.906375
1.905781
1.906642
1.899784
1.881653
1.888724
1.884197
1.902262
1.898732
1.925435
1.922017
1.914287
1.942100
1.927591
1.931215
1.891041
1.898922
1.906304
1.927649
1.905940
1.917945
1.919796
1.941023
1.925348
1.955015
1.928676
1.932904
1.913670
1.910150
1.903802
1.913542
1.897660
1.876449
1.874363
1.862161
1.890064
1.878626
1.875620
1.874756
1.899413
1.905528
1.881414
1.895272
1.891707
1.872238
1.882499
1.889619
1.889349
1.900443
1.884240
1.902626
1.898005
1.871924
1.891444
1.869852
1.873539
1.875989
1.889466
1.907013
1.889992
1.879467
1.898914
1.912708
1.916572
1.880785
1.903171
1.887361
1.893984
1.895967
1.896529
1.869552
1.886842
1.887046
1.854546
1.885100
1.884566
1.884559
1.883938
1.880622
1.896376
1.855541
1.891772
1.880906
1.886300
1.908632
1.895858
1.895398
1.893840
1.897310
1.903633
1.921938
1.915289
1.906912
1.913705
1.916229
1.910241
1.896236
1.896753
1.893381
1.891796
1.890116
1.887277
1.904047
1.913229
1.901735
1.912516
1.893425
1.894856
1.882147
1.909838
1.890492
1.904284
1.896408
1.908483
1.897118
1.899258
1.902700
1.874685
1.897735
1.898571
1.896189
1.922478
1.897305
1.914051
1.906298
1.916251
1.917209
1.911158
1.920851
1.899740
1.881226
1.891516
1.912514
1.931546
1.900252
1.899498
1.871655
1.880953
1.868203
1.882734
1.880792
1.904814
1.908080
1.891275
1.890081
1.910515
1.899989
1.900721
1.900756
1.905190
1.892016
1.902984
1.908492
1.937191
1.903417
1.895720
1.896971
1.893846
1.893518
1.882278
1.876664
1.877172
1.884834
1.879534
1.919589
1.889650
1.875158
1.907624
1.884962
1.876644
1.879692
1.896463
1.900467
1.897036
1.887443
1.912210
1.905723
1.895613
1.893181
1.887345
1.903621
1.904242
1.922877
1.928850
1.909566
1.917667
1.875532
1.897668
1.901269
1.898597
1.891276
1.886321
1.889249
1.880751
1.874146
1.908574
1.899266
1.898201
1.892912
1.874840
1.881052
1.883709
1.865739
1.872383
1.881591
1.883519
1.927444
1.918178
1.900848
1.896740
1.911199
1.916659
1.915465
1.917307
1.874633
1.902250
1.912699
1.921561
1.915318
1.876640
1.886631
1.885518
1.917539
1.904353
1.902385
1.886271
1.894447
1.865902
1.903508
1.901460
1.896553
1.883662
1.903667
1.918555
1.922866
1.909349
1.921951
1.919084
1.918951
1.913492
1.913617
1.870361
1.880844
1.874341
1.897998
1.886522
1.883452
1.879675
1.904259
1.907630
1.918204
1.913874
1.918876
1.921544
1.902799
1.904041
1.906796
1.922851
1.896993
1.893512
1.918805
1.892557
1.890411
1.905075
1.887137
1.885866
1.892136
1.918187
1.924883
1.893627
1.901845
1.902881
1.878741
1.880931
1.890767
1.894840
1.884487
1.866696
1.886890
1.874497
1.868647
1.901872
1.886531
1.882446
1.895993
1.884407
1.884125
1.893520
1.904223
1.888784
1.881416
1.875533
1.870014
1.881528
1.905000
1.890247
1.903473
1.905834
1.908679
1.894601
1.901429
1.910903
1.896308
1.904843
1.883882
1.883033
1.877499
1.883730
1.885847
1.885893
1.914172
1.913879
1.926505
1.904946
1.877845
1.895057
1.896494
1.877974
1.900444
1.884527
1.899030
1.899983
1.888942
1.889604
1.886460
1.896369
1.888325
1.882625
1.865182
1.871308
1.872861
1.870095
1.889495
1.906696
1.894126
1.924058
1.902315
1.918931
1.913505
1.894681
1.903938
1.915806
1.925528
1.925491
1.929522
1.931847
1.928302
1.914102
1.902869
1.895196
1.893094
1.903032
1.891731
1.920964
1.912795
1.904663
1.915920
1.925940
1.910763
1.924497
1.901116
1.901380
1.868831
1.907059
1.888546
1.894723
1.882546
1.886367
1.892027
1.893990
1.882328
1.918468
1.905476
1.898362
1.908581
1.896277
1.932406
1.917421
1.884750
1.879217
1.876034
1.887383
1.896001
1.919368
1.908404
1.911327
1.917803
1.898342
1.910070
1.894656
1.905152
1.908490
1.918048
1.916218
1.879450
1.900501
1.895284
1.897604
1.885727
1.879596
1.887316
1.888416
1.892411
1.899079
1.897892
1.892048
1.875116
1.888460
1.894523
1.887327
1.876823
1.880555
1.904395
1.908583
1.905422
1.898754
1.903783
1.891896
1.888955
1.898617
1.903778
1.890997
1.888106
1.894663
1.902417
1.905475
1.929301
1.890982
1.896284
1.884209
1.901674
1.899085
1.903871
1.901091
1.909299
1.910148
1.910492
1.905153
1.901538
1.886367
1.904889
1.913926
1.922858
1.919308
1.921955
1.904748
1.906945
1.912644
1.915442
1.896771
1.886263
1.880466
1.882204
1.868285
1.877891
1.882523
1.891395
1.898029
1.907332
1.935903
1.890312
1.904972
1.902519
1.895661
1.904192
1.903322
1.904628
1.909250
1.913808
1.896123
1.907950
1.889994
1.891670
1.894044
1.882008
1.869638
1.868703
1.886776
1.892627
1.877815
1.876505
1.904491
1.903094
1.924403
1.917968
1.904860
1.930693
1.929445
1.903546
1.894813
1.893638
1.881972
1.887975
1.884717
1.876683
1.865596
1.870727
1.858931
1.867675
1.869540
1.899690
1.908897
1.896755
1.914802
1.899527
1.896304
1.906901
1.895062
1.908593
1.879019
1.867508
1.902052
1.892108
1.906245
1.886986
1.884178
1.919738
1.900144
1.916891
1.932387
1.899083
1.922691
1.888440
1.904484
1.894540
1.903440
1.902198
1.910391
1.915596
1.914017
1.917423
1.908047
1.913918
1.925072
1.935953
1.920493
1.916554
1.921179
1.912765
1.893280
1.888925
1.906866
1.893131
1.898020
1.911049
1.913873
1.918562
1.925006
1.923155
1.896628
1.908053
1.901208
1.883076
1.883096
1.898442
1.897384
1.899218
1.908620
1.896594
1.869717
1.909968
1.908765
1.915264
1.899757
1.899781
1.899630
1.928271
1.925828
1.914748
1.901705
1.886443
1.905106
1.894117
1.900797
1.904640
1.913882
1.901437
1.916586
1.916158
1.905987
1.923657
1.926387
1.903090
1.886247
1.920683
1.904437
1.909525
1.917409
1.889963
1.888245
1.874368
1.891464
1.888130
1.877118
1.886230
1.883096
1.900383
1.888625
1.897033
1.895800
1.884707
1.877234
1.896783
1.885205
1.901456
1.918779
1.914007
1.909736
1.880954
1.896301
1.893577
1.897919
1.909535
1.917247
1.898973
1.883183
1.888384
1.895479
1.901857
1.925975
1.920569
1.902897
1.904517
1.907712
1.903406
1.879973
1.907540
1.893154
1.889837
1.882590
1.894390
1.895498
1.895468
1.875362
1.900875
1.905980
1.876648
1.902802
1.904738
1.895357
1.897940
1.890884
1.904402
1.900804
1.889585
1.910680
1.889884
1.900267
1.887570
1.894072
1.879015
1.882712
1.881775
1.907270
1.906881
1.936077
1.929534
1.901788
1.912922
1.899246
1.923868
1.933048
1.921201
1.929811
1.920819
1.900685
1.887297
1.906138
1.900915
1.908400
1.929368
1.924559
1.934862
1.914091
1.924818
1.936518
1.912018
1.908931
1.894700
1.871648
1.878097
1.882988
1.888967
1.908814
1.899227
1.870135
1.879814
1.879710
1.884961
1.915939
1.893646
1.889439
1.904213
1.902187
1.907987
1.885842
1.884209
1.903706
1.887889
1.896426
1.888218
1.878351
1.873980
1.895938
1.886630
1.887210
1.905166
1.892719
1.900224
1.879963
1.899668
1.864613
1.865541
1.864688
1.872748
1.873069
1.875458
1.888771
1.879941
