-1.042527
-1.159008
-1.306614
-1.365335
-1.369229
-1.380592
-1.397868
-1.396465
-1.429818
-1.433117
-1.432731
-1.417150
-1.432073
-1.425772
-1.425266
-1.443576
-1.447025
-1.454213
-1.442349
-1.441652
-1.423932
-1.443493
-1.441612
-1.455561
-1.443903
-1.463097
-1.471412
-1.436007
-1.464492
-1.451901
-1.435385
-1.445226
-1.455181
-1.439436
-1.415803
-1.402066
-1.417969
-1.429221
-1.416671
-1.437794
-1.444074
-1.463465
-1.460629
-1.435307
-1.437931
-1.431931
-1.459800
-1.461936
-1.468955
-1.458636
-1.476567
-1.464813
-1.457814
-1.451390
-1.446904
-1.444236
-1.454444
-1.452752
-1.461557
-1.453001
-1.429570
-1.460062
-1.480869
-1.481728
-1.464633
-1.463701
-1.437671
-1.437095
-1.435281
-1.448107
-1.435545
-1.448215
-1.416819
-1.458644
-1.453715
-1.456742
-1.450254
-1.449471
-1.451853
-1.450652
-1.478283
-1.458399
-1.457802
-1.458700
-1.451782
-1.433679
-1.440749
-1.436239
-1.454313
-1.450723
-1.477462
-1.474071
-1.466293
-1.494177
-1.479579
-1.483291
-1.443055
-1.450949
-1.458308
-1.479636
-1.457932
-1.469952
-1.471827
-1.493068
-1.477359
-1.507038
-1.480742
-1.484916
-1.465806
-1.462168
-1.455858
-1.465565
-1.449606
-1.428459
-1.426287
-1.414125
-1.442084
-1.430593
-1.427643
-1.426705
-1.451446
-1.457464
-1.433338
-1.447314
-1.443702
-1.424235
-1.434476
-1.441621
-1.441367
-1.452420
-1.436188
-1.454636
-1.450039
-1.423935
-1.443490
-1.421833
-1.425578
-1.427976
-1.441455
-1.459018
-1.441926
-1.431451
-1.450908
-1.464636
-1.468638
-1.432751
-1.455178
-1.439399
-1.445981
-1.447945
-1.448544
-1.421533
-1.438833
-1.439024
-1.406541
-1.437103
-1.436589
-1.436603
-1.435921
-1.432613
-1.448367
-1.407542
-1.443759
-1.432921
-1.438304
-1.460621
-1.447831
-1.447369
-1.445861
-1.449289
-1.455639
-1.473925
-1.467232
-1.458927
-1.465678
-1.468317
-1.462256
-1.448302
-1.448794
-1.445376
-1.443889
-1.442095
-1.439288
-1.456060
-1.465285
-1.453724
-1.464522
-1.445407
-1.446887
-1.434158
-1.461842
-1.442487
-1.456298
-1.448422
-1.460471
-1.449079
-1.451322
-1.454727
-1.426596
-1.449761
-1.450577
-1.448198
-1.474535
-1.449307
-1.466043
-1.458247
-1.468243
-1.469210
-1.463172
-1.472837
-1.451714
-1.433159
-1.443495
-1.464546
-1.483622
-1.452222
-1.451490
-1.423672
-1.432883
-1.420200
-1.434748
-1.432778
-1.456860
-1.460016
-1.443317
-1.442048
-1.462534
-1.451905
-1.452721
-1.452787
-1.457165
-1.443926
-1.454995
-1.460476
-1.489237
-1.455466
-1.447720
-1.449030
-1.445862
-1.445526
-1.434241
-1.428713
-1.429199
-1.436953
-1.431526
-1.471629
-1.441765
-1.427123
-1.459623
-1.436989
-1.428663
-1.431680
-1.448501
-1.452508
-1.449059
-1.439428
-1.464251
-1.457759
-1.447622
-1.445164
-1.439357
-1.455703
-1.456286
-1.474855
-1.480856
-1.461538
-1.469661
-1.427554
-1.449697
-1.453268
-1.450624
-1.443301
-1.438314
-1.441208
-1.432724
-1.426123
-1.460620
-1.451297
-1.450187
-1.444947
-1.426817
-1.433054
-1.435732
-1.417717
-1.424381
-1.433608
-1.435521
-1.479449
-1.470156
-1.452861
-1.448718
-1.463231
-1.468740
-1.467481
-1.469396
-1.426655
-1.454262
-1.464701
-1.473567
-1.467325
-1.428572
-1.438652
-1.437473
-1.469575
-1.456349
-1.454412
-1.438271
-1.446492
-1.417874
-1.455506
-1.453454
-1.448603
-1.435629
-1.455594
-1.470530
-1.474928
-1.461366
-1.474036
-1.471094
-1.470949
-1.465553
-1.465638
-1.422368
-1.432889
-1.426272
-1.450032
-1.438497
-1.435473
-1.431660
-1.456237
-1.459661
-1.470198
-1.465828
-1.470814
-1.473575
-1.454716
-1.456023
-1.458758
-1.474875
-1.449023
-1.445535
-1.470767
-1.444495
-1.442355
-1.457082
-1.439123
-1.437836
-1.444092
-1.470192
-1.476924
-1.445620
-1.453892
-1.454892
-1.430746
-1.432912
-1.442780
-1.446906
-1.436515
-1.418706
-1.438887
-1.426489
-1.420677
-1.453848
-1.438497
-1.434479
-1.448047
-1.436368
-1.436082
-1.445468
-1.456231
-1.440740
-1.433444
-1.427585
-1.422029
-1.433542
-1.457000
-1.442292
-1.455504
-1.457770
-1.460666
-1.446679
-1.453426
-1.462942
-1.448351
-1.456843
-1.435904
-1.435035
-1.429464
-1.435724
-1.437816
-1.437902
-1.466160
-1.465888
-1.478545
-1.456944
-1.429861
-1.447098
-1.448465
-1.429910
-1.452433
-1.436512
-1.451030
-1.451972
-1.440924
-1.441589
-1.438454
-1.448391
-1.440400
-1.434574
-1.417107
-1.423311
-1.424812
-1.422103
-1.441474
-1.458723
-1.446090
-1.476026
-1.454319
-1.470928
-1.465509
-1.446688
-1.455921
-1.467804
-1.477516
-1.477502
-1.481552
-1.483937
-1.480322
-1.466142
-1.454823
-1.447153
-1.445159
-1.455041
-1.443766
-1.473000
-1.464785
-1.456706
-1.467977
-1.478022
-1.462770
-1.476481
-1.453112
-1.453363
-1.420841
-1.459097
-1.440557
-1.446667
-1.434541
-1.438385
-1.444008
-1.445990
-1.434304
-1.470483
-1.457496
-1.450363
-1.460569
-1.448257
-1.484463
-1.469481
-1.436708
-1.431165
-1.428105
-1.439406
-1.448033
-1.471317
-1.460379
-1.463357
-1.469775
-1.450374
-1.462060
-1.446641
-1.457127
-1.460492
-1.470099
-1.468277
-1.431393
-1.452479
-1.447266
-1.449642
-1.437725
-1.431620
-1.439316
-1.440501
-1.444496
-1.451054
-1.449954
-1.444034
-1.427102
-1.440425
-1.446559
-1.439359
-1.428746
-1.432530
-1.456429
-1.460633
-1.457421
-1.450755
-1.455737
-1.443877
-1.440912
-1.450594
-1.455785
-1.442980
-1.440123
-1.446708
-1.454386
-1.457436
-1.481307
-1.442920
-1.448310
-1.436185
-1.453629
-1.451055
-1.455886
-1.453055
-1.461293
-1.462196
-1.462479
-1.457194
-1.453559
-1.438376
-1.456853
-1.465914
-1.474846
-1.471311
-1.474019
-1.456738
-1.458993
-1.464636
-1.467485
-1.448767
-1.438263
-1.432371
-1.434216
-1.420267
-1.429876
-1.434483
-1.443374
-1.450003
-1.459330
-1.487979
-1.442310
-1.457026
-1.454530
-1.447650
-1.456128
-1.455318
-1.456640
-1.461260
-1.465807
-1.448063
-1.459943
-1.442002
-1.443683
-1.445989
-1.434024
-1.421711
-1.420668
-1.438731
-1.444662
-1.429869
-1.428585
-1.456523
-1.455134
-1.476391
-1.469978
-1.456848
-1.482702
-1.481463
-1.455533
-1.446821
-1.445623
-1.433994
-1.440031
-1.436710
-1.428601
-1.417554
-1.422744
-1.410943
-1.419655
-1.421511
-1.451681
-1.460940
-1.448768
-1.466745
-1.451526
-1.448230
-1.458905
-1.447092
-1.460653
-1.430955
-1.419468
-1.454026
-1.444164
-1.458313
-1.438973
-1.436136
-1.471776
-1.452113
-1.468863
-1.484459
-1.451087
-1.474715
-1.440472
-1.456471
-1.446467
-1.455494
-1.454153
-1.462421
-1.467561
-1.466034
-1.469494
-1.460051
-1.465935
-1.477061
-1.487988
-1.472539
-1.468576
-1.473231
-1.464771
-1.445194
-1.440912
-1.458798
-1.445091
-1.450036
-1.463118
-1.465906
-1.470539
-1.477025
-1.475229
-1.448594
-1.459978
-1.453242
-1.435069
-1.435079
-1.450400
-1.449380
-1.451253
-1.460617
-1.448589
-1.421698
-1.461951
-1.460731
-1.467216
-1.451704
-1.451872
-1.451653
-1.480285
-1.477864
-1.466736
-1.453678
-1.438450
-1.457083
-1.446123
-1.452829
-1.456690
-1.465937
-1.453467
-1.468671
-1.468136
-1.458001
-1.475658
-1.478437
-1.455086
-1.438179
-1.472687
-1.456490
-1.461542
-1.469420
-1.441984
-1.440282
-1.426398
-1.443486
-1.440167
-1.429055
-1.438201
-1.435086
-1.452398
-1.440640
-1.449051
-1.447796
-1.436652
-1.429219
-1.448796
-1.437178
-1.453504
-1.470812
-1.465981
-1.461753
-1.432956
-1.448262
-1.445562
-1.449916
-1.461513
-1.469281
-1.450975
-1.435224
-1.440425
-1.447478
-1.453794
-1.477997
-1.472562
-1.454902
-1.456520
-1.459740
-1.455456
-1.431960
-1.459519
-1.445153
-1.441857
-1.434620
-1.446331
-1.447461
-1.447483
-1.427284
-1.452928
-1.457991
-1.428670
-1.454836
-1.456731
-1.447348
-1.449947
-1.442910
-1.456438
-1.452810
-1.441568
-1.462659
-1.441843
-1.452279
-1.439579
-1.446045
-1.430980
-1.434726
-1.433764
-1.459292
-1.458845
-1.488113
-1.481540
-1.453798
-1.464987
-1.451230
-1.475878
-1.485077
-1.473202
-1.481877
-1.472735
-1.452673
-1.439283
-1.458102
-1.452867
-1.460425
-1.481371
-1.476631
-1.486893
-1.466064
-1.476835
-1.488503
-1.464010
-1.460937
-1.446749
-1.423640
-1.430076
-1.434968
-1.440963
-1.460776
-1.451261
-1.422164
-1.431772
-1.431709
-1.436906
-1.467961
-1.445705
-1.441466
-1.456204
-1.454227
-1.459930
-1.437828
-1.436227
-1.455681
-1.439902
-1.448441
-1.440163
-1.430367
-1.425933
-1.447973
-1.438680
-1.439208
-1.457241
-1.444713
-1.452224
-1.431969
-1.451707
-1.416666
-1.417543
-1.416627
-1.424755
-1.425109
-1.427411
-1.440848
-1.431956
