0.061000    0.477366    -1.673654
-0.773535    -0.189532    -0.108285
0.497552    1.125088    1.925729
0.659697    0.452054    -1.064258
1.611514    0.503497    -0.881704
1.344281    1.824004    -0.788732
0.609118    1.561390    -0.833263
-1.210526    -0.388192    0.301239
-1.000893    -0.193655    -1.596663
0.424371    -0.467484    0.189746
0.663975    1.082170    -1.574269
-1.893465    0.611580    -0.074698
0.490736    0.565879    0.819065
-0.078111    0.078110    1.290620
0.629388    1.702284    0.154860
-0.032285    -0.384634    1.266450
-0.982121    -0.085376    -0.148744
2.174841    0.409259    -0.508120
0.126304    1.262303    -1.072204
0.013276    4.031008    -2.043519
0.565750    1.733303    -1.565765
-0.050649    0.130878    -1.070090
0.914725    0.003031    1.290388
-2.419446    -0.841926    1.411597
-0.247510    -0.194037    -0.440749
-0.753070    1.059026    -0.733988
-1.728829    1.038591    0.855885
-0.251808    0.248667    0.056275
-0.081261    3.201145    0.014080
0.125035    -2.047103    -0.661023
-0.354836    1.073604    0.790032
-0.649141    -0.118592    0.627754
-1.520781    -0.882547    2.521759
-0.341037    0.238695    1.902426
0.228116    0.470484    -1.311315
-0.084162    -0.308808    0.385510
-1.236421    -2.030218    1.400290
0.265261    -1.245173    -0.608565
-1.421220    2.537142    -0.924061
-2.039532    -0.528270    0.669819
1.651078    -0.515328    2.007661
1.436124    -0.253529    0.678408
-1.307541    -0.367887    1.041548
-0.709957    -1.445539    -0.206049
-2.080083    -3.187819    -1.252664
-0.197549    0.778614    1.371911
0.097667    2.150207    1.202463
-0.733087    -1.636629    0.181491
0.643445    -0.560275    -0.241849
1.232146    1.216208    -1.338721
-1.456092    0.020751    -0.413440
-0.565082    1.038455    -1.784076
-1.159835    1.035193    -0.143863
-2.534670    0.211479    2.874947
0.648410    -0.378644    -1.703481
-0.676101    -0.766343    1.599829
1.070111    -1.079153    0.139276
-0.641366    -1.172598    0.891580
2.057408    1.026933    -1.863597
1.502224    -0.216324    -0.661485
1.421148    0.739611    1.693719
-1.142663    0.597822    1.923817
0.077116    -0.146124    -0.585236
-0.650437    0.286845    0.363436
1.670048    0.294893    -0.123404
0.505906    -0.027681    1.074007
0.712067    0.961852    -0.424080
-0.541047    -0.291446    0.783199
-0.887115    -0.667861    0.206603
-0.252515    -0.078069    0.165082
-0.231587    -0.036662    0.162983
0.742561    -1.440854    -1.373740
-1.271685    -0.344086    -0.055175
0.544381    -0.207343    1.577888
0.125989    -1.934537    2.154316
-0.522176    0.275578    0.115731
-0.567092    -0.198707    0.634914
2.290992    -0.308896    -0.075511
-1.098441    -1.801589    0.354550
0.063032    1.418846    -0.459065
-0.680438    0.190954    1.595097
2.109693    0.164485    1.116711
0.400555    0.154277    -0.120876
-0.028632    -1.637285    -0.524272
-1.976017    -0.616154    0.131254
-0.568129    -1.138953    0.593892
0.023487    0.983850    -0.201707
0.472392    0.479801    -0.602536
-0.735815    -2.366704    -0.636309
-0.438603    -0.013374    0.836346
1.113755    0.579056    -0.894462
0.794759    0.559128    0.702602
-1.051632    -0.303719    -0.265310
-0.091674    0.377801    -0.830244
0.041290    -0.454118    -0.636721
-1.595480    -1.150011    -1.305921
0.072629    1.736914    1.558723
0.015974    0.430284    -0.539967
-1.016822    -0.660297    -0.543182
0.686094    -0.644078    0.557219
-0.150102    0.657536    0.572584
1.618224    -0.820505    -1.083134
-1.048088    1.071623    -0.114103
-1.109663    -0.549147    0.549114
0.606447    -1.316566    -0.380605
-0.319514    -0.170535    -0.563723
-2.407767    -1.184636    1.081964
0.011111    1.684621    1.260749
0.151358    0.197728    -0.145637
1.199509    -3.000661    0.681945
0.947971    0.234111    0.339830
1.524217    -0.729931    -1.006917
2.465668    1.538863    1.227602
-3.040757    0.442747    -0.482135
0.138730    1.588200    -0.017661
0.346044    0.490819    -0.167551
-0.576936    1.250523    0.741171
-1.336858    0.208695    1.385723
1.778582    0.103236    0.342867
2.426669    0.846169    -1.120639
-0.782194    -0.949693    -0.049680
-0.453002    -0.344027    -2.320206
2.326285    0.988483    -0.029831
-0.165044    -0.270336    1.135768
-0.864280    -0.441326    0.045445
-0.666889    0.160336    1.593079
-1.260252    -0.007003    1.270204
-1.399757    1.345963    0.211933
-0.701733    0.853135    -1.420495
2.392065    0.250043    -0.445755
-0.536736    0.565018    1.466445
-0.452880    0.020326    -0.565167
-0.408523    0.911317    -0.398990
-0.621393    0.954163    1.556942
-0.985987    -1.767022    1.171556
-0.233543    0.287370    -1.297231
0.269133    -0.773292    0.730720
-0.816995    -1.670497    0.774155
-0.364329    -1.038489    -1.198899
-0.755817    0.870053    -0.925644
-0.718332    1.119846    1.150801
-2.301998    1.554664    -0.310096
1.768952    1.803762    0.582428
-2.612913    -0.224980    0.710547
1.038935    -0.392219    1.562723
0.161452    -0.672355    0.325570
-0.935826    0.973996    -0.521792
-0.996134    -1.074336    0.234175
0.396580    1.230905    -0.553376
0.789158    -0.238040    -0.375607
0.311892    -2.300112    0.267079
1.092788    0.982017    -0.397186
0.633766    0.016864    1.450392
0.372587    -0.034666    -2.236837
0.157117    0.099423    -0.848339
0.051427    -1.280488    0.497096
0.767814    1.381516    0.562244
-0.485566    -0.179617    -0.279888
0.474133    0.514053    -0.736912
0.067756    -0.186866    0.059236
0.050538    0.865160    0.943503
-0.332204    0.685237    -0.900614
1.073420    -1.456749    -0.950033
1.191479    -0.228943    -1.309500
0.633504    -0.147307    -0.510156
0.402941    -0.212919    0.633797
-0.251693    -1.208575    0.572980
1.256302    -1.672722    -1.218231
1.095388    -0.097671    0.723249
1.643538    -0.295653    1.481468
0.188148    -1.142435    2.681966
0.928220    -0.550055    -1.036951
1.421307    -0.511538    1.717629
1.364984    -1.739201    1.292111
0.237675    0.119473    -2.116292
-0.777359    -0.660899    1.823706
1.706001    -0.089756    1.089472
0.125038    2.448503    0.559850
0.368787    1.620244    1.221296
0.266518    -1.477295    -0.961075
-2.003561    -0.124418    0.378283
-0.630879    -0.613090    -1.036059
-0.233527    -0.418814    0.105052
-1.773979    0.977488    0.241808
-1.892599    0.871581    1.206032
1.492606    -0.749081    0.241907
-1.004585    -0.130168    -0.312771
2.712092    0.335832    -0.301457
1.242267    2.179152    -0.443055
-0.065509    0.497529    -0.550820
-0.281223    -0.213054    -2.004565
1.137392    0.156418    -0.124679
1.092693    -1.972746    2.583179
1.646048    0.762509    -0.700091
0.864041    0.574819    -0.602365
1.723540    1.867965    0.284928
-0.266117    0.747193    0.092828
0.268896    1.164860    -0.122769
-0.620310    -1.273452    0.868202
0.316110    -0.648590    -0.956010
-0.021983    0.198655    -1.405495
1.220488    -0.227270    0.670972
-0.845508    0.942371    -1.992674
1.004281    2.880089    -0.362891
-0.390987    0.358995    -0.217566
-1.107076    -0.604957    -2.294465
-1.895660    0.644864    1.839035
2.903107    0.907024    1.080079
-0.083732    -0.668500    0.777777
-2.047730    1.522336    -1.106241
1.721000    0.383897    -0.983390
0.027622    -0.609030    1.631859
2.063152    -1.360297    -1.010292
-0.756629    -1.462957    -0.433474
-1.033480    0.521353    0.751445
2.497614    -2.226433    -0.470606
0.216824    -1.053862    0.142806
-1.571040    1.332703    -2.209796
-0.744825    1.633807    -2.431756
0.581709    2.097221    -1.821216
0.684776    0.844820    -0.894103
0.801191    0.192739    -1.697750
0.168877    0.851120    1.025288
-0.913708    0.185056    -0.868264
0.115560    1.922310    0.221071
0.293846    -1.514530    -0.249534
-0.013869    -0.543323    0.797040
-1.419893    0.757121    -0.670497
-0.471981    0.805228    0.380830
-0.456763    0.001385    1.539543
-0.816650    -2.147777    0.728324
1.320261    -1.348230    0.283551
-0.286312    0.923350    -2.307330
-1.215645    0.000612    0.298676
-0.116445    2.170273    1.589113
-1.328851    1.235693    1.354519
-0.670946    -0.846539    -0.500119
1.260713    0.498586    -0.272535
-0.307639    -0.323111    0.380836
2.025011    -0.393235    -2.285640
1.190157    -0.351489    -0.499002
1.108793    0.898138    0.402940
-2.149856    -1.194856    0.456732
0.568502    0.050194    -1.831584
-0.188264    0.787107    2.473400
0.313702    0.093247    -0.130959
-0.201467    0.819440    -0.289181
-1.101489    0.159129    1.509796
-1.249737    1.724834    0.024101
0.585332    1.986978    3.213019
-0.361379    1.638430    -1.140466
-1.878531    -0.851728    -0.313551
0.779431    -2.421194    -0.238006
-1.086779    -1.153358    -0.714297
-0.563860    -0.268284    1.910812
-1.816661    -1.136921    2.017971
-0.002567    0.594143    1.858847
-3.112509    1.865016    0.568262
-1.976434    -0.923943    0.659448
-0.728850    -1.770129    0.853234
0.838347    1.661600    -0.589347
-0.094652    -0.239331    1.743103
-0.450620    1.191482    1.349694
0.772816    0.016631    1.738956
-0.251725    0.994656    -2.388172
-0.240161    -0.909654    -1.189867
-2.287111    0.988732    0.137760
-1.794575    -1.206777    1.533984
1.027373    0.722485    -0.652216
-0.440496    -0.337380    0.130367
0.711720    -0.156707    -1.258773
0.382062    -0.100209    0.423096
0.782696    1.991729    -0.869929
-0.230595    -0.561303    -0.957055
-0.689784    0.179103    0.843827
-0.710672    -0.730985    0.002304
-0.903789    -1.636409    -0.662779
0.912105    -0.398214    1.342127
-0.540780    -1.985233    -0.596279
0.195024    1.274709    0.209363
-1.068794    0.401916    -0.560012
0.369780    0.502177    -0.955067
-0.252307    2.197275    -0.941072
-3.030239    -0.691214    0.649473
0.584628    -0.811656    0.109562
1.224728    -1.674748    -0.395438
0.065552    -0.938775    0.169562
0.207147    -1.495248    0.427615
-0.158242    0.732170    -0.155667
-0.536755    -0.301282    0.314785
0.594602    0.880114    -0.282471
-0.457201    0.468654    -0.393391
1.763222    -0.732000    -0.660415
0.983885    -1.290554    -0.086089
2.556543    -1.621357    -0.309679
-0.950180    -0.257544    -1.639189
-0.615858    -0.967554    0.713346
-0.074777    0.407852    2.941129
0.410534    0.217967    -1.747078
1.762057    0.248286    2.383172
-0.384998    0.754821    -0.014279
0.342960    -1.631207    -1.402048
0.686900    1.227888    0.326368
0.225902    -0.296338    -0.767523
-0.340265    0.274066    0.552410
-0.033940    0.926247    0.211684
0.212587    0.372993    -0.250070
0.128406    1.010542    1.598874
2.237347    -1.367815    0.062276
1.363561    -0.880270    -1.449906
0.598890    0.318267    0.273920
2.463063    0.939157    0.438684
-0.440329    1.104717    -1.169255
-1.142879    -0.363081    0.115883
-2.087130    1.018361    -0.327480
1.660229    1.101372    -1.088226
-0.614083    -0.593325    0.712078
-0.936888    0.206777    0.469188
0.396977    -0.222292    0.004846
2.310000    1.678893    -0.719344
-1.956401    0.260542    -1.536151
-1.236312    -0.115217    2.687810
-0.029597    1.197652    0.737062
1.237249    -1.868602    -2.879200
-1.579618    -0.101204    -0.587757
-0.071758    -0.454505    -1.713984
0.121022    -0.747922    0.153703
-0.124909    -0.164661    1.182190
-0.028702    -1.377695    -1.753279
1.513358    0.460584    1.336457
1.897417    -0.695999    1.382143
0.442541    -0.733804    0.276707
-0.815577    -1.741195    1.698976
-1.056086    -1.498551    0.341519
-0.915147    -0.421122    1.057559
-0.095105    0.061496    -0.080091
1.813071    -0.830101    1.459364
-0.218568    1.237266    -0.422252
-0.567693    -0.022272    -0.588032
-0.526342    0.571661    0.551884
-0.823805    -0.616041    0.766811
-0.399009    0.593073    0.153708
1.619182    -0.439694    -1.073362
-1.124993    -1.498797    0.639274
1.595653    -0.607838    0.703005
0.997902    1.281414    -0.557952
-1.054315    0.693421    2.369001
-0.728406    0.308016    -0.281165
-0.093935    -0.618492    0.617174
-1.270179    -2.409038    1.318435
1.148079    0.437347    0.185577
-0.916773    -0.419462    1.254986
-0.386736    -0.560833    0.262575
-1.378508    -0.604420    -0.227990
1.529284    -1.069095    0.896060
-0.479200    -0.814235    0.780405
-1.335675    -0.236617    1.366932
1.858346    -1.046055    -0.305733
-1.622376    1.379395    1.111582
0.494440    0.899652    -0.978210
0.212313    0.107505    1.348943
0.808035    -1.064237    2.226468
-0.898261    0.550934    0.771887
-0.890642    0.560487    -0.759401
-0.634608    0.771461    0.690400
0.106139    -1.074914    1.196391
0.436753    1.412072    0.750506
0.464616    0.369690    -0.674017
-0.137293    -1.500887    -0.208413
1.087099    1.179822    -0.530918
-0.832898    0.782266    1.503658
1.225274    1.083274    1.310133
1.247440    0.561556    0.086334
0.935589    0.993138    0.091543
-1.516727    -1.096400    -0.489944
-0.185100    -0.370074    -0.445891
-1.870742    2.489049    1.275823
0.824623    -1.214757    -0.200895
-1.864308    -0.834096    -2.621946
-0.651466    2.450127    2.349437
0.936257    -0.622035    -0.718340
0.015453    -0.638454    0.848369
-2.404328    0.686596    1.092408
0.610643    2.552110    -0.655954
0.427237    -1.235085    0.588927
0.577311    -0.227634    -0.469528
2.888648    0.522584    1.634739
-0.207352    0.858684    -2.234993
0.249661    0.163124    -0.815445
1.260621    0.037739    -0.640656
1.389079    0.499789    0.670372
0.022737    0.382763    0.251487
1.341776    -1.390086    -0.245278
0.055801    0.493290    -1.137346
1.521429    0.665106    -0.048845
1.246581    1.052386    0.014971
-1.970426    -0.956379    -0.053779
-1.169326    -0.289060    0.082620
0.668857    1.024544    -0.285696
2.519804    -0.179917    -1.450793
0.080422    0.855154    -0.493264
-0.641115    -1.090701    -0.230858
0.308849    0.551139    1.621755
0.886579    0.110110    0.491601
-0.571551    -0.030140    -0.370952
-0.624809    -1.695762    1.157968
0.238234    1.629086    0.358127
0.168604    -0.874603    2.394122
-1.858212    -0.873010    1.599507
-0.705148    -1.127792    -0.653492
-0.917270    0.372747    -0.573129
0.021141    0.303507    0.168427
-0.439715    -0.331571    1.040852
1.518052    0.236741    -1.035973
-0.720119    -0.098360    -0.392034
1.639277    -0.806167    -0.442372
-0.618927    -0.825281    -0.091720
1.304297    0.430704    -0.148534
-0.173298    -0.262254    -1.360104
0.552372    1.323924    -0.787227
-1.498679    -0.322095    1.833798
-1.208686    -1.023543    -0.138975
-0.076899    0.474634    0.379807
0.171400    -0.128268    2.235641
3.343555    0.041176    -1.158399
1.811223    -0.621835    1.223516
0.176438    -0.682226    -1.460293
-0.970892    0.578853    -0.342227
0.879600    0.032793    -0.472350
-1.110271    0.013168    -1.020385
1.504268    0.150870    -0.542751
-0.486960    1.496820    -0.077215
1.309904    1.375399    1.167799
-0.316084    -0.711104    -0.522342
-2.456721    -0.998101    2.015000
-1.357863    -1.404680    1.619058
0.466727    -2.691306    -1.860065
0.906144    -0.902549    0.395643
1.494346    -0.774445    0.608989
0.002435    -0.654491    0.049848
0.219076    -0.768036    0.772853
-1.991601    0.426916    -0.162099
0.193300    0.301156    -0.182914
1.763037    0.514739    -0.669026
-0.588465    -1.337033    0.322909
-0.843307    -1.308785    -2.753517
0.252041    -0.052378    1.283098
1.595010    -1.499127    1.604219
-0.656421    0.049282    -1.425871
0.910909    -0.431399    -0.210149
-0.351801    1.452072    -2.337895
0.923594    -1.394043    -1.316718
-0.175132    -0.208440    0.706008
0.838886    1.850027    -0.271420
2.429984    -2.800712    0.148187
0.434834    -0.370092    0.829680
-0.224231    0.746283    -0.135188
-0.091593    -0.227255    1.960616
-1.648656    0.184868    1.085778
-0.408559    -0.237618    0.189746
1.491752    1.574325    -0.075802
-0.555836    -1.030995    -0.316246
-0.544988    -0.743294    0.873400
-0.201497    -0.361518    -0.361983
0.172419    -1.381334    1.645632
0.728712    0.047426    2.116998
0.281759    -0.558145    0.011164
-2.630827    -0.054266    -1.522910
-1.508296    -0.492445    0.050291
-0.774952    0.680115    1.696464
0.758071    -0.763337    1.762000
-0.231703    2.402829    1.967389
-0.835660    -1.890175    0.214059
-0.523957    -0.228615    -0.065171
0.599593    -0.676406    -1.363400
-1.092661    -0.411670    0.531967
-2.465309    2.400028    -1.471166
-0.937218    -0.525472    -0.950226
0.882577    1.048804    -0.413569
-0.990412    0.870665    -0.598695
-0.818882    0.807438    0.291998
-0.480720    -2.039474    -0.109297
0.232708    0.885577    1.636823
-0.255234    -1.561880    -0.402579
-0.119144    0.947201    -0.724793
-0.579024    0.841419    0.284321
-1.630097    0.862197    -0.243446
-1.876614    0.210627    -0.487058
0.563954    -0.506744    -0.924045
1.905579    -0.681925    0.264673
1.162323    -1.517245    1.267893
1.521384    -0.305505    0.114908
-0.021579    0.364629    -0.904676
0.760798    0.593156    -1.461385
-0.419368    -1.097583    1.278492
-0.020405    -0.334885    0.237078
1.715478    0.112727    -1.731279
0.020942    0.200026    0.972479
2.891391    1.976580    -0.886595
1.204245    0.683758    -0.302587
0.578577    -0.250912    0.202774
0.827557    1.004526    -0.276085
-2.557324    -0.420477    1.075136
0.291690    -0.198434    1.379317
-0.850918    0.522974    -1.457478
1.062105    -0.346161    0.262095
0.152689    1.978912    -0.167926
-0.878366    2.875244    1.539884
-0.816576    1.085513    0.318399
0.669980    -0.586422    -2.299696
0.680656    1.787178    -1.265210
-1.201450    -1.300974    -0.123235
0.058222    -0.466069    -0.486896
-0.590855    0.371734    -0.168610
1.241837    -1.442928    0.047949
1.130228    -0.576446    -1.089678
0.686715    -0.353594    0.172043
-0.782259    0.257485    0.332346
2.204884    1.491083    -0.269637
1.557632    -0.085550    0.733891
0.577958    -1.449162    0.461429
-1.776290    2.281909    1.832055
-0.970409    -0.649541    0.061053
-0.533851    -0.397909    0.500580
0.572549    0.033943    -0.865751
-1.399896    -1.568419    -0.324531
1.410444    0.497530    0.971286
-0.284630    -0.183598    1.330761
0.042956    1.755151    1.293558
-0.246028    -1.632237    0.040705
1.408883    0.644076    0.138027
-0.581447    0.685324    -0.932177
0.819418    1.610720    -0.937667
-1.156854    -0.740889    1.124695
-2.486468    2.031380    1.438393
1.651538    -0.930567    0.326377
1.830726    -0.507481    0.780767
-1.418139    -1.172560    0.059825
1.631377    -0.194451    -0.308749
-0.202973    -0.904673    0.192649
0.429012    0.634436    -0.625743
-0.337915    0.186920    -0.141094
-0.534295    -1.695495    0.618656
-2.519735    -1.814303    -1.220150
1.730045    -0.377349    -1.724988
-0.981608    0.158254    0.208729
0.942287    -0.211038    1.998946
0.030955    0.750263    -0.185919
0.375906    1.795862    -0.915229
-0.500264    -0.728621    0.167812
-1.357171    -0.846572    -0.262486
-0.974359    0.968595    -0.529672
-0.113687    -0.052551    -1.430375
0.784939    0.896573    -1.622342
0.754842    -0.744076    -0.698188
1.234257    -0.111553    3.410384
-0.482034    0.766662    -0.220467
-1.186357    1.486284    -1.046371
-1.426394    1.605915    -0.318388
-0.713590    -0.371731    -0.627720
1.836645    -0.888894    -1.651516
0.758006    -1.354241    1.777209
1.169755    -0.421240    0.139186
-0.810875    1.411091    2.349984
0.705508    -1.378299    0.223672
-1.512496    0.974714    -0.992764
-0.465920    -0.615112    0.130819
2.087051    1.649942    0.393026
1.919491    -0.809779    0.449530
0.398281    -2.379154    -1.017694
-0.737875    -0.260220    0.797629
-0.432901    -0.464403    -1.022083
-0.313358    -1.223961    1.130315
-0.946831    -0.240358    0.264546
-0.833182    1.050621    0.227293
-0.873231    -0.955632    -0.038140
1.245198    -0.153447    1.097210
1.183198    -0.649687    2.705380
-1.486988    0.900356    0.357259
-3.119115    -0.774128    -1.446822
0.872551    -0.739834    0.276181
0.889821    -1.182037    -0.163718
0.996864    0.345654    -0.588566
-0.174488    0.700531    1.958804
0.140936    -1.146757    0.402601
0.507628    0.509379    -0.054685
-0.681881    0.005845    -0.076252
-0.289997    0.176253    -0.723670
0.267799    0.328932    -0.233318
0.196461    -0.491263    -0.950812
-0.249762    -0.633369    -0.891277
1.062082    -2.056834    -0.503082
1.416692    -1.890768    -1.110484
-2.010338    1.250312    0.024874
-0.329655    0.798631    1.408374
0.039806    -0.561661    0.095293
0.962419    -0.052066    0.174384
0.292527    1.700797    0.333654
0.109520    -0.506848    -0.115459
0.754583    -0.534128    1.082599
0.919616    1.608966    0.219698
-0.116777    1.060309    -0.601298
-0.413103    1.647374    0.964174
-0.208307    -1.051146    0.460622
0.043796    1.245594    1.144353
-1.138450    -3.172509    -1.747650
0.392488    0.441305    1.177337
-0.065214    1.072621    -1.273664
1.162004    0.210620    -0.675188
-0.786215    -0.781714    2.248679
-0.297171    -0.616319    0.179292
-0.005728    -0.019916    -0.013643
-1.643138    2.022986    -1.856765
0.857228    2.006250    0.773473
-0.514097    -0.317934    1.250608
0.902120    -0.524472    1.169216
0.717283    0.111694    -0.495672
2.304562    0.310633    0.111481
1.712176    -0.065813    -2.008463
0.310219    -1.215493    -2.363300
0.686774    1.714081    -3.365088
-0.369998    -1.178462    1.552467
-0.792216    0.843271    -1.396648
0.075186    -2.035911    -1.219617
-2.913907    1.010704    -0.638100
1.059427    1.176178    -1.289069
1.117057    0.152637    0.773987
0.781267    -0.337423    -0.374879
-0.637176    0.785358    -2.398242
-2.730073    0.496047    0.190642
0.580013    -0.712245    1.402643
-0.069946    2.281032    0.623264
1.050637    -0.986559    0.588094
0.245393    1.404549    -0.059092
0.130548    -0.817423    -1.934456
-0.438621    -2.437746    0.222232
0.166445    -2.288025    0.986596
-0.182034    0.459435    0.197844
1.525430    -0.859411    0.184649
0.581656    2.357185    1.300705
-0.346819    -0.634654    -0.452930
-0.616345    0.532245    2.504759
0.161151    -1.002231    0.382259
1.035851    -0.057229    -0.272709
-0.241623    1.788357    -0.717003
-0.877098    2.317405    0.843184
-0.005082    -1.333369    -0.002216
0.232532    0.857083    -0.412196
-1.188703    -0.967020    1.561315
0.187779    -1.187867    1.724034
2.226649    1.047354    0.915327
2.577816    -0.296250    -1.761608
-0.301887    0.490952    -1.456665
-1.594639    1.153178    0.708071
0.859652    -0.225302    -1.043840
0.703028    2.391094    0.153690
-0.574680    -0.179793    2.554943
0.309245    -1.675092    -2.512223
-0.851015    -1.069252    -2.011798
0.484777    -1.470042    0.068883
3.007219    -0.803078    0.246351
0.591956    -0.926365    -1.209712
0.220388    0.418052    -1.394924
1.748579    -0.376882    -0.975309
0.170441    0.086884    -0.359999
0.939889    -0.213828    0.394801
-0.092886    0.821315    -0.213782
0.882723    -1.230091    -0.430531
0.941765    -0.715217    2.578829
-1.315088    -1.002849    1.046392
-1.374789    0.355622    0.898789
0.565702    -0.506465    0.438205
-0.872403    0.320127    -0.735315
1.237366    0.358899    -0.455035
-0.301905    -0.141578    -0.605512
-0.010670    -0.754616    0.428996
0.018607    1.677226    -0.258095
0.712498    -1.037566    0.791063
1.504432    1.018484    0.402383
-1.712791    0.904593    1.591660
2.042290    -1.364755    1.089642
0.394129    0.395170    0.663353
-2.495078    1.774026    0.340371
-0.175309    0.178462    -1.272220
0.403038    0.357401    0.274104
0.368217    -0.228038    0.580468
0.615214    -0.773655    -1.079244
3.529562    -0.714295    0.724652
2.409776    0.192327    -0.712981
1.243287    0.473590    -0.263473
1.425928    0.152240    0.259064
0.173292    1.056265    1.185622
-0.456475    0.036191    0.639816
0.029180    -0.920277    -0.128216
1.292752    -0.254932    -0.780499
1.206322    0.090822    0.136286
0.938382    -1.256929    0.314163
0.695401    0.226505    -0.901350
-0.629865    -0.357697    -0.970378
0.148161    -0.812323    -1.523209
-0.265651    -1.287681    -0.532656
0.486679    0.354956    0.094050
-1.743202    1.363349    -1.942309
-0.602264    -0.547566    0.970251
-1.830336    -1.739182    -1.895965
0.795496    -0.098466    -2.475778
-1.863826    0.160081    -0.356902
0.746931    0.314853    -0.767768
1.484454    0.860157    -0.067408
-0.476881    -2.886957    -0.189779
-0.256193    -1.209992    -0.760269
0.447423    -1.401238    -0.668526
-1.219381    1.733106    2.347219
-1.715058    -0.628949    1.543575
0.049381    -1.821662    -1.215888
-1.303631    0.114907    -1.459921
-1.317705    -0.743137    0.748768
-0.230400    1.195316    -0.439869
-2.346888    -1.085350    0.772602
2.026862    -0.715535    -0.511161
-0.110344    0.582133    -0.735070
0.464148    1.631596    -0.014562
0.343886    -0.180956    0.405851
2.596426    -0.729429    1.397371
0.407646    -1.539252    1.000056
0.027852    1.830343    0.961586
0.714777    1.953963    -0.935661
0.472866    -0.034645    -1.290994
-2.187757    0.224102    -1.004925
-0.834527    0.106937    -0.092659
-1.221016    2.098308    -0.162653
0.502100    -0.453845    1.352104
-0.549745    -2.287018    -2.144983
-0.376841    0.223964    -0.141784
2.163867    -0.419944    1.969944
0.539126    -1.330507    1.443608
-0.402391    2.093985    0.261209
-1.592949    0.701537    1.524736
-0.660562    1.425797    -1.921073
3.906156    -0.048664    -0.555559
-0.191764    0.099410    -0.599446
-1.283453    0.201244    0.061863
-0.019181    -1.709540    0.936975
1.171910    0.405022    1.498833
-0.815991    0.616402    -0.514811
-0.377178    -2.413392    -0.683682
1.435362    0.342346    1.348632
-0.881271    0.926657    0.013395
-0.035257    0.167789    -1.222299
-1.213378    1.317427    -1.731114
0.551521    -1.787228    0.643759
0.383671    0.522305    -0.783797
-1.028621    -0.688306    0.765883
-1.165373    -0.050918    -1.782230
1.515733    0.286234    -0.802763
0.280720    1.477160    0.571330
0.390844    -0.033188    -1.391820
0.302209    0.235801    -0.311786
1.092641    -1.322272    -2.220495
2.028330    2.008728    -0.636788
-0.188010    -0.453777    -1.141810
2.092811    -0.174695    0.776683
-0.871921    -0.333624    0.123348
0.745153    -0.587946    -0.175861
-0.421499    -0.100099    1.318332
0.880296    -0.220016    -1.166234
-2.518446    0.008053    0.635895
0.558720    0.901493    0.674700
-1.049936    2.074422    -1.181764
-0.394933    -0.718137    -0.482347
0.917289    1.373575    -0.848390
-2.237069    -0.922590    0.845389
2.302556    -1.609619    -1.857946
-0.391922    2.677355    1.094225
-1.086549    0.494875    -0.022113
1.467852    0.217886    1.318801
0.988160    -2.524866    -1.633006
-1.361505    0.668887    -0.228120
1.083927    -0.982817    1.266107
0.450506    2.603392    0.358327
1.204969    -0.482479    -0.584638
2.380166    -0.431118    0.016263
1.450022    -1.542258    0.164177
1.293705    -0.365486    -0.531127
0.532206    0.355852    3.124827
-1.634403    0.233123    -0.703315
0.838884    -0.570614    -0.660466
1.668233    -0.859426    -0.173951
-1.518692    1.467573    1.195705
-0.113878    -0.577834    -1.243924
-0.092113    -0.668179    -0.135758
0.117351    0.693397    -0.206146
1.258052    -0.265221    -0.776895
-1.529580    1.140791    -1.122150
-2.199467    -0.683045    -1.201122
1.421277    0.063078    1.237363
-0.434456    -0.867035    -0.408464
0.114939    1.126149    0.588953
-0.023388    -0.309866    -0.592504
0.919477    0.539605    -0.053213
1.189152    -0.775401    -1.018454
1.342559    1.640233    1.170555
-0.459052    -2.138371    -0.228161
-1.238541    -0.722866    -0.252209
1.076267    0.530112    -1.289075
-0.811466    -0.155390    1.057556
-1.404261    -0.894489    0.269959
0.759379    -0.615169    0.890013
-1.428334    -0.229561    -1.294190
1.228462    0.709248    -0.232972
0.084306    -1.107255    0.789534
0.268689    -0.583355    1.572858
-0.274664    1.136604    -0.846737
1.027686    -1.993859    2.299960
0.686300    -1.777100    0.481655
-1.425553    -0.568119    0.403676
-0.109276    1.552178    0.050439
-0.512052    -0.803438    0.480001
-1.004564    -0.969518    0.356971
-0.772150    -0.670432    1.468862
-1.355467    1.757724    -1.147256
-2.037860    -3.069602    0.367903
0.206324    -0.842302    0.384835
-0.598641    0.637058    -0.782547
1.904286    -2.458688    -0.323825
-1.164988    -0.979619    1.334707
-0.889842    -1.033905    1.645335
0.595211    -0.014952    0.171806
1.070960    0.088570    -0.310717
-2.071514    0.551722    -0.306366
0.162040    1.494969    0.251535
-0.155920    -0.360070    -0.948105
-1.085079    1.172758    2.064749
-0.451887    -0.332095    0.192579
-1.636234    0.434221    0.895121
1.082234    0.784801    -2.287646
0.846302    -0.234762    0.480919
0.697753    -0.768807    -0.994046
-0.782048    -0.083740    -2.724903
-0.416244    -0.070495    -1.466538
2.336382    -0.024602    -0.216151
-0.589728    0.384187    -1.500277
0.770100    0.108806    2.089431
-0.913775    -0.038825    0.389890
1.456202    -0.167209    1.306775
0.940477    2.516830    -0.405957
1.239315    0.623640    -0.764535
0.098832    -1.173491    0.866110
0.411975    0.027659    0.852253
-1.207994    1.485707    -0.173652
0.628489    0.626296    -0.411521
-0.186283    -1.131378    0.736639
-0.748686    0.369644    1.133924
0.429633    0.479751    -1.134339
0.788083    -2.482596    0.651862
0.594083    -1.486300    -1.429464
0.790461    -1.180213    -0.466350
0.923710    1.445537    0.017929
-0.853635    -0.364583    -0.389841
1.147347    -0.879642    -0.747703
0.315746    1.915817    0.523095
0.301869    1.762319    -0.575154
1.248677    -0.863768    -0.433920
-0.618846    1.028646    -0.221854
-0.350018    1.552236    0.281261
-0.868353    -0.023405    0.130516
1.052947    -1.413110    0.494841
-1.776299    -0.487265    -1.253207
-2.687252    -1.535653    1.780423
1.003169    -0.309613    0.259381
-1.808361    1.061253    -0.344785
0.030773    -0.103071    0.926374
0.386344    -0.252018    0.268860
-0.387038    -3.352760    2.550290
-1.181679    -0.046003    -0.001786
1.138554    -1.314781    -1.912286
0.552844    -0.520751    -0.013978
-1.045868    -1.251987    -0.009067
0.540483    -0.112722    0.114950
-0.697607    -0.865020    0.634858
-0.335448    -2.195515    1.033341
-0.461405    2.065759    -1.267694
1.105285    2.773909    0.152397
2.372915    -0.993403    1.660266
0.791458    -0.740253    1.697330
0.706357    -1.972800    -0.094350
-0.177310    0.855309    0.479737
-0.383215    2.229123    -2.448084
1.137977    -1.022088    0.316361
-0.554886    2.340002    -1.384502
0.065435    0.789871    -0.411594
-0.345832    0.822204    1.079621
-0.492408    0.172907    1.021387
1.079897    2.901900    1.027373
0.842527    0.354782    0.901585
0.067881    1.418854    -0.775562
1.822147    -0.085439    -0.262799
0.373090    0.732583    -0.363816
0.211738    -0.425983    -0.673950
-2.267775    0.876560    1.549720
-0.457332    1.049011    -1.706423
-2.114355    -2.164919    1.066745
-1.076101    1.157737    -2.037891
-1.378401    -0.893163    -1.120079
0.747413    -0.352095    -0.337323
-1.307585    -0.930211    1.421376
-0.680987    0.877607    0.274674
1.077451    1.382657    0.023028
-0.222912    0.243531    0.008345
0.997948    -2.017393    1.197468
-0.214132    -0.660044    1.615413
1.220404    0.114537    -0.955445
-0.439588    -1.456713    -0.323772
-0.093201    -2.138041    -1.102180
0.967041    -1.830536    0.461669
-0.026308    0.538098    -0.105479
-1.615764    0.086648    0.356602
-0.167725    -0.220057    2.144478
0.696862    -1.514293    -1.297289
-0.456427    1.324792    0.390633
-0.957492    -0.194240    0.787957
-0.383621    -0.097820    -0.613261
0.395371    -0.877551    2.668021
0.092892    -0.584998    -0.366581
0.167399    -1.158587    0.088888
-0.565823    0.801807    0.510483
-0.257856    0.733679    0.344965
2.076740    0.212151    -1.060832
-0.827641    -0.286979    0.044054
0.790720    -0.898334    1.552630
0.081615    1.148556    0.064496
-0.969281    0.630106    -0.495896
1.302266    -1.448770    -1.972578
1.467188    0.959443    0.271828
0.361760    2.559491    -1.026572
-2.177942    1.147639    -0.851765
-1.096290    -0.596357    -0.969102
0.894974    -0.891353    -1.263234
1.434515    0.688920    -1.716750
-0.625004    -1.749123    -0.101314
-1.346509    0.558866    0.787970
0.210325    1.012862    0.206921
-1.362086    -1.103684    -0.287822
0.721018    1.690386    -1.180978
0.886108    -0.239470    2.300901
-1.903806    -0.289483    -1.521566
1.703011    -0.387781    1.094773
-1.500499    1.802819    -1.461146
-0.998865    0.116230    1.441057
0.184614    -1.813302    0.197704
0.917104    0.202039    0.541512
1.632662    -0.305483    -1.839080
1.209023    0.343988    1.338198
1.659539    0.538402    1.028228
-0.676905    -1.268702    0.783604
-0.704982    -1.243782    0.661327
-0.096959    0.714965    -0.819807
-0.898974    -0.255372    -0.494175
0.410833    -0.467784    -0.780429
0.988370    -1.094983    1.836537
1.218496    -0.582606    1.745436
1.056861    0.168896    1.322432
-1.213742    -0.239964    0.130583
-0.554526    0.401692    -1.107169
0.302026    -1.461788    -0.085165
-0.215702    1.186951    0.888038
2.007524    0.870014    0.894064
0.694587    -2.457443    1.136156
-1.341854    -0.103383    -0.335931
-1.563095    -1.031870    1.457207
-2.124583    -0.686137    -0.657819
-0.864277    0.157907    -1.922366
-0.495946    -0.459892    0.466625
-1.047544    -0.603557    0.045519
-0.382998    0.392757    0.568426
2.701621    -0.459349    -2.632763
2.141466    1.101325    0.004796
1.281800    -0.678941    -4.026808
-0.747593    -0.300965    -1.744762
0.494250    -0.441582    -1.750032
0.978684    -0.302583    0.262929
-0.597069    -0.453079    -0.478586
0.758826    0.752662    -2.222443
0.633485    0.131878    -0.109200
0.092133    0.088730    0.891126
-1.672991    -0.545978    1.046506
-1.248339    -1.682640    -0.493216
0.658459    -0.576076    0.578683
-0.053500    -0.032801    0.034555
1.594447    0.419202    0.667661
-2.380552    -0.409322    1.091186
1.406241    1.395547    0.420582
-0.345799    -1.263830    -0.443899
0.744111    0.460388    -1.576552
0.051317    -0.484582    0.167247
0.437475    -0.226334    -0.346955
0.099640    -0.717390    -1.096225
-0.616825    -1.148512    0.420576
2.908912    0.524213    -0.030055
0.222822    -0.461771    -1.626662
0.113135    -1.005935    1.133430
0.554496    -0.163305    0.589381
0.379620    -0.645899    0.984641
1.127230    0.992403    0.301575
1.839921    0.228410    0.786947
-0.752620    0.376442    -2.032040
-0.361440    -0.551203    1.832268
0.043663    0.510929    1.739344
0.319687    0.518196    0.151703
-0.067247    0.414675    -2.056305
-0.679625    2.344615    -0.027544
0.606827    0.151279    -0.791808
0.427888    0.735590    -1.145815
-1.066251    0.656795    -0.641769
-0.019380    -0.498035    0.663471
0.502740    0.381407    0.634848
1.142393    -0.060334    -0.992756
1.680781    -0.906375    0.581697
0.688792    1.888579    1.540575
-2.112466    -0.139209    -0.487870
0.946412    -0.638733    -0.895706
-1.309151    -0.098482    -1.593544
0.422070    0.564424    -1.209983
-0.139734    -1.880504    -0.496063
0.646275    -0.571854    1.288409
0.008373    2.231888    0.582190
0.249760    -1.517784    -0.614634
0.178456    -0.167634    1.534691
1.025978    -0.407989    0.146835
-1.236952    -3.106128    -1.317662
0.765478    -0.769018    -0.113039
2.591878    0.169125    1.391383
-0.129225    0.075941    -1.866163
1.275297    0.059065    0.089577
-2.619612    0.803188    -0.430202
0.030044    0.938371    -0.982251
1.163617    0.421042    -0.224473
-0.087029    -1.123089    -1.194330
-0.194681    -0.931444    1.129123
0.837151    0.326152    -1.676804
0.255715    1.710851    -0.495328
1.561720    -0.674309    1.317407
-0.686484    0.261163    -2.912395
-0.138753    -0.734515    -0.331866
0.015800    -1.265358    -1.441115
1.601143    -0.284486    -0.158285
2.319288    -1.060413    -2.655677
0.140034    -1.077295    -0.902795
1.537744    2.637228    -2.171672
-2.107279    0.464939    -0.054026
0.731623    -1.440866    0.167077
-0.433694    -1.427471    -0.227678
-1.482730    -0.090451    -1.050405
-0.653564    0.522124    -0.662025
-0.169447    0.132430    -0.744822
0.263875    -1.974150    -0.637660
0.134140    -1.458969    -2.386795
-1.785126    0.847585    -0.010417
-0.278358    -1.559083    0.715161
-0.333417    -1.393768    0.160715
1.564124    -0.063829    -1.257416
-1.033708    2.519448    -0.726006
0.165795    0.603158    1.061681
-0.474516    -1.480595    0.255742
0.215741    -0.168479    -0.748947
0.248984    0.432116    0.176427
-2.540361    -1.345648    -0.387651
0.259362    -2.134384    1.372359
1.307469    0.480231    -0.027543
-0.929328    0.937335    0.935839
0.742932    -0.223989    -1.680522
0.969234    0.997900    0.678620
-0.921813    0.423973    -1.388735
0.799037    -1.418297    -0.825882
0.831894    1.764771    -0.645324
0.729183    -0.173820    -0.986488
0.757968    -1.810832    -0.406143
-0.730443    1.443347    3.259605
-0.209073    2.178859    -1.567923
-0.130730    0.754131    -1.368292
-0.520587    0.547801    1.162970
-1.260060    -0.341285    1.045139
-1.324669    -0.998079    0.458036
0.788521    -1.651369    -0.954228
1.187532    1.534934    0.367964
-0.117004    2.249597    -1.304600
1.106691    -0.523958    -1.056744
-0.284124    -1.561065    0.841806
-2.272662    1.828662    -0.307882
-0.798315    1.541159    0.816158
-0.663379    -1.046050    0.005421
0.479606    -0.139955    0.116685
1.627943    -2.473353    1.076833
-1.863840    -1.978553    0.416474
1.573142    -0.908937    -0.384569
-2.291232    -0.854046    0.464534
-1.139717    1.713915    -0.395786
1.431848    -1.482803    -1.181021
0.010975    1.702575    -0.015369
-0.644105    0.901808    -1.244840
-1.122009    -0.216723    1.641868
-1.571350    0.120656    1.977697
2.127299    0.242090    0.413329
1.079837    0.262777    -0.845297
-0.542084    -0.784218    -1.787815
0.853039    -0.827769    -0.914942
1.428749    -0.887143    0.197310
-0.287889    -0.397151    -0.660475
1.747697    1.965465    0.613319
-0.591811    -0.372629    -0.823304
-1.010614    -0.968285    0.758945
-1.010930    0.467642    -0.124084
0.498910    -0.285447    0.760518
-0.479859    1.394139    -1.796231
0.415900    -2.201634    0.120523
-2.412707    -0.102669    1.455558
-1.116711    0.353901    1.570757
0.445198    0.123492    2.162751
-1.009410    -0.163781    2.047162
1.438670    -0.090024    -2.378560
0.120723    -0.090091    0.187915
0.409238    1.128921    0.890124
-1.541086    -0.769145    0.920161
1.262236    -0.691569    -1.147562
0.499798    -1.176827    0.664885
-0.501676    0.779617    -0.106354
0.605483    0.702820    0.112661
0.918504    -1.941139    0.255871
-1.488940    -0.718960    -0.991484
2.581799    1.599019    -0.390753
0.022559    -0.653987    1.238157
0.860592    -1.411431    0.057148
-1.052855    2.062010    0.593378
-0.035237    0.692185    -1.837815
1.911428    0.987530    2.846636
-1.742449    -0.543408    1.017281
-1.122703    1.084711    0.843718
1.650791    0.050855    -1.018383
-0.143935    -0.720831    -0.765928
-1.325306    1.177699    -0.458342
-0.791061    -1.033052    1.055283
-1.275415    0.786261    0.073541
-0.421896    -1.029162    1.073995
0.718769    -0.031852    1.079352
1.264989    -0.241326    0.533756
0.798491    -0.284702    -0.237422
-1.055873    -0.917420    -0.381496
1.971721    -1.204428    0.267580
-0.892043    -0.147652    0.150481
0.225876    0.184083    -1.294496
-1.503409    1.134444    -0.313568
1.471649    -0.268492    -0.112686
-2.465791    0.320921    -0.551720
-0.416603    0.072671    -0.460313
0.758808    -1.462308    0.998533
0.892452    -2.044674    0.093218
-1.786272    -0.839687    -2.022583
1.453399    -1.802345    2.403982
0.620934    0.402058    -0.528008
-2.525863    0.560441    -0.594267
-1.029610    -1.111020    -0.226945
-0.509335    0.525294    0.695458
-0.980891    0.179813    -1.182529
-2.151790    -0.553842    1.054797
-0.195054    -0.123188    -0.336653
2.051442    2.045409    0.303971
0.087414    0.237772    -0.634905
-1.388055    -1.322869    -0.790575
2.515736    -0.542258    -0.113215
1.520919    0.372820    -1.243219
-0.306321    -0.400321    0.572972
-1.048618    0.627110    1.951485
0.845237    -1.223464    1.970071
0.835540    0.380363    0.059248
-0.102616    2.919415    -0.832549
-0.765585    1.553662    -1.770649
-1.113727    -1.744487    0.323739
-0.697193    0.870015    -0.940323
0.507401    2.591823    1.293304
-1.196884    -1.454179    -0.515922
1.923620    2.036962    -1.566775
0.124198    0.421800    -0.087850
-0.923708    -1.280345    2.501119
0.884313    -1.023419    -1.665105
-2.282233    0.514285    0.063245
-3.099130    1.789713    -2.306135
-0.993374    0.472794    1.509764
-0.601440    -0.279821    0.997836
-0.236412    0.780093    -0.271792
2.059011    -0.814165    0.655567
-1.246345    0.027608    0.458162
-1.097042    0.448678    -1.429870
0.075117    -0.921371    -0.128960
1.913944    -0.900547    1.308314
-0.697263    1.544509    -1.056652
0.377977    1.556115    0.481764
-0.058940    0.190082    -1.028129
0.554887    1.000630    1.329932
2.131368    0.059081    1.201607
0.187980    -0.745297    0.592126
1.441365    0.168565    1.258272
-0.275859    -1.670839    -1.554113
0.378050    1.107649    -0.603017
-0.469135    -1.403921    1.593306
-0.021748    -0.539961    0.073411
-1.019164    0.333433    -0.504018
1.372190    1.445661    0.727035
0.308560    2.186338    -1.746695
1.789424    -0.998270    0.719591
-1.244088    0.536315    0.175146
0.889462    0.134622    -0.403386
3.613689    1.066247    1.800503
-0.517339    -0.345183    1.309586
-1.840744    -0.627528    -2.335307
-1.095838    0.669989    -0.411059
-0.874261    0.885349    0.248189
0.686600    0.431017    0.658324
1.991171    -0.041731    -2.112715
0.086913    -0.801132    -1.251855
0.031394    -0.675495    -0.711839
0.507363    0.705439    -0.513013
-0.396451    -1.102316    0.131656
-0.571436    -0.995507    1.548175
-0.845734    1.835123    0.131139
0.498933    2.039642    -1.037268
0.200784    1.469501    0.108071
0.362490    0.239400    -1.983236
-0.732420    -0.188886    -1.446577
-0.210395    -1.029384    -1.208241
-1.184961    -0.085725    -0.730132
0.156211    -0.757901    -0.007108
-0.709730    1.046116    0.087554
-0.079362    0.109910    -0.429562
1.104104    1.351233    0.398196
2.014254    0.960393    -1.652432
-0.234083    -0.378475    -0.834194
0.826980    -0.459159    -1.716276
-1.510671    1.653910    1.512970
2.013201    1.695429    1.430365
-1.498152    0.078528    -0.059970
-1.207485    -1.365773    -0.456973
0.271837    -0.005750    -1.767912
1.268606    1.099491    0.955599
1.070797    0.649791    0.276129
1.815953    1.634042    -1.770032
0.026722    0.628783    0.181752
1.210059    0.019787    0.545606
-0.474204    -0.278181    0.601666
0.211630    -0.379902    1.275787
0.168212    -0.189099    0.344045
-0.609048    -1.128839    2.094172
0.451518    -1.756323    0.514196
1.336419    0.386653    -0.070401
-0.736275    2.215063    0.331366
-2.042786    3.466332    1.373160
1.283685    -0.449102    0.521509
-1.255245    0.019402    0.721865
-0.404671    -0.700204    -1.646224
-1.447113    0.768689    0.104484
0.832610    0.799464    -0.579333
0.198306    0.722114    0.691744
-0.581006    0.983690    -0.835286
-1.449290    0.165140    0.767199
-1.119209    -1.829317    0.814449
0.545305    -1.315155    0.518136
1.065160    -0.425214    0.192762
-0.213421    0.345528    0.023189
0.835189    -0.788743    -0.019738
-0.580768    -0.661778    0.217296
0.852671    -0.009329    -0.643665
0.233432    0.257864    0.811300
0.519662    -0.629792    1.416307
-0.584139    -0.115062    -0.059495
0.474091    -2.360382    2.296378
0.065685    -0.842991    0.518278
0.763751    -0.343611    -0.628456
0.387632    1.480057    -0.592693
1.497057    0.067521    0.987495
0.220142    1.223144    0.863144
1.996000    -1.739281    1.101789
1.194285    2.141495    -0.315240
-0.079431    1.351674    0.422307
-1.538051    1.060509    0.678067
-0.252353    2.503615    3.174549
-1.936407    -0.212039    1.015797
0.142009    -0.491814    -0.368507
0.093313    0.242489    0.135882
-1.051657    1.453633    1.800516
0.882834    -0.680219    -1.799479
0.064108    -0.931667    -1.397971
1.965948    2.144391    1.417962
1.193923    0.561830    -2.555455
0.906105    -1.948537    0.255665
-1.336530    -0.645710    1.368044
0.579369    1.132564    -0.475474
-1.243657    -0.188803    -1.171205
0.258459    -0.816892    -0.302540
-1.391100    -1.828245    0.249707
-0.795205    -1.854135    -0.023526
-0.998570    2.912136    -0.447578
0.471706    -0.187078    1.487723
1.852305    -0.387745    1.282979
0.673218    -0.833615    -1.766749
-0.601812    1.005312    0.006194
-1.507024    0.879693    -0.322031
0.185768    0.075753    -1.284588
0.898764    -0.692686    1.152360
-2.114963    0.536110    -0.719682
0.498380    -1.278844    -0.041712
-0.506343    0.903216    0.709737
-0.907825    -0.479768    -0.079087
-1.419768    0.829288    -1.883778
1.180030    -0.871139    -0.123559
-0.835745    0.305231    0.258741
-0.248167    -0.139177    -1.742257
1.576976    0.378798    -0.878237
0.293502    -0.085163    1.546025
0.840128    -0.318749    -0.468193
-0.625866    -0.716416    -0.451074
-1.484967    -0.700328    0.336850
1.470829    -1.791118    -0.116018
-1.449923    -1.904681    0.030163
-0.744154    0.330340    -0.345560
1.256736    0.352416    -0.888077
-0.649580    -0.315882    -0.245431
0.703335    1.072858    0.151254
-0.029458    0.085929    0.333135
-1.016040    -0.295705    -1.071793
-0.894856    2.349059    -0.202343
1.101688    1.144166    0.071344
0.242786    -0.368589    1.001448
-0.895062    0.416747    -1.146017
-0.934123    0.711580    -0.673514
1.279249    1.490960    -0.039897
-0.995762    0.130307    -0.809437
0.208732    -1.086365    -0.305188
-1.559007    0.536936    0.950986
0.284771    0.866596    2.392474
1.559116    -0.745680    -1.117798
-0.641133    -3.394287    0.468110
-0.929673    -0.795150    -0.101848
1.073515    -1.719521    -0.348963
0.001321    -0.536218    0.882627
-0.172300    1.774942    -0.587574
-1.312931    2.519222    2.117555
-0.982975    -0.203430    -0.601432
0.073367    0.547545    0.820605
0.955019    -1.930157    -0.651242
0.177143    -0.493891    0.328192
0.162388    -1.974876    1.241090
-0.352968    -2.125634    0.473214
-1.300278    0.744436    -1.418807
0.731579    1.243011    -0.519157
-0.807516    -0.643382    0.358973
0.497610    -1.317322    0.832666
0.192817    -0.003946    1.217450
-0.397476    -0.011339    0.677876
0.241982    -1.678114    0.480548
1.250820    -0.171096    -2.967404
-0.693908    -0.279568    -0.960315
-1.262000    -2.336632    0.287555
-3.482790    0.490560    -0.378355
-1.777775    0.709554    -0.156936
2.174263    -0.378329    0.070689
-1.146838    0.858568    1.811679
-0.613936    0.165191    0.134990
-2.096892    0.060848    -0.876891
-0.139831    -1.336402    0.226257
0.942584    3.365064    -2.144865
0.868563    0.149654    -0.192771
-0.351708    -1.048033    0.422227
-1.803742    0.052372    1.264559
-1.185749    -0.570639    -1.277805
2.269525    -0.658870    2.291041
-1.069451    1.448364    -0.832710
-0.663954    2.679182    0.160547
-1.313971    -0.214665    -2.008159
2.170777    -2.363619    0.495804
-0.202213    0.980364    -1.027652
0.034579    0.072961    -0.188171
-1.470281    -1.441431    -0.519016
-0.671652    -0.239918    0.311556
-0.524487    1.510818    -0.357224
-0.912638    1.847230    -1.874199
-0.742211    -1.665727    -1.748933
0.917123    0.917548    -0.023573
1.577615    0.096066    -0.136500
-1.652082    0.742629    -1.261837
-0.041811    0.829306    0.606753
1.235920    -1.063738    -0.544348
-0.295506    -3.166101    0.043661
-0.118962    0.708070    0.257898
0.419179    -0.148376    0.689463
0.733087    2.389888    -0.053298
1.468973    1.259502    -0.325933
-0.657933    -1.513784    2.522530
-0.393013    1.959890    2.245899
-0.631194    0.556063    -1.003871
0.407527    0.080399    0.547611
0.876671    -0.288473    0.955275
-1.886426    0.529212    0.757173
0.041021    -0.078857    0.842970
-0.458716    0.193051    -0.752051
-0.862721    -0.573349    0.315289
-0.870748    -0.235672    0.885696
0.620703    -1.074017    -0.587333
1.553465    -1.155564    -2.522056
1.436572    2.902443    -0.667206
0.081831    -1.416544    -1.267859
-1.012406    0.988815    -0.673148
-0.116927    0.018476    1.014791
-0.021154    0.775099    -1.949492
1.059759    -0.582795    0.036772
-1.121920    0.315225    1.279699
1.187537    0.850492    -1.561370
-1.825850    1.269790    -1.416839
-0.247656    -0.753601    -0.863497
0.765697    -0.077962    -0.031571
0.352827    0.388806    2.398545
1.008270    -0.362068    -0.017803
0.798708    1.043504    0.958148
0.960980    -0.639651    -0.799843
0.350668    -1.143686    -0.742833
0.153573    -0.226332    -0.101181
-0.380069    -0.541442    -0.136827
1.329243    -0.210365    0.278762
-0.295039    1.815497    1.191792
2.068298    0.141662    2.462278
-2.954376    -0.851151    0.012887
2.003312    -1.370884    -1.226461
0.154403    0.159890    -1.253597
0.426119    -0.502719    1.764399
-1.105720    1.341082    -0.504028
-0.753102    1.737190    -0.135189
0.805423    1.117253    0.529849
-1.008584    -0.252219    -0.146171
-0.691148    -0.891891    -0.935540
-0.861612    -2.056377    -0.465165
-0.513857    0.551819    0.117196
0.575209    -0.401961    1.509052
-0.855412    -1.781027    -1.731088
0.376542    0.449359    1.922166
0.195641    0.197344    1.285940
0.671069    0.143163    0.500339
1.697544    -0.863232    0.999074
-2.869252    1.609252    -1.236069
-0.668368    -1.016136    0.688528
0.004480    -0.481965    0.743095
0.080157    0.213351    1.489952
-0.762736    -0.995961    -0.085415
-0.736602    0.692656    2.626250
0.974874    -2.990363    0.072715
0.756916    -0.150214    0.191665
1.892291    1.304484    -1.306128
-2.284929    0.499051    1.384503
0.232276    -0.320370    0.645396
1.355913    0.820678    -0.276390
-2.920090    0.915338    0.640618
-1.852657    1.814339    -0.221792
0.055526    0.140276    -0.890064
0.005254    -0.653658    -0.891576
-1.483301    -0.304483    -0.810028
0.164962    0.609097    0.082306
0.436222    -1.041594    0.423723
1.300802    1.224144    -0.292507
-0.307065    -0.008945    2.889361
-0.481640    0.047797    -0.872071
-0.971765    0.521986    -0.593646
1.006733    -0.477210    -0.499566
-0.561243    -0.806749    0.133502
-0.215148    -0.893737    -1.526833
-0.144689    1.398291    -0.497249
0.452060    -2.540670    1.083347
1.927812    0.730665    -0.968735
-2.519791    0.798327    -0.346006
1.596250    -0.900363    0.355404
-0.573377    -0.783483    0.092486
0.072647    1.175149    -1.205808
0.516971    0.905037    -0.230648
-0.483951    -0.651904    0.734049
-0.781922    1.780361    -0.904867
0.737053    0.706013    -0.898449
-1.430412    1.475673    0.167790
0.309332    0.570706    0.502959
1.105462    -0.448429    2.050120
-2.484475    -0.140569    -0.111609
-0.837312    -1.203791    -0.449608
-0.353011    0.483505    -0.415956
0.241943    -0.476388    -0.861025
-0.240325    1.933970    0.555589
0.152585    -0.757001    -0.839934
1.810943    -0.319596    0.579170
-1.800242    0.194560    -2.683691
-0.283985    0.428111    1.600277
-0.451329    1.075690    2.526386
0.567688    -0.568171    1.069124
2.885592    -0.979668    3.499803
-0.013348    0.200307    1.937466
1.766321    -0.002631    0.354982
-0.529886    0.611296    0.028773
-0.208817    1.146234    0.250325
-0.957579    0.694557    -0.513419
0.637901    1.960651    -0.733141
-1.307265    1.018239    -0.554262
-0.368232    0.546058    -0.323866
-1.439525    0.973026    -0.805094
0.031978    -0.541597    1.178625
0.390320    0.938378    -0.870179
2.502182    -1.359968    -1.086640
-1.352566    0.097120    0.393734
0.030207    -1.550467    1.453528
-0.418552    0.587651    0.165076
1.024626    0.624402    0.294417
1.230670    1.886861    -0.932530
0.837295    -1.080539    -0.483212
0.235710    0.564628    -0.244684
0.629753    -1.069060    -0.860909
1.013497    -1.233666    -1.595298
-0.334672    -2.028761    1.686801
-2.809888    -1.810406    -1.319424
-0.209259    -0.405966    -0.416567
-0.877239    0.888647    -1.500098
-0.090409    -1.522802    0.455483
-2.079865    -1.181765    -1.866548
-0.332355    0.743357    0.295592
1.314494    0.499851    -1.164630
0.992489    -0.164255    0.037293
0.797195    1.160633    2.098111
1.358515    -0.889567    1.049733
-1.344004    -0.061940    -0.702621
1.746235    -0.213604    0.745704
0.672866    -0.268534    0.290096
-2.974292    1.712846    1.806882
0.479745    1.610250    0.258008
0.355669    0.366160    0.563010
-0.484434    -0.003585    -0.533442
-1.420188    2.521958    0.592835
-1.378821    -0.350460    0.968652
1.024778    1.514954    -0.401130
-0.842251    -0.732034    -0.652548
-1.599033    0.723299    1.413567
0.666678    -1.640253    -1.220743
-0.993041    -0.114791    -1.353447
-1.051552    0.543374    -0.148452
-1.138014    -0.826253    1.415307
1.071044    1.720740    -0.695585
-0.163090    -0.226860    -0.707610
0.144130    -0.407338    2.290108
-0.227638    1.129942    1.283090
0.622358    0.750676    0.787798
0.789695    0.356741    2.115956
0.115308    -0.242780    -0.205554
-0.629623    1.227291    0.057497
-1.787583    0.623064    -0.527202
0.042744    1.408954    0.561273
0.618160    -0.248914    -1.095892
0.016347    -0.160875    1.365522
0.834688    -0.370079    1.113217
0.062634    -0.750034    -0.469632
-0.037996    -1.043603    0.009316
-0.474667    -0.712681    -0.282990
1.131109    1.837481    -0.781688
0.331007    1.733674    0.725071
-1.366055    2.862818    -0.248914
2.263578    0.360912    -2.625132
0.481376    -1.353748    0.554855
-0.630022    -0.166558    0.474353
-0.362510    0.123694    1.433111
-0.617754    -1.902958    -0.618319
-0.878468    -0.354683    0.753321
1.301597    -0.079142    0.003803
1.081640    -0.384667    0.033057
-0.330537    0.489739    -0.983297
1.105338    1.823346    -0.201050
-0.303956    0.400329    0.128600
-0.394764    -1.148055    -0.500433
-0.881784    1.264773    -0.397634
-1.187286    0.497025    0.691584
-0.508459    0.389309    -0.699401
0.075526    -0.799469    0.796610
0.107652    -0.983873    1.045649
-1.772477    -1.390133    0.268694
-0.965096    1.232630    0.665970
0.818922    0.410817    -0.520182
1.081672    -1.114724    0.279472
-0.114975    -0.430191    0.539299
1.333350    1.234966    0.713810
-0.991647    -1.697782    -1.465945
-0.729039    -2.367293    -0.248961
2.890670    -0.828671    0.750116
0.109374    0.074341    0.520580
-0.734857    -0.038462    -0.436106
-0.071635    -0.590546    -2.357139
1.331523    1.658285    1.393781
-0.301827    -1.038670    -2.343452
0.510269    1.535600    0.029129
0.304886    -1.919338    -0.387122
0.265888    2.673781    -0.979038
0.284877    -0.288487    -1.798611
-0.416065    2.351222    0.905184
-2.339039    0.291656    -1.416686
-1.462185    1.650669    2.587604
-0.483806    0.617044    -1.694857
0.138145    1.089913    0.070857
-1.902964    1.386387    0.704488
0.180699    0.282541    1.842716
1.152911    -0.472930    0.000814
-0.406263    0.501969    1.686599
1.322406    1.439010    0.614475
-0.104709    -1.363983    -0.434004
-1.798838    -0.291729    1.232878
-0.615505    1.577980    0.483142
1.900593    0.460873    -0.046455
0.416788    0.185346    -0.556230
-0.840901    -0.253313    -0.935347
0.201384    0.803272    0.153455
-0.516710    1.669682    -0.406496
-0.863788    0.506824    -0.369685
1.211394    -2.271812    -0.931938
-0.604179    -2.696418    0.386455
0.372119    0.658541    -1.115319
-1.164065    1.292475    1.352347
-0.712078    -0.251248    -0.839672
-0.590243    0.999741    0.561964
-0.719033    1.440488    1.460104
1.387182    -0.040607    -0.776683
-0.114060    1.224033    0.057156
-0.827187    -0.194414    -0.618974
0.282837    -0.721709    0.959320
-1.271503    1.314772    0.956729
-0.393292    -0.782925    -0.333749
-0.191411    0.373262    -1.377602
-0.039619    0.256696    -0.417019
-2.085708    -0.782115    -0.047329
-1.256915    -1.962878    -1.597189
1.229931    1.122111    1.409381
-0.340673    -0.250708    0.005781
-0.401424    1.161967    -1.757746
1.937771    -0.988622    -1.075434
0.689694    -0.145319    -0.898704
-0.776338    -1.823506    1.019933
-0.701624    -0.112205    -2.121916
-1.338484    0.188449    0.373743
-0.964787    1.400246    -0.307827
1.669640    -2.218816    -1.645214
-0.889751    -0.177698    0.898473
-1.003057    -0.193105    0.656715
-1.125374    -1.065652    -0.724719
-0.017662    0.303121    -0.743476
-0.583316    2.482397    -0.174937
0.113107    0.710657    0.191236
0.921250    -1.019987    0.264527
1.470248    -0.144555    0.559158
-2.043335    0.887756    0.027803
-0.264476    -0.542069    -1.761550
1.824839    1.179855    -0.623994
0.028675    -0.791485    2.470512
1.083267    -1.306912    1.312113
1.096109    1.535903    1.497121
1.868283    1.452929    -1.098437
-0.360270    -1.523286    1.354125
1.098505    -1.036526    2.147726
-0.691186    -1.599096    -0.181007
1.421493    0.233128    -0.173010
-0.468828    0.434926    0.252871
-0.814028    1.392088    1.177608
-0.561558    0.445319    -0.871025
-1.404657    1.332921    0.228739
-0.306088    2.970807    -0.185538
-0.496285    -1.472330    -0.092760
1.195355    3.146190    0.735914
-0.673191    -2.415916    -1.995221
-0.595725    0.350553    -0.674241
-0.849457    -2.422598    1.264476
0.041395    -0.328675    -0.921907
-1.051556    0.555612    1.245072
0.364804    0.577294    1.171799
-0.733503    0.593514    1.445722
-0.518733    0.310736    2.693775
0.604519    -2.690619    -0.678897
0.042994    -0.767522    0.581806
0.406356    -2.742940    -1.943536
0.572602    -0.181152    -1.939348
-0.959023    0.151867    1.553532
-2.357683    -1.008207    1.743142
-0.512218    -0.036999    1.468514
1.008051    0.399755    0.332232
0.469960    -0.202970    0.321971
-1.110460    2.441644    -0.734591
-0.550661    0.779432    -0.510302
-0.525614    0.193651    -0.625288
-0.773684    -0.035584    0.488151
-0.493377    -0.361977    -1.484611
1.184807    1.917553    -2.201728
-0.177893    -0.509975    -1.290041
1.144950    1.937534    -0.084591
-0.213819    -0.693662    0.653876
0.101816    -0.653169    -1.105401
0.449056    -2.695229    -0.475577
-0.509995    2.010217    -0.677274
0.375723    -0.430152    -0.185921
-0.848813    0.258734    -0.240440
-0.503931    2.201337    -0.836081
0.984629    1.211591    0.572656
1.440186    0.012203    0.584822
1.296413    -1.096962    0.612172
-1.866378    -3.020404    -0.264753
-0.393014    -0.543960    -0.189853
0.320517    1.488434    -1.685190
-1.188455    -0.240920    -0.350086
0.271839    0.546580    0.764256
1.314247    0.163042    -2.312342
-0.223855    0.620344    1.292897
0.864449    -1.143552    -1.280227
-0.904806    1.307640    2.698122
-1.292664    -0.323092    0.713715
0.830908    -0.036888    0.481586
-1.887745    -0.611180    0.289016
-0.878083    -1.296411    -1.642996
0.812001    -2.081587    1.635423
-0.583856    0.573924    1.857600
1.361055    -1.075507    -0.606610
-0.290996    0.135998    -0.012140
-0.213007    0.257038    1.638322
0.402612    -0.482976    -0.550014
0.837211    0.705664    -0.148596
-1.373128    -0.325290    1.713032
-0.548138    -0.030090    -0.892299
-0.363891    -0.703888    0.294185
0.547705    1.038904    -0.013636
2.080909    -0.337262    -1.234898
-3.344786    0.089387    -0.182639
-0.238488    -1.110969    1.333988
-0.464220    0.090973    -1.677524
0.078676    1.374899    0.612545
0.331446    0.310554    0.069251
-2.038026    1.689626    0.412537
-0.613173    0.201488    -2.031860
0.748184    -0.293646    -0.952519
-1.978962    0.458850    1.659246
-1.041826    -0.288617    -1.916652
-2.777747    -1.628274    0.200275
0.621404    0.307548    -0.589132
-0.256414    -1.140521    -0.663911
0.329238    0.862909    -0.201856
-0.768463    0.791345    0.530561
2.046590    2.166504    0.825358
-1.087067    0.454882    -1.415727
0.746736    0.203387    0.101615
-1.509139    -0.090623    0.324966
-0.459795    -1.076650    0.899256
-2.614263    -0.212713    2.308773
2.753491    0.358271    0.807014
-0.748059    -1.784785    1.073932
-0.477908    1.554204    1.628764
-0.942658    0.997761    -0.548866
1.075703    1.505641    0.042012
-1.481103    0.887071    -0.111568
-0.154185    0.909840    1.714329
1.961328    0.633553    -0.923127
0.776444    -0.859763    -0.637956
-1.960284    2.527359    -0.446609
0.516911    1.046728    0.318623
-0.724755    -0.106300    0.812708
-0.520250    0.200548    -0.375167
-0.221125    -0.223410    1.780651
1.148980    -1.544019    1.856337
0.844128    -0.290273    0.302841
0.945019    -1.102299    0.967235
1.429480    1.747499    -1.524351
1.043518    -0.883417    -0.622244
0.348169    -0.580214    -1.978247
0.529416    -0.490294    1.347090
2.031804    -1.732800    -0.465225
0.555808    -1.038188    -0.805148
-1.999553    0.789571    -1.134884
0.767193    -1.035572    -1.235093
-0.808720    -1.199169    -0.166207
1.072502    -0.853083    0.070852
1.447636    -0.058538    0.947075
-0.318664    1.585888    -1.139921
-1.081284    0.684015    -1.878475
0.931852    -0.439784    -2.337559
0.577010    2.237459    2.266536
-2.869651    -2.617487    0.354399
0.138318    -1.824728    1.318752
1.569310    -0.096867    -0.800760
-0.508948    0.498543    -1.728214
-0.608286    -1.247445    0.328030
1.168959    -0.062093    1.091070
0.532795    0.326579    -0.005578
-0.561191    -0.306497    -0.403490
-1.718310    -1.584079    -1.389504
-0.125815    -1.451085    -0.594014
-0.646380    -0.066094    0.511232
1.455288    -0.083863    -0.028620
-1.666769    0.185483    0.171217
-1.122147    -1.802545    -1.478460
0.485819    0.051515    -0.213303
0.427213    1.172449    2.307011
0.266964    0.498732    -0.009837
0.094098    -1.195452    1.321326
0.684347    -0.064692    -3.847512
-1.553623    -1.078604    -2.920870
1.162405    0.764836    1.395149
-0.026422    -1.132115    -0.276609
-0.825387    0.642059    0.754296
-0.680394    -1.297622    0.829850
-0.920360    3.164343    -0.521900
0.884246    -0.540693    -0.661270
0.476509    -0.940996    -0.894079
-2.855888    1.518795    0.595452
-0.816284    1.668088    -2.212097
1.272983    1.474060    -0.104272
-0.062305    -1.925766    1.160694
-2.262486    0.986885    0.647272
-0.257511    -0.798736    0.117148
0.611154    -0.503422    -0.490873
0.439598    -1.673003    -1.499777
1.097868    -0.322169    -0.414652
2.935162    -1.007323    0.406303
-1.178168    -0.135818    -1.003892
-0.342412    -0.639559    -1.255841
2.181824    -0.710304    0.454326
0.581953    -0.710459    0.407547
1.436698    1.087756    -0.279980
-0.727273    -1.113793    -0.057369
0.619071    -0.463100    -0.195020
1.118904    -0.511387    0.679489
-1.931090    1.703057    -0.886935
-0.794930    0.155855    0.334621
0.321007    2.577854    -2.552886
-0.446856    -0.738754    -0.726173
-0.928787    -0.383699    0.053161
-0.041717    -1.166726    0.107400
0.708496    2.461630    -1.091279
-0.517156    0.040919    -0.742305
1.914638    0.298667    -0.763188
-1.144913    0.553387    1.279986
1.066920    0.785380    -1.980928
-1.990401    -0.785998    0.389311
0.491704    -0.954196    1.357904
1.977360    -1.515506    1.216877
0.546627    -1.130659    -0.991693
-0.529556    -1.334305    0.018200
-1.883346    -1.597051    -0.834363
0.209861    0.262934    0.027919
0.250410    -0.973473    -1.756152
0.193002    0.642275    -1.658611
0.853516    0.226373    0.370005
-2.031812    -2.545077    -0.639424
-1.371728    0.316246    1.044118
-0.647938    0.241940    0.194053
-0.095277    0.001958    -1.032271
-1.236701    0.817135    0.653945
-1.544156    0.858388    0.238086
1.120112    -1.612975    -0.088073
-0.273414    -1.927411    -1.207986
-0.739278    -0.046832    2.028383
-0.123150    0.001335    -0.329411
0.927117    1.915239    1.656817
2.372748    0.745341    0.590094
0.372884    -1.414154    -0.871069
1.162714    1.095924    0.174379
-1.440314    1.652777    -1.020379
1.484535    -0.967839    -0.013850
-2.547226    -0.091986    -0.093265
0.092476    -0.683187    -0.885697
-0.231712    1.645069    -1.135929
-1.761192    0.323971    -0.484932
0.096421    -0.920758    0.016093
-0.416970    -2.825347    0.125457
-0.701396    0.001822    2.959784
0.487215    0.202701    1.098906
0.950499    -1.047117    -0.440663
0.004063    -1.159865    1.793721
-0.999553    0.701701    -0.706397
-0.621821    1.515988    0.190233
0.396121    0.342707    -1.310271
0.127579    -0.124230    -0.047785
-0.943394    -2.190082    -0.430767
-1.796962    -0.269463    -0.031878
0.713706    -1.958099    -1.751773
1.785208    0.296347    -1.163448
-0.206259    -1.175375    0.101116
0.090233    -0.448506    0.576183
0.881261    1.508952    0.288338
0.418968    0.407044    0.579907
1.182778    -0.008361    0.484551
1.699723    1.257249    -0.857948
0.032541    -1.840169    -0.288012
-0.534375    -0.294776    1.205901
0.044188    1.869465    -0.101027
-0.848680    -2.164672    -2.490486
-1.040793    2.120842    -0.625573
1.031191    -0.072957    -0.827077
-0.991720    -0.511499    1.979819
-0.023706    3.722012    -0.690994
0.123594    -1.482942    1.687612
-1.964892    1.244239    -1.194439
0.779537    -2.054715    -0.970249
0.418123    0.174694    -0.674963
0.303393    -0.419285    0.368837
-1.771171    0.480072    1.481850
0.782806    -1.048117    -0.861860
-1.407997    0.431562    0.137507
-0.308200    0.645241    0.996636
0.791236    -1.431301    -2.828509
-2.519320    -0.873200    2.039076
1.077968    -2.524465    1.766262
-0.549377    2.044295    -1.377774
-2.811483    -0.159301    1.026978
1.309839    0.324911    -1.646983
-0.226818    -2.303523    0.386731
-0.516816    -1.540131    0.409250
-0.526990    1.439249    -0.246640
0.740246    1.908740    0.432252
1.071031    1.995966    -1.291597
0.258789    -1.436074    1.762226
1.881966    -0.428367    1.047445
0.201547    0.984594    -1.285724
0.938100    -0.514532    -2.088720
-0.677611    0.840222    1.913095
2.723927    0.532976    0.943452
0.007550    -1.498966    -1.603199
1.098762    -0.918442    -0.824561
1.804573    0.554202    -0.135526
3.063942    -1.128144    -1.665293
1.380270    -0.051820    -0.020624
1.090870    -0.272266    -0.698356
0.222583    1.977287    1.568740
-0.367984    -0.476936    1.088379
-0.334292    -0.079193    0.395827
0.968061    -0.325598    1.637091
1.166204    0.202074    -1.703777
-1.288955    -1.083208    -1.304290
-0.064465    1.478813    -0.153540
1.230944    0.972581    -0.377957
-0.059405    -2.022185    0.231845
-1.575377    -0.477008    -1.172688
-2.865868    -0.143926    1.139665
0.629722    -0.812674    1.810680
-2.321799    -0.673854    0.093865
2.599627    -1.229029    -0.747398
1.707273    1.178947    -2.013217
-0.046222    -0.696252    0.213782
-0.096496    1.512236    0.928052
0.360121    -1.173302    0.647741
1.592634    0.314284    -0.493035
-0.320585    -0.264294    -0.104864
-1.573610    0.346916    -2.602047
0.976279    -2.189252    2.014432
-1.481871    1.919221    -0.188368
-0.256000    0.721020    -0.358599
-1.078841    0.600034    0.108487
1.432385    0.075875    -1.210975
0.332289    0.605370    2.535121
-0.658025    -0.956484    -1.422183
0.019066    -0.742879    0.350915
-0.156441    0.710806    0.294277
-0.235842    -1.168204    -1.818254
-0.644575    -0.463583    -1.319845
0.285545    0.101781    0.597815
-1.313315    -0.504930    1.421427
1.469828    1.980850    -1.140759
-1.341755    -1.274077    -0.047812
-0.290116    0.017478    1.196603
0.180767    1.301725    0.179181
0.268268    -1.024401    1.380451
-0.726390    1.473772    -1.390606
0.015045    1.079556    -3.156453
0.074519    -1.195259    -0.553171
0.789956    -0.097672    -0.714397
-0.450491    1.092270    -0.261671
1.452582    1.399713    -0.831726
-0.350633    -1.402663    -0.706042
-2.672641    -1.079793    -0.208801
1.597399    -0.348433    0.568722
0.347485    -0.334999    1.125272
-0.797697    -1.594179    -0.324739
-0.317506    0.668090    1.128812
-0.926270    0.102739    0.130719
1.809180    0.398609    -0.893950
-0.464244    -0.134392    0.511584
0.565512    -0.601743    0.698729
0.586908    -0.509371    -0.358058
-0.349744    -0.022792    3.347189
-0.246809    1.888087    -1.765052
0.000805    -2.094467    -0.220601
0.764277    -2.914848    -0.847590
0.224699    0.843502    -0.828340
-1.752510    -1.045385    -1.245783
1.436189    0.305257    -0.045486
0.519594    1.238108    -0.155834
0.177547    -0.939085    -0.294531
-0.311342    -0.355829    -0.752118
-1.280803    -3.793995    1.047361
-0.644436    1.164428    0.285030
-0.385679    0.224755    1.348060
-0.592214    -1.210783    -2.481441
0.562601    -0.496911    -1.304186
0.501580    0.813205    2.179126
-1.069295    -0.350463    -0.930812
-0.382541    0.941903    -0.878681
0.092149    1.831626    1.032865
0.931231    0.825985    0.553543
-0.170110    -0.265914    -0.522953
1.179733    0.802033    0.418258
-0.168411    -0.541705    1.324397
-0.215693    -0.858704    0.209246
-0.355701    0.145212    0.519258
1.325076    -1.841277    0.748240
0.063750    -0.424136    -0.039517
-0.289145    0.037367    -0.895294
-1.063959    -0.404979    0.717022
-0.032208    -1.218352    0.178353
1.793654    0.394220    -2.267686
1.384374    -1.067372    0.558729
0.948285    0.312597    3.086116
-1.322768    1.131046    1.541473
0.611375    -0.368263    -0.885791
-0.041578    2.045456    -0.161153
-0.883986    -0.084329    -1.822250
0.736920    1.395450    0.215816
-1.328165    -0.284140    -0.335116
0.257460    -0.173449    0.506346
-0.678982    -0.717952    -1.906641
3.802245    0.502766    1.156098
-0.851019    -1.479119    -0.408190
0.926038    -0.134358    0.018119
-1.878564    1.293702    0.855818
-0.754394    0.904336    0.804195
-0.607414    2.533461    0.871621
-1.838760    2.659158    0.549916
1.369092    2.611672    -3.259126
0.810306    1.304670    1.418580
0.174141    0.771573    2.010527
0.331002    0.555398    -1.400941
-1.185137    0.431985    0.631051
-0.035526    -1.963400    0.784564
-1.095594    -1.107973    1.412927
-2.078777    0.538171    -2.982962
0.767024    -2.595325    -0.087125
0.949294    1.544610    -2.155410
0.399068    -0.463730    1.017585
-1.421209    1.501570    -3.274720
2.782109    1.891010    0.340066
1.048199    -0.348953    -0.432363
-0.528743    -1.477377    1.301415
-0.511358    -0.919594    -0.661996
-1.012180    0.525467    0.044731
-0.853812    -0.205906    -0.261523
0.689723    0.295028    0.497728
-1.471232    -0.097510    0.595124
0.971622    -1.129771    -0.611381
-1.575403    -0.476073    0.004211
0.945857    -0.116339    -0.208204
0.422341    -0.538545    -0.996551
-1.118142    -2.160243    0.709869
-0.289001    -0.770095    0.997354
0.299772    0.825509    1.151389
-1.337527    1.464108    1.396863
-0.042251    1.383661    0.826612
1.883652    -1.824061    1.179207
2.219947    -1.516617    0.173210
0.768423    1.149520    -1.574162
0.597010    -1.000441    -0.718771
-0.772606    -0.204772    -1.666765
-1.591742    -0.580975    1.492707
-0.897410    1.406461    -0.578295
0.241767    0.750845    1.948517
1.720038    0.322564    1.167021
-1.601346    -0.620406    -0.776357
-0.464859    -2.589415    0.193655
-0.030489    0.493304    -0.815452
1.002395    -0.131545    -0.433273
-3.009485    0.875691    -0.115019
0.919371    -1.606074    -0.516299
0.521326    0.777552    1.003678
-0.324795    -1.027932    -0.193594
0.326802    0.677419    -0.363297
-0.692515    0.576031    -1.544072
0.989799    0.592479    0.513745
-0.077252    1.373410    -1.248296
-0.009328    -0.108353    0.644446
0.778277    -0.007293    0.776644
-0.106889    -1.294378    -0.633304
-1.798110    -0.599714    -2.702490
-1.352825    -0.189871    0.734359
-0.169841    -2.332516    0.806148
0.957326    -0.335398    -1.193700
-0.471500    -0.410077    0.134836
0.439024    0.423268    1.321138
-0.064254    1.678324    2.296294
-0.082489    0.015757    0.810742
-0.368210    0.254985    -1.434380
-1.345134    -0.216769    0.813240
0.348372    -0.555756    -0.704237
0.962012    -0.532902    -0.408461
1.567779    1.246524    -1.240732
0.296022    -0.054411    0.203702
-2.085502    -0.857916    0.392185
0.757872    1.267180    -1.062837
-0.646913    -0.420009    0.615670
-0.636985    1.301841    -0.474529
2.175354    0.735310    -1.005847
2.163577    0.650498    1.091956
0.784577    0.068013    -1.065400
0.006802    -1.377771    0.007706
-0.349583    0.242039    0.728962
-1.495257    -1.309908    1.016783
-0.722044    -1.310875    2.249512
0.361947    0.512315    -1.178441
-0.537902    -1.143528    0.157079
-0.024965    -0.095248    0.079673
0.199796    -2.184812    -2.120436
1.536693    -0.210747    1.136740
0.678516    0.207599    0.564387
-0.731139    -0.470824    0.040503
-0.549821    0.445785    -0.495510
-0.666058    1.077080    -0.831279
0.387653    -0.447446    -0.991012
0.880292    0.967655    -0.422411
0.452466    0.211820    -0.310731
0.892775    -1.034881    -2.608265
0.337874    -1.268271    1.298435
3.510066    -0.381985    -0.050978
0.687647    0.690220    -0.749595
0.508525    2.556150    0.400634
-1.935943    0.553256    -0.901814
-0.810882    -0.680294    -0.205154
1.397986    1.057095    -0.791357
1.105360    2.503383    -0.627209
0.271746    1.141705    1.428495
-0.525714    -0.660768    0.370128
-0.065082    0.577727    0.181237
-0.442104    0.923154    0.528571
2.667734    -1.904280    0.887542
1.608684    1.864168    -1.744540
1.040764    -0.650052    0.897488
-0.984678    -1.140093    1.805821
0.244389    -0.953455    1.056191
-1.614445    -0.389693    -0.470915
-0.338077    -0.528341    1.202496
1.725636    1.048583    0.198345
-0.170497    0.939407    0.359023
-0.305068    0.892095    -0.410838
-1.367122    0.923905    0.980946
-2.354018    1.857246    0.746731
-1.270895    0.804341    -0.821775
0.145725    0.729447    -1.633874
-0.854866    0.322316    0.064611
-1.813976    -1.128262    -1.101065
-1.268607    0.493159    -0.865141
-0.425819    1.818269    1.937067
-1.692377    -0.073877    -0.873592
-1.141271    -0.355090    2.438986
0.089972    0.092486    -1.031076
-0.107480    -0.381977    -1.874284
0.255269    -1.519786    0.467497
-0.001317    1.201092    1.367801
4.356816    -0.264035    0.864400
-1.259092    0.990926    0.374839
-0.412701    0.031867    1.836321
-0.424429    0.662133    2.206980
-0.640632    0.594443    0.303109
-1.549921    -0.571980    1.296918
-0.674520    0.493729    0.292720
-1.049157    -1.671052    1.421013
-0.615494    -0.098279    -1.162815
0.709359    -2.144831    -0.478451
-0.714505    0.055757    0.748433
-1.289755    0.002016    0.630435
0.286296    0.373923    0.115847
-0.037979    1.320423    0.286383
0.489320    -0.725019    -0.594184
1.780293    -1.080396    -1.186080
0.504823    1.728577    -0.097352
0.511948    0.650159    -1.075877
-0.252965    -0.443860    -0.832770
0.330074    1.724378    0.526600
1.323353    1.700956    0.140818
-0.323391    1.840950    -0.702008
0.878115    0.811718    0.817004
-0.392156    1.135417    0.313976
-0.644655    1.711299    -1.145764
-2.166559    -1.326909    0.395234
0.888316    2.127526    -1.787179
0.445861    0.029593    -1.684692
0.362462    -0.009593    -0.063872
0.289650    -0.182423    -0.382911
0.134369    0.858879    -0.523677
-2.059695    1.106842    0.560142
2.602017    0.668894    0.041824
1.791835    0.523118    -0.538776
0.225466    1.225209    -0.199311
-1.426165    -1.262125    0.055965
