1.475471
1.475458
1.475632
1.475997
1.476554
1.477298
1.478228
1.479344
1.480644
1.482130
1.483807
1.485671
1.487720
1.489953
1.492369
1.494968
1.497749
1.500711
1.503853
1.507174
1.510673
1.514349
1.518200
1.522226
1.526425
1.530795
1.535335
1.540044
1.544920
1.549962
1.555166
1.560533
1.566060
1.571744
1.577584
1.583578
1.589724
1.596020
1.602462
1.609049
1.615781
1.622690
1.629739
1.636926
1.644246
1.651698
1.659279
1.666987
1.674817
1.682767
1.690835
1.699016
1.707309
1.715709
1.724214
1.732820
1.741524
1.750323
1.759214
1.768192
1.777255
1.786400
1.795622
1.804918
1.814285
1.823720
1.833219
1.842777
1.852393
1.862063
1.871782
1.881547
1.891356
1.901204
1.911088
1.921005
1.930951
1.940923
1.950917
1.960931
1.970960
1.981002
1.991053
2.001111
2.011171
2.021230
2.031287
2.041337
2.051377
2.061405
2.071417
2.081411
2.091383
2.101331
2.111253
2.121144
2.131004
2.140828
2.150615
2.160361
2.170065
2.179723
2.189334
2.198895
2.208404
2.217858
2.227255
2.236593
2.245870
2.255084
2.264233
2.273314
2.282326
2.291267
2.300135
2.308929
2.317645
2.326283
2.334842
2.343318
2.351711
2.360020
2.368242
2.376376
2.384421
2.392376
2.400238
2.408007
2.415682
2.423261
2.430744
2.438128
2.445414
2.452600
2.459697
2.466696
2.473593
2.480388
2.487080
2.493668
2.500153
2.506534
2.512811
2.518985
2.525055
2.531022
2.536960
2.542805
2.548552
2.554204
2.559760
2.565223
2.570593
2.575874
2.581066
2.586171
2.591192
2.596130
2.600989
2.605771
2.610477
2.615112
2.619677
2.624175
2.628608
2.632980
2.637293
2.641549
2.645751
2.649900
2.653999
2.658051
2.662056
2.666026
2.669953
2.673838
2.677682
2.681488
2.685255
2.688985
2.692677
2.696333
2.699953
2.703536
2.707084
2.710596
2.714073
2.717513
2.720916
2.724283
2.727613
2.730905
2.734159
2.737374
2.740551
2.743688
2.746784
2.749840
2.752855
2.755829
2.758761
2.761651
2.764498
2.767303
2.770064
2.772783
2.775459
2.778093
2.780683
2.783230
2.785735
2.788198
2.790619
2.792998
2.795337
2.797634
2.799892
2.802110
2.804290
2.806433
2.808538
2.810608
2.812643
2.814652
2.816629
2.818576
2.820495
2.822386
2.824254
2.826098
2.827922
2.829728
2.831518
2.833294
2.835059
2.836814
2.838564
2.840309
2.842051
2.843794
2.845538
2.847286
2.849038
2.850796
2.852561
2.854333
2.856112
2.857897
2.859689
2.861487
2.863289
2.865093
2.866899
2.868702
2.870503
2.872296
2.874081
2.875854
2.877612
2.879352
2.881072
2.882769
2.884439
2.886082
2.887709
2.889323
2.890903
2.892448
2.893954
2.895422
2.896850
2.898236
2.899581
2.900883
2.902143
2.903359
2.904532
2.905662
2.906748
2.907792
2.908793
2.909752
2.910670
2.911548
2.912386
2.913186
2.913949
2.914676
2.915369
2.916030
2.916662
2.917266
2.917846
2.918404
2.918945
2.919472
2.919989
2.920501
2.921011
2.921525
2.922046
2.922580
2.923130
2.923701
2.924297
2.924919
2.925572
2.926256
2.926974
2.927726
2.928513
2.929333
2.930187
2.931072
2.931987
2.932929
2.933898
2.934889
2.935901
2.936931
2.937977
2.939037
2.940108
2.941189
2.942277
2.943371
2.944469
2.945571
2.946674
2.947778
2.948882
2.949986
2.951087
2.952186
2.953282
2.954375
2.955464
2.956548
2.957628
2.958703
2.959772
2.960836
2.961895
2.962959
2.964018
2.965072
2.966120
2.967164
2.968202
2.969237
2.970267
2.971294
2.972317
2.973337
2.974355
2.975371
2.976386
2.977399
2.978411
2.979422
2.980433
2.981443
2.982453
2.983462
2.984470
2.985476
2.986481
2.987483
2.988481
2.989475
2.990464
2.991446
2.992420
2.993393
2.994517
2.995632
2.996736
2.997829
2.998909
2.999973
3.001021
3.002052
3.003063
3.004055
3.005025
3.005973
3.006898
3.007799
3.008677
3.009531
3.010360
3.011166
3.011948
3.012707
3.013444
3.014158
3.014852
3.015526
3.016181
3.016818
3.017439
3.018043
3.018632
3.019208
3.019772
3.020323
3.020864
3.021396
3.021918
3.022434
3.022944
3.023449
3.023951
3.024452
3.024954
3.025459
3.025971
3.026491
3.027023
3.027570
3.028135
3.028722
3.029334
3.029975
3.030647
3.031353
3.032096
3.032878
3.033701
3.034564
3.035470
3.036417
3.037404
3.038431
3.039496
3.040598
3.041732
3.042899
3.044094
3.045316
3.046562
3.047831
3.049120
3.050428
3.051755
3.053098
3.054458
3.055834
3.057227
3.058636
3.060061
3.061504
3.062964
3.064442
3.065938
3.067452
3.068985
3.070536
3.072104
3.073690
3.075292
3.076908
3.078539
3.080182
3.081836
3.083499
3.085169
3.086844
3.088521
3.090200
3.091877
3.093552
3.095221
3.096883
3.098536
3.100178
3.101809
3.103427
3.105029
3.106617
3.108188
3.109742
3.111278
3.112796
3.114296
3.115777
3.117240
3.118683
3.120108
3.121514
3.122901
3.124268
3.125616
3.126945
3.128253
3.129541
3.130808
3.132054
3.133278
3.134479
3.135657
3.136811
3.137942
3.139049
3.140132
3.141191
3.142227
3.143241
3.144233
3.145207
3.146163
3.147103
3.148032
3.148951
3.149864
3.150776
3.151689
3.152608
3.153536
3.154479
3.155439
3.156421
3.157427
3.158461
3.159524
3.160618
3.161743
3.162900
3.164088
3.165305
3.166548
3.167815
3.169103
3.170405
3.171719
3.173040
3.174362
3.175680
3.176989
3.178285
3.179563
3.180819
3.182049
3.183249
3.184416
3.185548
3.186643
3.187698
3.188713
3.189686
3.190616
3.191504
3.192350
3.193152
3.193913
3.194632
3.195310
3.195948
3.196547
3.197108
3.197641
3.198155
3.198637
3.199089
3.199512
3.199907
3.200275
3.200618
3.200938
3.201236
3.201514
3.201774
3.202017
3.202246
3.202462
3.202668
3.202867
3.203061
3.203253
3.203445
3.203642
3.203845
3.204058
3.204284
3.204527
3.204789
3.205075
3.205386
3.205727
3.206099
3.206505
3.206948
3.207429
3.207951
3.208514
3.209120
3.209770
3.210464
3.211202
3.211984
3.212809
3.213676
3.214585
3.215533
3.216519
3.217539
3.218592
3.219674
3.220782
3.221913
3.223063
3.224227
3.225402
3.226582
3.227765
3.228944
3.230115
3.231274
3.232416
3.233537
3.234631
3.235694
3.236723
3.237713
3.238661
3.239563
3.240414
3.241214
3.241958
3.242644
3.243271
3.243836
3.244337
3.244774
3.245146
3.245452
3.245693
3.245867
3.245977
3.246022
3.246004
3.245924
3.245785
3.245588
3.245336
3.245062
3.244742
3.244379
3.243979
3.243560
3.243113
3.242644
3.242156
3.241658
3.241153
3.240650
3.240154
3.239672
3.239210
3.238776
3.238376
3.238016
3.237704
3.237443
3.237240
3.237101
3.237027
3.237025
3.237097
3.237246
3.237472
3.237774
3.238153
3.238608
3.239136
3.239736
3.240406
3.241141
3.241939
3.242796
3.243708
3.244671
3.245682
3.246737
3.247831
3.248960
3.250123
3.251314
3.252530
3.253768
3.255025
3.256298
3.257584
3.258880
3.260183
3.261490
3.262799
3.264107
3.265411
3.266709
3.267998
3.269276
3.270540
3.271789
3.273019
3.274228
3.275415
3.276578
3.277714
3.278822
3.279900
3.280946
3.281960
3.282940
3.283885
3.284793
3.285664
3.286496
3.287289
3.288043
3.288758
3.289432
3.290066
3.290659
3.291211
3.291722
3.292191
3.292618
3.293003
3.293346
3.293647
3.293908
3.294127
3.294304
3.294439
3.294533
3.294586
3.294600
3.294574
3.294511
3.294412
3.294279
3.294114
3.293923
3.293707
3.293467
3.293205
3.292926
3.292632
3.292327
3.292016
3.291703
3.291391
3.291085
3.290789
3.290508
3.290245
3.290003
3.289787
3.289598
3.289441
3.289316
3.289225
3.289169
3.289148
3.289162
3.289211
3.289293
3.289406
3.289547
3.289716
3.289908
3.290122
3.290354
3.290601
3.290861
3.291132
3.291410
3.291696
3.291986
3.292281
3.292578
3.292884
3.293197
3.293512
3.293829
3.294149
3.294471
3.294796
3.295124
3.295454
3.295786
3.296121
3.296457
3.296795
3.297134
3.297473
3.297812
3.298151
3.298489
3.298826
3.299162
3.299498
3.299833
3.300169
3.300505
3.300844
3.301185
3.301531
3.301882
3.302239
3.302605
3.302980
3.303365
3.303763
3.304173
3.304597
3.305036
3.305489
3.305958
3.306443
3.306942
3.307457
3.307986
3.308527
3.309081
3.309645
3.310218
3.310798
3.311384
3.311973
3.312564
3.313156
3.313747
3.314334
3.314917
3.315495
3.316066
3.316630
3.317186
3.317734
3.318274
3.318806
3.319329
3.319845
3.320353
3.320854
3.321350
3.321839
3.322324
3.322804
3.323280
3.323753
3.324221
3.324687
3.325149
3.325606
3.326059
3.326507
3.326948
3.327381
3.327805
3.328218
3.328618
3.329003
3.329371
3.329719
3.330045
3.330347
3.330622
3.330868
3.331081
3.331261
3.331403
3.331506
3.331568
3.331587
3.331561
3.331489
3.331369
3.331200
3.330981
3.330712
3.330393
3.330023
3.329605
3.329141
3.328630
3.328073
3.327473
3.326831
3.326148
3.325429
3.324675
3.323891
3.323078
3.322242
3.321386
3.320514
3.319630
3.318740
3.317847
3.316956
3.316072
3.315199
3.314342
3.313505
3.312692
3.311909
3.311158
3.310443
3.309767
3.309134
3.308547
3.308007
3.307516
3.307077
3.306691
3.306357
3.306079
3.305854
3.305684
3.305568
3.305511
3.305509
3.305558
3.305658
3.305807
3.306004
3.306246
3.306533
3.306861
3.307229
3.307636
3.308080
3.308558
3.309069
3.309611
3.310182
3.310782
3.311408
3.312060
3.312736
3.313436
3.314157
3.314900
3.315664
3.316448
3.317251
3.318073
3.318914
3.319772
3.320647
3.321540
3.322449
3.323375
3.324316
3.325274
3.326247
3.327235
3.328239
3.329259
3.330295
3.331346
3.332415
3.333499
3.334601
3.335721
3.336859
3.338014
3.339189
3.340382
3.341594
3.342824
3.344072
3.345337
3.346618
3.347914
3.349223
3.350543
3.351873
3.353210
3.354551
3.355894
3.357235
3.358573
3.359904
3.361225
3.362533
3.363826
3.365100
3.366352
3.367581
3.368784
3.369959
3.371103
3.372214
3.373291
3.374333
3.375337
3.376303
3.377230
3.378116
3.378962
3.379765
3.380527
3.381246
3.381922
3.382557
3.383148
3.383698
3.384207
3.384675
3.385104
3.385494
3.385847
3.386165
3.386450
3.386704
3.386929
3.387129
3.387307
3.387467
3.387613
3.387749
3.387880
3.388012
3.388151
3.388303
3.388474
3.388673
3.388905
3.389181
3.389508
3.389896
3.390356
3.390897
3.391532
3.392275
3.393141
3.394149
3.395319
3.396679
3.398261
3.400105
3.402266
3.404812
3.407837
3.411465
3.415869
3.421289
3.421730
3.421796
3.421820
3.421805
3.421745
3.421633
3.421464
3.421232
3.420931
3.420555
3.420101
3.419563
3.418939
3.418231
3.417428
3.416530
3.415583
3.414557
3.413440
3.412236
3.410953
3.409601
3.408194
3.406749
3.405286
3.403864
3.402495
3.401191
3.399983
3.398904
3.397984
3.397250
3.396727
3.396433
3.396378
3.396568
3.396997
3.397656
3.398527
3.399589
3.400815
3.402179
3.403652
3.405209
3.406823
3.408472
3.410138
3.411803
3.413455
3.415082
3.416678
3.418236
3.419754
3.421227
3.422655
3.424039
3.425378
3.426671
3.427919
3.429123
3.430283
3.431399
3.432471
3.433500
3.434486
3.435428
3.436326
3.437179
3.437988
3.438752
3.439470
3.440142
3.440768
3.441347
3.441880
3.442367
3.442808
3.442824
3.442602
3.442464
3.442385
3.442350
3.442347
3.442366
3.442403
3.442454
3.442517
3.442593
3.442684
3.442793
3.442922
3.443078
3.443265
3.443496
3.443809
3.444173
3.444594
3.445081
3.445639
3.446276
3.446997
3.447808
3.448715
3.449721
3.450831
3.452048
3.453373
3.454809
3.456358
3.458021
3.459799
3.461696
3.463712
3.465853
3.468123
3.470528
3.473080
3.475789
3.478666
3.481727
3.484993
3.488487
3.492238
3.494541
3.495470
3.496371
3.497243
3.498083
3.498892
3.499669
3.500414
3.501127
3.501807
3.502457
3.503075
3.503664
3.504224
3.504755
3.505260
3.505740
3.506197
3.506632
3.507047
3.507444
3.507826
3.508196
3.508556
3.508908
3.509256
3.509603
3.509952
3.510306
3.510671
3.511050
3.511445
3.511857
3.512290
3.512747
3.513231
3.513743
3.514286
3.514862
3.515472
3.516117
3.516800
3.517519
3.518277
3.519071
3.519903
3.520771
3.521675
3.522613
3.523584
3.524588
3.525621
3.526682
3.527770
3.528882
3.530017
3.531172
3.532345
3.533534
3.534738
3.535953
3.537179
3.538411
3.539649
3.540890
3.542132
3.543371
3.544623
3.545897
3.547161
3.548411
3.549643
3.550855
3.552042
3.553202
3.554330
3.555422
3.556472
3.557480
3.558444
3.559359
3.560222
3.561031
3.561782
3.562472
3.563099
3.563661
3.564156
3.564582
3.564939
3.565225
3.565441
3.565586
3.565662
3.565670
3.565612
3.565527
3.565381
3.565176
3.564930
3.564635
3.564294
3.563912
3.563494
3.563047
3.562576
3.562089
3.561592
3.561092
3.560595
3.560108
3.559638
3.559191
3.558773
3.558389
3.558045
3.557743
3.557489
3.557283
3.557128
3.557024
3.556973
3.556973
3.557024
3.557122
3.557266
3.557453
3.557680
3.557943
3.558238
3.558563
3.558912
3.559283
3.559672
3.560076
3.560491
3.560915
3.561345
3.561778
3.562212
3.562646
3.563077
3.563504
3.563924
3.564337
3.564740
3.565134
3.565516
3.565885
3.566240
3.566362
3.566409
3.566503
3.566641
3.566819
3.567032
3.567281
3.567564
3.567881
3.568235
3.568628
3.569063
3.569547
3.570085
3.570687
3.571364
3.572128
3.572995
3.573986
3.575125
3.576442
3.577975
3.579768
3.581882
3.584389
3.587384
3.590990
3.595366
3.600728
3.603341
3.602971
3.602574
3.602152
3.601703
3.601228
3.600779
3.600332
3.599860
3.599360
3.598833
3.598278
3.597696
3.597085
3.596447
3.595781
3.595089
3.594371
3.593629
3.592864
3.592080
3.591279
3.590464
3.589640
3.588811
3.587981
3.587157
3.586343
3.585545
3.584769
3.584020
3.583304
3.582626
3.581990
3.581400
3.580859
3.580367
3.579928
3.579540
3.579203
3.578915
3.578674
3.578478
3.578323
3.578207
3.578126
3.578077
3.578057
3.578064
3.578096
3.578150
3.578222
3.578315
3.578429
3.578565
3.578724
3.578904
3.579109
3.579337
3.579591
3.579870
3.580176
3.580509
3.580870
3.581259
3.581676
3.582121
3.582593
3.583092
3.583617
3.584168
3.584742
3.585338
3.585956
3.586592
3.587244
3.587912
3.588593
3.589284
3.589984
3.590690
3.591401
3.592114
3.592828
3.593541
3.594253
3.594961
3.595664
3.596364
3.597058
3.597746
3.598429
3.599107
3.599780
3.600449
3.601114
3.601776
3.602436
3.603095
3.603753
3.604411
3.605070
3.605732
3.606396
3.607064
3.606988
3.607246
3.607982
3.609167
3.610798
3.612876
3.615414
3.618432
3.620631
3.621350
3.622074
3.622802
3.623532
3.624264
3.624996
3.625728
3.626457
3.627183
3.627904
3.628618
3.629325
3.630022
3.630709
3.631384
3.632046
3.632694
3.633327
3.633943
3.634543
3.635124
3.635687
3.636231
3.636755
3.637338
3.637912
3.638474
3.639025
3.639566
3.640098
3.640622
3.641140
3.641653
3.642164
3.642675
3.643191
3.643714
3.644251
3.644807
3.645390
3.646008
3.646673
3.647398
3.648199
3.649096
3.649755
3.649783
3.649803
3.649818
3.649832
3.649849
3.649874
3.649912
3.649966
3.650043
3.650146
3.650281
3.650451
3.650661
3.650914
3.651212
3.651558
3.651960
3.652411
3.652912
3.653461
3.654057
3.654696
3.655375
3.656091
3.656839
3.657615
3.658412
3.659228
3.660056
3.660915
3.661826
3.662741
3.663655
3.664565
3.665488
3.666411
3.667321
3.668214
3.669123
3.670200
3.671256
3.672291
3.673305
3.674296
3.675266
3.676214
3.677141
3.678048
3.678943
3.679828
3.680695
3.681545
3.682379
3.683197
3.684002
3.684792
3.685570
3.686335
3.687089
3.687831
3.688561
3.689281
3.689989
3.690687
3.691373
3.692047
3.692710
3.693361
3.694000
3.694626
3.695239
3.695839
3.696215
3.701297
3.711391
3.711304
3.711185
3.711036
3.710861
3.710665
3.710450
3.710222
3.709986
3.709748
3.709517
3.709309
3.709117
3.708947
3.708805
3.708697
3.708628
3.708603
3.708625
3.708696
3.708819
3.708867
3.708960
3.709119
3.709338
3.709613
3.709938
3.710306
3.710711
3.711147
3.711605
3.712081
3.712567
3.713058
3.713549
3.714035
3.714512
3.714978
3.715428
3.715861
3.716275
3.716670
3.717045
3.717400
3.717132
3.725166
3.728578
3.728518
3.728473
3.728442
3.728428
3.728430
3.728450
3.728489
3.728546
3.728623
3.728719
3.728836
3.728973
3.729131
3.729309
3.729509
3.729729
3.729971
3.730234
3.730518
3.730824
3.731151
3.731499
3.731868
3.732258
3.732668
3.733099
3.733550
3.734020
3.734509
3.735015
3.735539
3.736078
3.736632
3.737200
3.737779
3.738370
3.738970
3.739578
3.740192
3.740811
3.741434
3.742058
3.742684
3.743308
3.743931
3.744552
3.745169
3.745782
3.746390
3.746994
3.747594
3.748216
3.748833
3.749546
3.750273
3.751000
3.751725
3.752451
3.753177
3.753905
3.754633
3.755366
3.756104
3.756848
3.757599
3.758359
3.759128
3.759907
3.760697
3.761499
3.762312
3.763138
3.763977
3.764828
3.765691
3.766566
3.767453
3.768350
3.769257
3.770173
3.771096
3.772025
3.772958
3.773893
3.774829
3.775763
3.776694
3.777619
3.778535
3.779442
3.780335
3.781214
3.782076
3.782919
3.783741
3.784539
3.785312
3.786059
3.786776
3.787464
3.788120
3.788744
3.789333
3.789889
3.790408
3.790892
3.791340
3.791750
3.792125
3.792462
3.792764
3.793030
3.793260
3.793457
3.793619
3.793750
3.793849
3.793919
3.793960
3.793975
3.793965
3.793933
3.793880
3.793808
3.793720
3.793619
3.793506
3.793384
3.793256
3.793125
3.792991
3.792860
3.792731
3.792609
3.792495
3.792391
3.792299
3.792232
3.792182
3.792148
3.792133
3.792135
3.792157
3.792197
3.792257
3.792335
3.792431
3.792592
3.793191
3.794342
3.795635
3.795754
3.795879
3.796011
3.796146
3.796282
3.796419
3.796553
3.796682
3.796805
3.796920
3.797024
3.797123
3.797209
3.797280
3.797335
3.797373
3.797394
3.797395
3.797378
3.797341
3.797284
3.797207
3.797111
3.796995
3.796861
3.796708
3.796539
3.796354
3.796154
3.795940
3.795714
3.795477
3.795232
3.794978
3.794719
3.794455
3.794188
3.793919
3.793650
3.793382
3.793115
3.792852
3.792592
3.792337
3.792087
3.791842
3.791603
3.791369
3.791141
3.790919
3.790702
3.790491
3.790285
3.790084
3.789888
3.789697
3.789510
3.790258
3.792216
3.791790
3.791363
3.790935
3.790508
3.790083
3.789661
3.789244
3.788833
3.788429
3.788034
3.787648
3.787273
3.786909
3.786558
3.786220
3.785896
3.785586
3.785291
3.785009
3.784743
3.784491
3.784254
3.784031
3.783836
3.783661
3.783501
3.783356
3.783228
3.783117
3.783023
3.782949
3.782896
3.782750
3.787290
3.786826
3.786389
3.785985
3.785621
3.785305
3.785044
3.784846
3.784719
3.784672
3.784706
3.784827
3.785041
3.785352
3.785757
3.786255
3.786845
3.787523
3.788286
3.789128
3.790044
3.791026
3.792068
3.793161
3.794298
3.795471
3.796671
3.797891
3.799124
3.800364
3.801604
3.802501
3.807893
3.808552
3.809209
3.809864
3.810518
3.811173
3.811830
3.812488
3.813151
3.813817
3.814487
3.815161
3.815839
3.816519
3.817200
3.817881
3.818559
3.819230
3.819893
3.820547
3.821188
3.821810
3.822409
3.822981
3.823523
3.824031
3.824502
3.824934
3.825325
3.825673
3.825976
3.826235
3.826448
3.826618
3.826744
3.826829
3.826874
3.826561
3.828432
3.829094
3.828850
3.828593
3.828328
3.828057
3.827782
3.827506
3.827229
3.826954
3.826682
3.826414
3.826150
3.825890
3.825634
3.825382
3.825132
3.824886
3.824640
3.824395
3.824149
3.823901
3.823650
3.823395
3.823135
3.822869
3.822596
3.822323
3.822050
3.821768
3.821477
3.821176
3.820867
3.820549
3.820234
3.819914
3.819591
3.819265
3.818937
3.818608
3.818280
3.817955
3.817634
3.817318
3.817009
3.816710
3.816422
3.816146
3.815885
3.815640
3.815414
3.815207
3.815022
