-1.042598
-1.047400
-1.057413
-1.053390
-1.010004
-0.999885
-1.000336
-1.029198
-1.070393
-1.086077
-1.109598
-1.107353
-1.132311
-1.145634
-1.179684
-1.233064
-1.266913
-1.248437
-1.259575
-1.267863
-1.252881
-1.260658
-1.286571
-1.275846
-1.296885
-1.294927
-1.289918
-1.283389
-1.311039
-1.319001
-1.303841
-1.299781
-1.292386
-1.302736
-1.286167
-1.284245
-1.301907
-1.314255
-1.318515
-1.327270
-1.320363
-1.313737
-1.366179
-1.345098
-1.299257
-1.317472
-1.313090
-1.287201
-1.288054
-1.320556
-1.297426
-1.322388
-1.310024
-1.317682
-1.295315
-1.285346
-1.288943
-1.272441
-1.284472
-1.297027
-1.296700
-1.273673
-1.281871
-1.290144
-1.297595
-1.295422
-1.298954
-1.292946
-1.276921
-1.252494
-1.277137
-1.293482
-1.303463
-1.289797
-1.254715
-1.275267
-1.288012
-1.278893
-1.289469
-1.290066
-1.254018
-1.251932
-1.279949
-1.283790
-1.279512
-1.266183
-1.283100
-1.286851
-1.295218
-1.301782
-1.314084
-1.302353
-1.275015
-1.300775
-1.326880
-1.293024
-1.285250
-1.254044
-1.240438
-1.189970
-1.208272
-1.183384
-1.076467
-1.012630
-1.042416
1.651067
6073.969829
141113058807.607513
258851679.435260
1337625944591.174561
2722735194.810281
236091001492.462952
25991480257.990143
616078614763.489258
24310238825471.339844
185685516.671744
94479201424654.203125
508587913.654944
14906155183.467445
4407358473.910938
339436267.436219
13990325542.214476
15824583151.962841
2468493074.593102
762025107.649482
104922456831847936.000000
51665417.671098
2553533353.405724
18951415802301.343750
48835424681.190170
245128133931273.562500
831639294.148402
6806386766755.087891
942752446.862479
1726878883.433989
137299781.724710
1644591806482.205811
3269282578.780914
283640491874.696899
6996930052.879480
65596091.717383
1039803560.062078
1317881593.047709
151822338389738.312500
4782470599.647249
-nan
24415198.817849
1110059313.603942
28678701884173.730469
5285047344.593901
9218746603.861849
5368953925.392851
1706552313.476219
13448621795.993595
1041046723.248535
3184705951280.572266
1166220866201.386963
1768860851227.305176
35077752784336536.000000
75328937691.525558
10005881436080342.000000
1351567614.807172
71636408742034.609375
102941671882.861420
44146976456253.273438
-nan
71771009904.964569
96290976376654384.000000
2368516129.124698
-nan
131533691684099.734375
2374905258.432921
57517495879.165848
67000856083.748764
1608871925.331086
1024926770.111058
133377595.858206
22015707391.054962
1257728829216.713135
-nan
14031079.147875
270773448676.941498
190404356769.982422
19025807436.386868
14920331218303976.000000
-nan
72571607209641.687500
9201923376.054640
3758264987.746971
117924011.770152
330184868.359700
781422496.339448
2585575864.150221
73497530018.017395
312305494.066448
13430102355.817310
1025739203.505615
1053251632.606487
886097614.820793
92335786579.246674
14307786860.903801
270060859232.642456
842050712378.362427
305754282479.724121
5920786699.060175
-nan
89981811221.845779
357991377008.348633
1848986176694.148682
3902785765148.257324
1436719394.529373
2474681382117.081543
41643401.099417
1263743569.475287
230232813343.553833
14558773601.898977
737260443.759825
39793933931384.679688
112979161967.986679
3480985850.648667
184823463.212563
33269319822.700409
15114669663812042.000000
39843799.470033
111524826177.661835
1483171737.735689
486714458874825.000000
-nan
202169819700.707489
579439579.744258
1057516259.593348
121419132130403.625000
364612208020.782104
12178420890.404476
302922913181.902771
917469515899.061890
2785056637.016955
499049209585.013000
2408630851.404493
27546805754301.753906
324671433168.802734
2146011181.591738
4688325925.653438
171867739.239853
106214748.024927
352903991.878483
66379875491.155167
137141722173979.375000
167519244.496169
199758146248.794189
354568617.092514
174574195513780.500000
8314542777811.899414
22006376720.018047
524791619.982285
62876015696.263260
1019435957.514827
115766784.020786
6183703951.530642
106968159081.493118
120011439.843121
3154242026.417833
85216543274.004089
10329108979.381924
2362822646.589441
5063203660.175045
589371152.288689
52415565.659389
17024503442.969759
2591907448.426795
9203785880.187750
1640441229.379374
17861862.889681
51888614.980345
42593040981.411430
6918322892.791335
22787209942.316700
1022095230457.222778
15115140725.505884
421298353645.270508
30414705959.349533
3399377471.119972
135938272.759062
2836106054380.388184
55975963589.595551
8112008696037.383789
205831213975021.375000
3908770374.079936
5368035809808.785156
3673280378268.388184
2712973604.354474
472734786476.457397
372859150.155865
12364642941.926334
167705198645.752319
58990560272.917809
120925873850.553741
729084240193003.250000
403163769.483480
285211529.198020
1286379380.007004
1865223550.129736
5737965987.286945
56450857.163060
1935013226.796800
5823027296520.998047
155055560.074039
16115018124918.390625
15868425347.172544
7315091762.777550
70641386645.207367
397161607.946702
5358951297309.013672
202601420.030357
873927140.786224
107313374160.244980
19171718102.800266
1487350562.239379
962060686093753.375000
399623453735.510132
33039249446.638363
62691475.289677
295103498394.176086
3113772792.806521
44046473629.772041
2114604328.124134
2083532735.479438
11843000954.883287
503366413754.533142
173231813926507.906250
3882999589.316217
11835785049851.152344
31320402274.540092
3678206956.835568
97134401.502102
4853394704439.485352
503246872.202590
4694632705.804743
2418095233079.224609
340464613987.251282
292700715.849576
5003739856.558826
44365090.558998
59735062381.112785
244284811326.002960
21329595624760.945312
1217888384.098543
59271235.130388
10418337712.632744
111155569.539900
11090957929198.841797
46332652179.200066
659049977388561.250000
14350642.496140
95510936.899663
823282691.938434
126539423074848.484375
349252391638.280090
2600833379.483280
1877238715233.890381
25526445876.579567
25529425965.952152
902136128049.646851
24359686.478247
50644905470.667877
32987296661.529129
66618777911.711525
3380616596.320643
461480990.002025
377510084.278143
901240642.333920
7618296500661.782227
61071807.487929
294142265075.688171
2818355586335.635254
49386122.796168
839851643.255571
34313593571081.570312
65828179678.194244
23639521853.513680
71253283.787925
100378274110548.640625
593271458.934617
44697869038.164993
17300227787.378811
6990469377.041376
1197543373727016681472.000000
3211384500991.749512
219994048076.349426
7854965905.893950
11007859551.739550
289261852.376635
58343113.061629
504216455.384449
1954795677344.343018
17744974212.558792
153266817568.218323
9410646461.913355
6727431371.381424
1202829143.063341
5171036789.644233
600367874.582677
921728020.788167
174295161081.537811
116595879.190498
15484553158.144135
2263155641.470790
16727275416.441475
774323241824.085327
4068916525.390213
23185895650.885777
395463929.505578
-nan
1825608397.854654
46446160221.138794
205316725500.986450
239590077306.420349
1505360087.211081
1940763852.951633
1159962558087335680.000000
135314286888.480057
32184993530.882717
493336317.264046
-nan
42353199.457939
60331931.560359
48666346551.461639
365756749.017107
3637898263078.354004
12715394.051659
263335327.062027
396835425998131.125000
1244488089752.253662
17672395.451493
21005879739.895107
90995892.167818
4993908553.264591
852064205506.545532
20854298925.992764
6599691445.596440
355737967.719050
11211866.472441
54195690.420662
1489335116.144840
-nan
112182032.775253
-nan
111779239739.242813
25493208623196.718750
64487693.318113
635273722.381600
3984027686.649628
126857190.360177
435248769384.196106
4976849358.657431
132664244274.738159
2471440922.614205
725276415126749.000000
1560689495.160027
39053104.890967
3370261258594.065430
16768136886.572670
17532461545.501499
22013677614.650574
38022770.968812
43444427.601927
137300237331.608932
512488641843.795654
2059562208.030324
107263992.288726
582221022.515605
5561282060.334259
5630505578.464555
42989462069.957275
424756876.459650
92594972.282466
923774037.667305
5090363166.378374
10547185776.509989
132493359.994488
85699246266.642517
41472530678.655991
495575112555.494629
12159430792690.646484
45171206012.152367
226327795.950109
29762873646.370552
1249087219.731401
138290714.022674
692765462926.866577
452443231414.215759
49002351.786591
36672980233833.179688
9574542558361.072266
1488912676704.444092
12896469834.306911
29122723.614082
363666582769.742981
94209790559.095261
9109868513.575766
71479679361.721909
21028088.487790
20075784848.036240
28704863739574.121094
15172601312535.019531
20542975938.501797
266047556.713081
259438680878871.375000
318441743.832586
827862474.682563
268123071894.114410
8440720431.749623
-nan
96786970172.990021
60442202.231688
3634480368390.217773
290755086.089307
331624724966.971558
2425808354154963.500000
183620808.397906
1738522748335.812256
3976674537.251390
130460207985.302032
2963747024140.321777
149830760610.335602
-nan
862609332606.886475
101751796.147029
13971315069.641697
13252831130405.267578
6632967021.653197
2290071408462.166504
153186905.425789
617397736.393333
435777330.210859
7987919130.234468
174802699.205137
136705683.821071
350200140.811702
34959880.568250
123857097721.424301
156148537469122.375000
1253792985.943390
19378940.190024
3909189011.235878
98550108113.309448
9442039611.731117
545159469.904225
5776315980.621688
136526215.997233
59978814.834731
1660978031.679489
251051391.235116
211415731123920.656250
3809704017413.868164
25750753565.669720
5754985766.472338
39160936.734021
404326516.875443
84999349.075771
148477155904.862854
400547469.915308
590839424089505920.000000
5481776.352617
161197658.581914
6958369632.153820
5421736371958.427734
18157384.833825
4773126538.855206
171095922.257313
1871977028.580709
-nan
1209121853230.714355
46788134156.378899
44546300761.563248
337236822.588052
150066940.964097
5630204483.239346
815610253.542859
144248166724667.531250
8592388986.732553
10402287806945.341797
423458604681991.750000
739684511.049226
17856851503747.859375
883098670.396634
3350364077.592954
687668510.505085
9108194900183.017578
2248649223064.336426
69048932.554731
39783212704.770187
1716800796.915879
11266453.733409
60849096845762.578125
6429560371.353844
36534642.187090
2065694169294.677246
609209585739328.125000
38215943751.928802
27353568647.371807
213770775933.246002
1139557639.982165
4679208718.296906
17871296864.741711
11795844885.704615
48475190.188613
705637185.898537
103367409058.178665
38035751873.872406
-nan
5141900.310366
3694041224.030205
34783814.507552
2400144.301905
2372249064.236889
-nan
1117041339448.778076
406344426.931410
205536196857.246399
25638553031.948914
1810895418.476072
32209714.130300
12258959532.788883
1006472065.217123
55354782.120526
705185664.012498
11130740.094495
120379923.448328
1477181041191243.500000
114019383.462353
33788881494144.226562
2183500819.765838
1460424280770135808.000000
58620645125522872.000000
741712980947118.375000
90028176627.136063
122997580420.171768
155853486891.767212
2154274693.571193
81584244.375682
153331969.858544
11129499706.285202
9707176917.395571
35781023.839786
13969239564.536152
259231206173.969391
260448477.433664
14709418419.291969
188733900959.894958
2006468888693.555908
887490365026.093750
2372644265.953609
1910121265.760645
3305613568938.378418
453314212.920607
-nan
37144520.401962
1952771797.414155
4241124739346.679199
1255468000.900402
28835586265.601589
6295447722.990433
54286905.025263
1886461932.604411
213711831.620180
68714031.745802
8622561115.394289
154718196800.146973
135264919.263379
57695972861.001770
382835511.416371
105592385736.970108
1429155632.303349
2550674384.728757
2981781854141.239746
53051439327.330101
1659522989.978720
614781817488.325684
2293888343.261712
43877647187.160187
29568535922.904503
2933410416673717165020363620352.000000
59539688.582496
301451633.348886
27884121469.988560
11114774307.472048
47147443.010401
76024113983636.609375
243070913993.159515
18691075.089834
277740901.378818
2738782729.964649
1253523812013.219238
28330039490.692253
17504712.247791
16546887881657.955078
347659047159.984558
189090647.283177
3158772844.861521
30487929954.340889
484784607334.751343
84780790.685538
43453252348.748848
3275039832.969293
8093221.578843
1168038837841975.250000
371403247.773755
4121787967.272673
70095330625.039276
2593424340.091990
5930858.781145
51957305.823306
731929567164184.375000
26052144051.882561
654112152844.668579
5895738.575810
2279651343308.604492
1778586917.074198
807646860830553.875000
156401772.203789
814154596.127517
183109102016.207825
135710922.210395
12698132.225047
19879462183.425064
355778498350.991028
13076757908398.691406
348955268126.407715
42532566626.731239
76062149.354207
9717654128180.376953
3364598026.657995
29050682336.072536
28305526798.584839
16578454239.142172
38562042.551885
16550107966.207676
39982085328446.007812
195083763279.422607
1469825887.460911
6106992176.192490
79866853442.636215
3373469452.148138
2099597374492759.250000
45295303776295.476562
2106957013.899752
11495554.063819
81221177.320831
7690574356509.957031
1055865822.108314
515555251.232577
505645600.281488
82978465.657645
160314033.462863
11009431698.931463
21184058444.805531
9988181697009.726562
12948864981.004921
12470131163.572729
10644398055.694006
-nan
4572037824.986017
2028772945.657763
1276141086.143530
172704685.423227
11697349979401.919922
4240468140652.983887
65304505.598899
2248713938.962961
1206803839.744198
19583143.954659
480766239056.335266
6544696023.864829
318365078861.017700
22960385322.893406
64359007.677865
643936268.506804
379212577669.446716
17437576942.340012
-nan
2313892011.783775
4289134414.036018
-nan
450076.513373
13651631641.444590
215549394703.335541
331876890.153879
-nan
-nan
4471484709.017469
62159408627697.171875
5806542.127393
719751873.974804
17822809699.467377
1023520310.639905
16622258967404.220703
6268607.925058
68857391808.893555
3056969133422.413574
-nan
4370129.158422
35316893398.936867
118041717.663922
13565851135.618189
144255012820681.250000
142549791.445916
-nan
20992093569.947330
727185665551.141724
75885219041.319656
1693064543.339956
537334564.836199
1025361197.254069
46059676676780368.000000
-nan
71419312.786830
23328199.756301
68334446.432460
11909233014.284813
1911512897.021948
39291551678.646278
82561778.106597
642399704.120964
116508314983.157242
53360739947.003632
2190705675.238006
6134610850741.554688
845051497.621387
10434860690883.824219
89217358.686030
5320796707211.418945
5109599847.822209
5579828380.426287
50086260.627977
14981737.966353
542602952.289208
4101371436.112075
276398834.884740
8995491.909080
4710001807.485509
2666263202.556900
-nan
251615100.302993
11023650631.945621
1186607741.629411
35891093.896039
19657500942.384968
75965808963.906464
1095612281.899902
227051076.491292
32798218372864.851562
134346788235.341263
2896163358.413534
59042008.870539
670214020.312462
348996916654.633728
607174259.193611
8761191.172105
8154617.904521
14819292575808.593750
2826285792.926168
21915653.996462
2099083316894996.500000
187863648.279289
5677902168.519787
4194420.394281
36855817425.100754
16078258.878935
712889364.840418
24602770.452695
5137403912.724808
1111973058.135182
223114948.574276
7153701610.518361
117904465754.764084
6160322441.411403
9073852586616334.000000
45786971.241114
32919728684175.031250
19999966086.574501
32937478222.034195
92143585.513421
290550096.989508
4685772608019.716797
404920405.305506
121209945.119914
126351256.428195
139841288.171184
26694508174.157059
6487879121.034770
877801153.349317
4035430729.079143
194228942119.926758
477679833148.509827
12933291265.729240
7748038362.325603
18384647.788229
179188756072.200867
862784880.062421
1675094466.148157
488640988.657911
44253119062.629517
371684918.363363
-nan
775367844.462438
114365925.279805
2474006828.294840
60138418067.882042
63404346489.965393
23765801.868948
1263928938.831399
37405574465213.656250
211984889553376.187500
15827789.619289
1681027482.012261
-nan
956066248.981658
39582780.558590
341991619.087120
670050186312.848511
1097714374766.906738
5606255060.153862
1586405070.777261
1046048099.880686
36349503574.804176
111083160294.706696
570753615.160001
48706219.142493
81980459.710803
53741685194.188354
1977843659.214466
2097851501.157104
208768202.289696
24658506762666.808594
131283413516373.734375
210006713.971501
2662239491.372640
891345633.633209
9913036.802539
10620499.321371
42340327.426810
1913862.042908
1078192279.279265
870062084636.044434
115250100.107213
107895157.128386
45122218714.974304
1878160980.587696
448989241.344964
16896925665.879076
46935133383.096634
189562772.766132
3878340605.178610
258885168.835342
103823956.159060
3591699376.102898
15293924716.706579
126866765.571608
11689638295.966200
12593026393.428978
742845293.612806
6624276052625.653320
59004291.056687
60615247.421504
15356401608.168659
17050148.138164
343987551.162342
139450965.072107
220050607.557773
96265738.325218
468976280.389249
11148386.670961
79303152069.687988
8737566408.334890
7727396.759829
139146800.570098
304631115.197195
27140796202871.562500
716920844.961200
125625669.285671
42300314665.700226
838294500504.419556
417320847.593399
125625082164.435654
24606770.584952
13780769026.917217
130513143449.777283
3571721814.523560
627873.457826
63768433647.639771
22918823193885668.000000
55224723.941456
8008515762.153467
44591798336559824.000000
754434299.826559
20789044.838586
558930144.809591
91606690598.178604
4044017815657.415039
100392827445.422821
226249288588.782104
1826493061406.709473
41260397242771.304688
-nan
190375789.266071
29418906128.889977
1675452484763154.750000
55616963574.407570
14526074177.656532
120575567.583140
24293757570787.394531
1908657984.551183
8558062987.791000
8646427969.093662
2775631104271.875977
66580691100.536911
185257390.268316
448321231.607827
301467433646.321777
6303172.026090
6496569.605291
195841634066853.031250
545464597.604484
192266605.160652
-nan
50281674.314901
4305476.408939
1191750.952658
2036434912.811260
-nan
888897197.324301
43266993.346441
4756991829.620720
10476234.849120
30393291616603.570312
32511421157308.296875
57673739015.855240
2112800470.877439
64300127.248024
3406074650.083480
1893179189.184739
23266231435.857082
92174683162.293945
74911807281.296234
133965823.616002
1788734498.053075
356536371777.471497
182155593512.450531
32937741447.321938
47534761.437228
38996700.757468
590068423.968783
37296781835.047035
16945992631.450121
-nan
503491315.894896
1707441942.229818
7252812438.719123
82454684.455818
1813758825.918774
366958959081.002930
594500557.586374
677910199.067515
835706.007623
23702496.918561
4248716301.349994
44842936514.339310
479263300.126573
20487820.973532
3253174514.972933
413269965867.929199
231351275.765871
3036155395.683228
50814567065.007599
20333547748.990749
18794327428510.851562
610402167.992531
1590849342587.504883
107645291334.866028
78223726.030173
1375761578.793544
1658771015.889462
343986767.328960
233758036777.301636
-nan
15886532389.625494
53879191482.773552
6667773016789.955078
42686739713392254976.000000
6425380116.382607
42338621.437565
115252519310.253036
17371727878.455776
32798408297785.320312
21907050562419.945312
33351111.567264
-nan
725637537.075340
1476586061264.422852
6026127890.684594
612884438.009097
761607815.014145
24860638452.828270
144385338076.568878
16178370199501.742188
9747508.874492
24521017793.980461
802398616.582208
2649548.833894
23374943.420991
25547671.691722
4450197825.777217
3220806.909375
7404335706.335284
10404005.207889
10890361.365758
2480407.452769
16066361.736504
42066459.957124
390021602.490856
845612356.973947
1025950239.895271
699470893.995827
4392578881.417323
861951494390.663940
807682290.620854
2787148822.736352
11669829.616564
841426674370.187622
1306443495.920583
696776019.847991
727337185.566164
17493449681.002525
3207137751376.363770
2300271381.662581
9267157524.927137
15410864056755.783203
2658969301.214600
2530019.610484
1059485195413.848145
30132633.674625
150774238.877306
16846740.737815
51109472.944492
2935239944399.818848
160153006.695094
11002877780.890879
18811483254.786541
21331995.485644
3621923.194798
843969754.941645
179018.287385
102254660766.200211
82461222786.564590
1334796940.033899
9309283391174.740234
7479781.932456
45793294.654456
123851294.356860
4338210684.920497
32923963065.661606
486062491.366231
259557521.521453
513151757872.285278
22984633851.894341
12851353797737.531250
6844063.856268
24420042713.482880
196102880.248547
505493975.039479
2441456972.461564
149746440663.174438
13262813.008067
239200938.389742
345652849.908894
6786424.417090
423406564.623515
2129023598069.203369
840906049.766732
523781828975.997131
203193499.286697
239378118518.237640
5963017440492.387695
11113872899.095346
4176352121.932506
518809269.903376
561518565272774720.000000
164499573.299022
141847979341.029938
571615029.578501
-nan
3208114785510.235352
14750161649.474136
68372327461076.710938
1912648339198317.500000
12494821570.852478
6674380814.915198
5910322.709580
530900341426.763184
22429164390.422085
326833139409.335999
5982397.095222
1693572939.286186
52215040689676.328125
1878714.739384
2247735542.073682
2339156938.236260
77115998.853892
3446273.377523
61492542001.206322
6100508763.919294
2833669324.928956
287247002.086408
9634441092.989782
1177707.402848
3993135549.193803
7962723.911179
298716840.636876
432299284.989866
2099093987433125.250000
231066070.334873
1065935654.266134
38897490.199969
144309606685.251373
107025862460959968.000000
4274930564.258090
-nan
936961794.836095
320988607.157068
51851203.469247
21504914450.030670
1302416100.374249
2745518677.733064
550262094938330.625000
358366219133.335266
4197554914.434016
1064482.324490
6415854887957.455078
1943686444208.833008
7653193219.157937
975982820.594389
781410513733.913818
3341058564.192153
3871701.157010
294763516.485550
6919792.750976
2879133702.347414
1555646492241.400391
238855523.540305
1803321998191691.750000
83798890.302440
42040720466746.492188
6362709.670605
1211183350.875433
1178466968619.418701
90664728.384081
-nan
40661280.189657
2737997.456829
4817641673.466453
438261040349.164246
18037476072.441353
4441826529.534078
66100116.563798
126947110.344159
93885076.090737
57522043.968632
14670980695182390.000000
2131410365.275518
655124087.187858
21057238083.812592
12731816.555115
1515663030439.909180
27875023911191.191406
5032334.257839
662412868.545827
4501248468422.407227
23824148653.428226
5610554247096.924805
30557091.532388
228160493.684294
93043841.042841
66266579607719664.000000
-nan
11753774676.375864
255838640148.301819
6486853382.807944
768501.503191
95221485.046368
252116981.461599
9231957066.600071
-nan
3203838.658086
806298380.536654
147525502.147171
643954884.503630
13930885.488310
6476849819.826370
543338574.805700
29915439159.769688
3399524934.711507
45223388279.827667
4210400858.695588
46877899858.562973
2253880502489903872.000000
492090715.350519
372027850.116795
1513653532640.052979
79523843.160810
855433060.287793
13207276.408495
662526112.397189
106045620.275751
3007819887.122016
194417474.946901
28817043941.278740
192732774.609392
65249969.698790
1695139148.052528
5641450275.869042
35216773989676464734208.000000
32080649.841828
3452045325.285968
3108815597372.897949
234246943.793405
236844557628.529938
42367851.291900
1576939388.002298
1169607301.177772
3209313347000.797363
45566613435.975357
18116803434.767860
6117751054.085494
1757849609895.047607
42900350.652813
52905420.809270
8714302.507846
9958320398390.193359
41138245729.551910
552670315.735964
293702346.348171
516411.499421
2399741252529051136.000000
7946347970999.745117
877593557.108138
32799184492919.953125
10476114.380530
12858801233397.291016
8194970257.460658
3060717245.092046
4601268174.205320
340136780.344247
1410194453.835562
208794078.410165
2831937219.411303
4465115.732133
805670621.911911
18766088506.885868
1073211223.376703
514833170.711529
33315352.396894
17319382080644.689453
127689694.666584
4153769160059965440.000000
143948641466.749268
73025181.016348
94582020.815067
168702789.375569
49137400440959.914062
110721182.206085
7080140.551142
215496662.055130
15352877567.747591
533067890.234291
2243499629.712261
1482178863.230383
145339641.073424
62308356.763631
640732326.451446
111509970633671.015625
310212091.777653
274243627.383334
3232718156.155144
49289537.061641
4918829244.849719
116709465424.193436
1446384952.333059
144147360.133198
11077006018422.707031
97213054.083640
665765149.534805
16430292.587321
494681446.778428
483419284.523362
3985239217.425672
77930952609.358810
2334513162.359778
56809830.773200
31035567.909299
72487458.593778
26189416568.688358
5283249601.935521
9034959992.003885
7058993.741482
99919535.660972
132182196020.318451
7974131.505442
1665173647.020481
1604329276.707462
14949619782.840792
512478190624.697754
329166779.315624
6482667.367517
6751123.892981
144353338961776.187500
-nan
7249893372.869956
35289578128.571182
29165234.472444
313233009.531945
661913064.021520
13165404.936222
1190351.250052
5146683487.724301
5974823.597497
439820379.813391
795374976.263524
11302841.489245
36869449.884144
419639506.707425
57974261.337452
832260826.367918
3355751444.280546
88671884.867971
6767174181.062688
265895040.679070
4076948893.109402
891776230.532676
4504192116.278356
31230903.348806
167374195.994788
10997762.283973
12209064541.733004
197877209.241053
31643280.088060
1851085765.975035
135755796962.650238
3864768.135344
8536417512.228338
2820587.638739
808907290107.618286
18981574.683092
49320384.022493
6677669727070.081055
5548808119.974525
29884743426077.722656
142790847257.463287
588337134.158614
52338652516.692841
193165518131197.937500
189554448.474420
12689051965.321743
329232665.122561
1961012.442070
1174857000.157139
2270854098.749584
1127170347521976.500000
43636789.156688
807645247.511767
698402776.436113
8849388344.905569
22775049.892726
-nan
21631047.177580
480110787.869566
19532800608.859539
-nan
1318735819.668002
2099083377103184.000000
31857642.706011
5648023172.624840
1177590282.247243
2367643.243011
222952299458395.281250
2884998.327689
148224381.219422
764649241.819752
2108329.121654
839490718.414026
94201086.749396
3117571.053965
2359696398.276039
94679161801.734375
64487921.221432
619759.034250
1452132868.700014
25173568.334301
170355478.453599
22038110058000.335938
43312114949.103493
6702787.339021
514463606.575530
136825140332.746246
-nan
154592486.698414
1446659270.574466
40428743.318788
240914020.619661
21021995959.176796
27541225.273686
27355132705.313019
22869211159248.710938
544584254.757205
3537994.057572
41504157.291805
5512845974.378395
4587769355.478292
98245388.024507
6227109.615385
5206335.847004
57581064937.820351
1094386121.902786
3906559700.260684
52101614161.392776
7901661.531684
64037746.400345
10357720.688954
405598905466.225830
1988984.419099
4962424535.245851
60992757001.907997
2167846917.206673
4929652139.749332
20297367.964805
20107623701.417782
8124425039.407083
18855191.881563
2797903770.360249
3099874518.607178
3234086916.003173
86338247.511421
591818944.130468
763134463664.789429
238540850.372001
36145758.270504
1274001815191.542480
792364274342.984131
-nan
86180361.753465
34249038725.720947
279798997.102389
50362488.575448
1848745883362.541260
171245602.177141
71180555.366962
18449341.349336
656380763785.550293
42596831.395918
55804382.261296
4843492790.931617
184265517916.910065
22618007.533537
17297925.393989
484268014.278362
2685576012.289597
328438493854458.312500
1603522.632162
224987929.269272
1104589016.213579
376993138835.219666
6896151411.426918
75843814067.893585
350035000.660981
561449529.148697
5622277095.714202
276105.932742
32946802.766927
332906246.093504
48088920.443783
4956136753.623874
29456317642.385242
1781272241441.123291
182080444.560461
41020773638.300438
422342794.374118
21732205146.842060
295826444.459115
12150769256.155048
3140954629.101816
102117090.086720
33146385.412203
6771262.590550
14335410709.314529
590501428.759272
343934909.009385
91611543.300474
2801488438871.617676
439425610.694496
15863243.286066
8026134564.747149
74276111.178616
124451016673.831848
99954942.912550
77191342880.737030
26632956.861242
483226026.942185
30793578.352964
4019239.346478
432027729.163967
6468774993.907898
125514183.171116
146026930.456209
63895237.989167
93026394.427972
1993738.157515
56974452.691916
2158936.898247
1873874.937669
10041407258447.248047
1492322331.493317
11302133.132025
85745069.665252
34211124.001505
6525072532.322095
640630109.112141
-nan
12248580889.840382
124380319.766020
77518834.178199
439161132.542758
4691001327.061085
1120199605.787592
5159236.891878
27759490.624802
8063362771.219452
35701207.493230
69708153.427521
1847359000.708244
2660186.548022
6892464.345786
1855130668829.618896
8484826.089037
66014369.590327
11780370.705528
68272699.392371
4286359225.379457
4054179868.629353
14018217.164518
25287740.412805
93574406325.345093
40589099.060223
14986304698.699623
34742479.318680
408620907.442227
62403615032.641724
26313696377.493786
3963990354.740318
6711413.761118
15892980.070079
114193492108641.640625
6726743345.729365
27246684.767858
403712608007.570435
6557924.313071
2522020097.384798
3638247239.585727
325386408.839074
236938099.645232
9102266.377771
54493014.243613
60962819.726179
75098419.719629
43054688.218116
12536113.677945
30955389.131154
20721173604.635300
17255556.722108
124259041.294265
668284737958.033936
429964714.194166
185632121.007990
29919594749.792107
26280712590.816696
811157203.567254
2729377027.581025
18898988457.563385
3814669.881564
2879695311418.023926
38511653.618680
161820502648.708038
1252218.689263
4511148.995520
95060429.166630
60651444.901767
70144267.229802
105026660.847954
38172263.489427
1107599.569027
134408090569.840118
1269326107.042867
1944253092.235177
71018436492.684280
145251512.907086
15343777.275806
240759897.268294
9062822.616216
42508758.869391
21947865.523375
4884429741718.918945
5877302543.407765
28623377.146505
5001111637.285861
2445446.699934
3897347226.669363
61754494.519410
58252788.024719
1494163.304907
7071678.413063
105569842.614933
30572707.867838
7532525678.149179
55185201.002225
25834871.394334
4786768.045870
145392377.283961
3239365.290212
27743456.608389
1350533761.491614
3046336.088526
4786306.120960
60763628.257475
297335865.574886
349738938.170440
3330746.648552
74876772801.429779
295024921.134368
386116.631393
126725.343507
4761236103819.743164
62245750.024855
8083961715.061424
22308041.409388
530814414221.446655
103244663.854476
690637144.104661
1389831831.354633
15676860.913565
69743166502.856949
1025618.572227
3668431.882582
165926.106785
5283938954.688769
703768471.148935
148573147.902778
73536745.639863
6989323687946804.000000
4157203490.941250
13555144.662514
97925324.916117
31854407.569944
74012723.892906
4541840.411336
33178993439.247276
34549894.776306
601636106613.092773
1050463673.975597
1639424250.011851
64658633.177016
7188041.302812
5506396.812851
71132228048.536804
19186560.190461
2114547139430.755615
19048904932.977306
1690978848.947364
403255575.419062
111673206.135114
3244145.952632
40285740.058135
436940406.961595
1003563940.810807
3588795.144188
10409284.341686
409766374.135540
5999609917.563814
206377566.248113
126643214.159192
4199018.826241
46388661739.888504
235392.229088
-nan
4283864823.659791
30750869589.324207
9807543821169321836544.000000
275149573.019135
783298831.828201
58526978.922892
27811330329.899254
4320276.121172
38437709.828479
2122568.910916
126843617.464396
4251915.781640
1637352628.655122
38684820.155477
66266576483384640.000000
12195123.144206
55769192790.726128
231213841.700620
1032533.646143
756413939.725434
11494046066.514143
286967477.314022
558585412.779503
24892683.312371
30383782.778916
57859691.167175
11872060970370.142578
1725783941.433179
1183041804.147288
2209143384.892090
14265413.314249
3660977341.514060
15257994247.848272
1215161381.157551
2407321754.921761
744951.682238
14409455261.593456
3060910.901446
1361108.939981
173500542.055079
7211351266.574690
7025152793.300982
8039613774.488242
3348972570.307863
47956716.537135
8040360.356041
9379610.205750
125134182654.073532
38109261.072657
9371103902.108553
5717589750.944880
37283499.887819
172889917.280707
12740489.181242
40479917.462116
13587071.841937
124988019.614842
24489518144.847900
27972963.072935
22454834.187129
6508101748701897.000000
3766492314.297374
2123301283811.593506
15239005.724860
16640761.894230
992527773.147058
36727697.013808
103888017.366650
92446471.151791
851210.883342
1620107893.678177
1411261966.268337
274427290.460889
45931831.028137
1814788.955361
1597566.078471
105347910.631429
9050492225.676565
1377630087.614451
17018856365242.435547
324951640.666973
276517567408.291992
1185183.848231
3260595014855.560547
470503189.420885
1546443843.464609
569458323.350234
1173528.102106
11222038303.329336
512474016360.883240
1448556.151028
26831091.630222
126739226.303340
3961418792.189378
4243091372641.820801
1607796.019789
119173409.879165
677551338.026933
356203574732.789612
265913870.986966
8759650959577.137695
532134144.872227
16132351040.210297
116999720215194.484375
5962323.114172
30306542.721086
404425329.326919
6191412067915.454102
4239577381.524684
124728820.677995
2258466238.116530
133710478.439085
2665887.367276
-nan
91724475.064549
47269751.643507
108603868.100809
17143043134.644911
3092460874.761625
749983690.421759
1375997949430.202393
102253627972.136246
54776164.244600
521097310128.444031
38348874.855541
116022.177469
338084148.635850
3042100.365778
10405157.332316
-nan
15622670.851558
54298017536.863976
8331249926.314240
39321404.123815
10037715902333.365234
280001611672.647888
63081244.997653
1956898296785.279785
12659643.777070
11394353.824417
34214177.094151
8731170295.817266
6191406634792.991211
66266673633715376.000000
466955314205.517090
252570729.699026
-nan
133077842.205951
24989095081.333427
5380649023378.798828
3952617.120998
121371188.165272
29631089.127984
14458583645.932533
94449400.468925
782210275.614163
39426514.727439
69837431.399950
20995030510.678955
103343801.005254
825722624.703860
43865032635837088.000000
766039643.573751
164862648.519114
624020867.216687
8010912377.810295
2019584.538757
25825365.744885
178955.175380
2215937221.400367
32968634.719585
1520139710.133660
25717013152.113213
12342309349.290220
1115960381213.588623
928494265.156196
18646865.318100
227111928.423010
37684596.343178
37007931.684733
-nan
118419072.393167
1218655.216524
35216773989679757262848.000000
149487458.158777
8597845213031535616.000000
13561521.887899
-nan
82361840399.769073
48859197.353625
5702839573.496446
154245418.345520
725287723.055144
-nan
21893902338.655270
452256625.890553
81108050.412916
219734050.269291
30732792.936056
134490107504.273605
161099714.524584
88148839.492029
310568495.557328
1157177028.885851
3791974.816029
64179563.819600
15701953.623940
29017195897.016846
