1.523422
1.740979
1.789614
1.798595
1.826188
1.858178
1.848117
1.871859
1.842778
1.843411
1.859561
1.874606
1.872277
1.862052
1.865487
1.843399
1.882861
1.874903
1.857134
1.904814
1.862593
1.883745
1.865346
1.898567
1.900745
1.904267
1.904729
1.913573
1.882403
1.883227
1.876945
1.881615
1.875988
1.878894
1.865469
1.882778
1.891669
1.865823
1.858538
1.886895
1.895448
1.896866
1.887193
1.898545
1.886749
1.898419
1.850273
1.876824
1.909520
1.894679
1.870288
1.890513
1.889031
1.891838
1.868358
1.847851
1.868239
1.900729
1.910298
1.894425
1.897943
1.889366
1.890076
1.905309
1.911927
1.890309
1.874792
1.856107
1.872800
1.887478
1.900240
1.880979
1.859174
1.862250
1.925122
1.881378
1.876404
1.896177
1.884336
1.913742
1.914175
1.899107
1.893843
1.877161
1.878626
1.897485
1.903518
1.896163
1.898281
1.878920
1.914608
1.870732
1.879267
1.887491
1.872364
1.891467
1.875512
1.887272
1.896758
1.914080
