-0.490205
-0.654967
-0.708918
-0.709234
-0.719762
-0.724392
-0.739602
-0.707458
403.380124
426747358.993503
912648070.198680
1878216898732.834229
1768350059021.235840
134058312.662715
3568512912762.217285
6782994899.793293
1417753826.221095
27825236613.047134
64538924062.926575
16231007.269423
1425417940.814321
29225974.934386
119199.745324
7626371320.395607
76405420.486136
20492094.349055
553699.776193
299673465.721956
2690206.837760
89052080.369852
40805038.760346
358957040061.803894
987464471805746.500000
56794.101977
8727051038.858772
11061827.946430
35124605318.743988
2596878855.602169
22851024.782435
1449615414.850866
13740499.174158
88652033707721.671875
24444439674278.343750
544384399.912400
733767050.830713
1362817686.082190
40110955.240923
343773140.395607
3285925461.805634
11578982.863917
661353.429111
412095655.600677
3053494.241229
55615827.138232
220116433.079475
2661594509.195305
726909469.241127
11657966135855968.000000
17948931.747318
578696993.562427
23383856.234755
288286288.967658
108490257.886421
4886366737.883897
3074089.752713
609757.922902
10589563.587725
5512112890.538747
256597745.389126
26726102.450870
-nan
226312559.740430
56283452.833407
660655.588443
2886178122.860115
2596513.384451
1067057.988437
1072233780299.748779
143969620443744.093750
259145805.729202
10003474288.458796
9637769.013604
49986108.439816
4736315.633473
1004085.447983
2146900208.882681
5914747911.334906
522040286.708455
10392012.030456
48780506761.930244
1222659113.332799
44621105.920759
236108.648127
190550915592343072.000000
126604.972868
47348766.058733
6545722.371213
2626112.655866
5014082456.704831
187005129.422198
1137552970.483098
107972823.722532
841237.293721
40619447.374265
214151.605106
2476090.771308
41730239.322696
9543973.460617
22089261534.995018
28645534.112814
393699549.461114
1229390.496321
379916903.039897
8169292.849018
2941376.968792
82079823.015333
312931.157765
1461135.016236
958038.021875
2705521.230866
71261611.006111
394473.426825
2144524735.385320
23698912627601.484375
211208.749216
86979596.899429
541769.718641
13348865946537.664062
581468.762800
648024.484876
695266.961675
43177627.573746
4631844.881293
3979301842.328900
401795748.583709
5089613249.339335
7232424.591489
7097486.578136
11338028.205296
11064788.304037
649608311.900266
16191318564111.039062
31579574.352462
1396407.315294
6567003055.052685
7959052166.479911
36242338.455432
95084.811781
628685.222160
916557477452.383911
-nan
14660172587.924688
95997003.024817
83417250.759801
1029137.867973
26194641.324244
50415.935805
1602900784.747648
2058229.684809
10663395274.226583
-nan
941026953865.130005
118614915774630.859375
4435157.145012
1250023.401414
186446.016086
179761015.969588
27436365.253519
137796.525062
3943680.987081
96181721.754361
939171254783.314819
131101.225322
36155530834.528679
3926537877.148039
373159.748306
1920903.915401
37975302191.054367
176875.538767
938249969727.654175
459738.045778
15736.470984
61520148.171820
44923448972.869865
615697.500696
18450.343204
46099386.142225
1134017.565749
101631630.002454
32035124.928412
234080.153084
3843513801.074326
13740046.159510
180754878.184258
5733300377.747487
2339861179.864068
928407.889178
681638.865670
27501263.941591
3843073711010213.500000
17980393.141455
17161.323049
13456650.324282
86648.380738
479317.815723
70638.544858
12742964.714455
-nan
234168755.230509
97710.690719
365861.542543
84640.593676
232961616.955056
2993550146.042452
472823.964492
2613017959723857.000000
9444919372.543795
229613959.144530
1055526259735.526001
45683451.604668
36667452.628273
12879552421224.505859
1320958053.854066
7571567.831504
2408505.535295
326408.549084
4818294391052.266602
1460696097.269067
811495.083202
179039.340765
508871.566005
1065545.950757
297476.855145
2271344.323856
91957.005921
5943381.054153
147069.243792
258175389.103135
34436519.336272
6155699.259260
19724711.653404
6905402009.607230
6580.704996
93595292.338950
23854909.575976
380392733.473086
3421068.818435
305759846.959631
232504125.912970
1414587404.727894
24043183178.458607
6075267901.964937
806355.184414
447783.783816
2290143381.371986
110348.679065
31284248351.748802
57209.041219
334162.607563
33627.232966
187733898.143020
14033779.085452
7830148.182903
1537507.322251
52500259.784481
113060053.644630
16594558.685579
5685159149.596640
1409261.340887
98071.245603
-nan
4780314.298057
147741181.331982
36581113.168892
1039.950024
137594252.243219
87908445.417281
14947093.633577
5765299.021084
16463071.036505
15469.044129
10030104.999967
9012.504017
91660.474981
70430.211208
44018627.409405
33349850.501479
819940.870856
176858.033605
3161.119477
3737210.754436
180293029368.149109
235156.100562
56679.396057
381423.369952
1944083.508962
16100.356117
536639715.201415
49731.681184
5030.232958
