1.512601
1.488517
1.522981
1.503456
1.495701
1.503027
1.496258
1.495636
1.499996
1.485904
1.498617
1.491227
1.487787
1.485911
1.489758
1.508841
1.496497
1.505568
1.489726
1.492686
1.464321
1.501950
1.508596
1.507553
1.517298
1.499849
1.502023
1.492572
1.503931
1.505022
1.514489
1.513660
1.498815
1.495672
1.491205
1.493916
1.515681
1.515847
1.506363
1.509133
1.509897
1.498816
1.520870
1.498231
1.489853
1.504636
1.506964
1.501793
1.497740
1.493945
1.498258
1.492693
1.494737
1.500670
1.506605
1.503418
1.492783
1.500657
1.493824
1.490251
1.524010
1.492910
1.496967
1.495566
1.489477
1.517848
1.480105
1.507452
1.498129
1.494563
1.501776
1.501034
1.511826
1.509014
1.484710
1.506621
1.486469
1.489566
1.504167
1.491383
1.486993
1.508447
1.507608
1.496935
1.490698
1.498133
1.500192
1.503683
1.502945
1.511772
1.506624
1.509895
1.512156
1.501797
1.501701
1.495725
1.491143
1.506074
1.491594
1.489763
1.523783
1.500836
1.512090
1.495953
1.505313
1.501330
1.507729
1.506678
1.507941
1.487523
1.499720
1.504950
1.493973
1.494983
1.495794
1.501582
1.498830
1.506948
1.494942
1.496749
1.485765
1.496971
1.524904
1.496395
1.509945
1.502244
1.497193
1.502764
1.483270
1.507274
1.491254
1.491483
1.520087
1.494199
1.496942
1.500885
1.490873
1.497243
1.496210
1.502086
1.511937
1.496962
1.501766
1.497069
1.495563
1.495378
1.496426
1.503364
1.488518
1.499119
1.491816
1.491185
1.512423
1.501679
1.508504
1.499477
1.487144
1.490034
1.505527
1.500090
1.501642
1.497433
1.498837
1.494495
1.496747
1.508236
1.508466
1.495923
1.497066
1.492573
1.478923
1.484656
1.500048
1.491856
1.504304
1.507195
1.500047
1.478054
1.506587
1.490806
1.498441
1.490992
1.512692
1.501533
1.494898
1.503735
1.506160
1.499087
1.498595
1.499517
1.497522
1.502263
1.493143
1.496100
1.487694
1.504793
1.504842
1.501547
1.497240
1.493408
1.496079
1.496796
1.517705
1.503593
1.490142
1.508868
1.513220
1.499452
1.508774
1.500444
1.505571
1.502030
1.507960
1.495446
1.494625
1.494276
1.489989
1.494841
1.503686
1.509229
1.505507
1.501698
1.488025
1.516746
1.505862
1.501017
1.511427
1.485294
1.498243
1.498352
1.499152
1.496376
1.511057
1.500304
1.506991
1.495029
1.514479
1.499760
1.509216
1.502389
1.482709
1.505141
1.494611
1.507918
1.504374
1.501671
1.505906
1.510391
1.508974
1.503471
1.488582
1.492755
1.510544
1.501394
1.513504
1.497090
1.498694
1.501544
1.489902
1.508943
1.518323
1.501456
1.507598
1.481626
1.498724
1.505149
1.509529
1.495185
1.512283
1.494701
1.497049
1.500643
1.510241
1.502636
1.507813
1.500338
1.505537
1.499852
1.518717
1.500633
1.506544
1.495265
1.491207
1.509550
1.507405
1.506402
1.496155
1.496901
1.503957
1.498839
1.500452
1.497638
1.485448
1.499082
1.489202
1.489854
1.511303
1.500640
1.484051
1.498649
1.509892
1.493400
1.496277
1.498354
1.498981
1.493182
1.499392
1.511010
1.497359
1.505120
1.496462
1.504079
1.492956
1.494061
1.498617
1.502626
1.477437
1.496737
1.517074
1.505511
1.503536
1.498500
1.499547
1.508297
1.492794
1.498112
1.507165
1.497005
1.508926
1.496433
1.501976
1.502052
1.495260
1.493446
1.492928
1.492082
1.513245
1.500510
1.505236
1.489952
1.478065
1.498136
1.495007
1.503319
1.504998
1.486536
1.510144
1.516293
1.512449
1.501181
1.510253
1.500550
1.491658
1.510094
1.500514
1.499127
1.506014
1.493171
1.500595
1.496028
1.485145
1.504854
1.479043
1.506126
1.500071
1.498881
1.513091
1.495924
1.506233
1.488846
1.499204
1.502900
1.513027
1.509412
1.504155
1.509639
1.502308
1.502352
1.515281
1.509065
1.490155
1.500741
1.494681
1.497366
1.506755
1.494634
1.503518
1.497347
1.483049
1.485338
1.481694
1.505552
1.484118
1.502288
1.490483
1.499180
1.511237
1.496536
1.513831
1.503118
1.490199
1.489630
1.485777
1.509595
1.494185
1.498613
1.501430
1.495553
1.485677
1.497902
1.512255
1.489381
1.493650
1.485426
1.492231
1.508147
1.507466
1.493751
1.486781
1.497179
1.502116
1.488817
1.502039
1.507929
1.517961
1.503927
1.525484
1.498581
1.502578
1.498910
1.513672
1.504411
1.513973
1.506312
1.509755
1.513182
1.508388
1.495053
1.487423
1.490439
1.521149
1.492802
1.494365
1.501394
1.495333
1.505578
1.493266
1.507958
1.501768
1.501897
1.486556
1.493731
1.509915
1.506914
1.502241
1.488285
1.511206
1.489417
1.516833
1.495222
1.497413
1.502447
1.507904
1.490943
1.509009
1.508132
1.499990
1.513238
1.495785
1.496055
1.512616
1.507819
1.474139
1.508098
1.490428
1.504999
1.516726
1.491884
1.491875
1.499505
1.507269
1.509649
1.498349
1.500248
1.483817
1.496259
1.521436
1.504391
1.499086
1.502315
1.483897
1.497227
1.506386
1.502354
1.500834
1.490566
1.497428
1.511610
1.498977
1.499275
1.514590
1.490114
1.488333
1.497529
1.501091
1.503797
1.503067
1.501560
1.502529
1.492784
1.513952
1.494397
1.491505
1.507043
1.498204
1.501188
1.489560
1.501350
1.509812
1.506471
1.491284
1.508577
1.487215
1.512094
1.483314
1.512192
1.485861
1.512473
1.489487
1.498691
1.513209
1.501629
1.488019
1.506967
1.493232
1.501971
1.482925
1.497369
1.511740
1.497606
1.500797
1.486353
1.502315
1.501674
1.500584
1.494715
1.505797
1.499755
1.490502
1.501736
1.487685
1.504830
1.516112
1.508365
1.496341
1.488760
1.492639
1.503083
1.478773
1.499394
1.487795
1.495330
1.491166
1.499046
1.516925
1.499871
1.506734
1.498430
1.496812
1.510446
1.513995
1.503009
1.503745
1.507066
1.524388
1.507090
1.497016
1.504494
1.508184
1.494356
1.505467
1.496982
1.485183
1.489739
1.501620
1.501435
1.515567
1.489384
1.503778
1.495416
1.501505
1.500984
1.507312
1.500642
1.504947
1.505142
1.495123
1.510091
1.512640
1.510347
1.501400
1.489974
1.497331
1.496817
1.504659
1.504795
1.494975
1.490097
1.490302
1.499595
1.496803
1.484113
1.497378
1.494799
1.500948
1.487148
1.521285
1.502516
1.490897
1.496567
1.496332
1.491266
1.505380
1.496469
1.504456
1.517558
1.502426
1.502250
1.510045
1.501906
1.526371
1.498805
1.477045
1.499873
1.506221
1.496512
1.496223
1.500467
1.510762
1.497032
1.509601
1.483523
1.491967
1.488518
1.504806
1.494791
1.490161
1.500250
1.482713
1.503286
1.484617
1.500527
1.498018
1.497909
1.505551
1.496151
1.505931
1.488835
1.500136
1.493459
1.499391
1.511031
1.486292
1.504973
1.512913
1.499323
1.508915
1.489102
1.487995
1.503621
1.506144
1.496524
1.491243
1.491073
1.496342
1.503944
1.492263
1.497042
1.493934
1.490295
1.518035
1.511006
1.499140
1.495324
1.502369
1.511425
1.496666
1.510762
1.489570
1.505085
1.493811
1.503916
1.511163
1.497791
1.500594
1.501030
1.511377
1.506779
1.502753
1.493130
1.482367
1.494288
1.487661
1.514488
1.504543
1.498022
1.488116
1.510197
1.512967
1.521432
1.509077
1.494630
1.503399
1.495646
1.487429
1.503287
1.494649
1.486459
1.491518
1.499287
1.487436
1.497229
1.514794
1.495036
1.505863
1.502289
1.499220
1.505800
1.510847
1.498600
1.505777
1.488449
1.492764
1.491024
1.496443
1.514445
1.515865
1.503417
1.507166
1.496692
1.491623
1.502641
1.500756
1.498206
1.503317
1.510870
1.486891
1.511797
1.478300
1.507936
1.480937
1.501850
1.503723
1.486009
1.486273
1.491541
1.497639
1.504252
1.498645
1.502827
1.498875
1.498150
1.496869
1.499449
1.496114
1.496101
1.510101
1.503458
1.507513
1.500585
1.497442
1.513510
1.486739
1.509239
1.506173
1.500786
1.491340
1.505098
1.505932
1.488873
1.490945
1.513123
1.504649
1.498448
1.505979
1.503854
1.520127
1.496023
1.508021
1.506354
1.500646
1.498032
1.505827
1.504541
1.513840
1.499723
1.499454
1.493230
1.491111
1.499652
1.506369
1.499656
1.507266
1.497621
1.511614
1.509606
1.493987
1.487850
1.509881
1.494631
1.509535
1.497602
1.524940
1.499317
1.506900
1.502621
1.470798
1.492585
1.525024
1.502411
1.499645
1.506686
1.493748
1.493481
1.507916
1.496506
1.514570
1.507280
1.488274
1.506865
1.495745
1.508621
1.513466
1.495785
1.495956
1.504410
1.481656
1.498536
1.512108
1.490270
1.485938
1.496022
1.494733
1.493928
1.501938
1.499900
1.507965
1.507434
1.490281
1.497266
1.500476
1.497071
1.487367
1.501489
1.516047
1.489789
1.488206
1.505623
1.509241
1.500892
1.501814
1.503303
1.503999
1.513367
1.505189
1.505142
1.501558
1.506451
1.494919
1.498932
1.505732
1.498321
1.500578
1.488783
1.506845
1.506030
1.501607
1.506295
1.515975
1.502472
1.503222
1.494517
1.497495
1.502082
1.508562
1.509880
1.496753
1.490488
1.507038
1.498607
1.498390
1.497417
1.482883
1.491636
1.494514
1.497023
1.477055
1.496828
1.502850
1.496409
1.493249
1.488599
1.509107
1.496019
1.502794
1.498430
1.491870
1.517408
1.493858
1.510570
1.507140
1.499435
1.504645
1.499707
1.500222
1.502156
1.506029
1.495510
1.519299
1.488135
1.498075
1.507101
1.497313
1.500006
1.518772
1.504652
1.502428
1.507741
1.500283
1.504416
1.488088
1.498421
1.498854
1.496354
1.488905
1.507873
1.505250
1.503972
1.486166
1.489583
1.490848
1.499657
1.506833
1.510141
1.510896
1.504039
1.510223
1.505381
1.498672
1.489955
1.492569
1.489735
1.497707
1.509112
1.490790
1.508952
1.469601
1.495329
1.499707
1.493671
1.503309
1.505812
1.516645
1.501547
1.491481
1.502267
1.482925
1.497195
1.499379
1.502463
1.503397
1.503385
1.508517
1.506815
1.500379
1.486057
1.500049
1.515474
1.494815
1.509918
1.505035
1.503377
1.490846
1.498465
1.510520
1.510450
1.520439
1.495929
1.492089
1.492463
1.508921
1.514695
1.493588
1.498823
1.514231
1.494919
1.521315
1.511120
1.493107
1.502158
1.489579
1.490795
1.508588
1.495810
1.480371
1.504886
1.518780
1.503434
1.528045
1.507394
1.496409
1.506977
1.502699
1.492195
1.492295
1.507293
1.516692
1.493688
1.496800
1.508868
1.492788
1.502246
1.490956
1.492146
1.494624
1.501995
1.498052
1.500695
1.506555
1.492493
1.510671
1.498165
1.485546
1.505404
1.492008
1.493009
1.502833
1.495984
1.511952
1.504810
1.505148
1.501395
1.514175
1.500917
1.497073
1.483075
1.499171
1.507021
1.495021
1.496367
1.522547
1.505211
1.512016
1.494858
1.521098
1.491882
1.512771
1.498506
1.499314
1.505160
1.501102
1.491665
1.517788
1.498423
1.486942
1.499141
1.492715
1.502303
1.473536
1.487465
1.506667
1.493445
1.495597
1.497689
1.513150
1.510656
1.480929
1.495571
1.504959
1.511589
1.491651
1.498257
1.511641
1.496937
1.506066
1.486913
1.511457
1.503104
1.496814
1.499888
1.492412
1.497732
1.490887
1.499084
1.502943
1.498671
1.512540
1.494825
1.499710
1.501934
1.489545
1.491582
1.508438
1.500469
1.508533
1.500196
1.502903
1.504543
1.499499
1.503247
1.498337
1.508243
1.496387
1.501659
1.493661
1.503961
1.513548
1.498892
1.492438
1.507226
1.499550
1.510239
1.509636
1.503673
1.482106
1.489812
1.506708
1.496265
1.507301
1.487801
1.512370
1.498029
1.497157
1.505687
1.490431
1.507412
1.509294
1.499234
1.513672
1.486440
1.504729
1.503544
1.487194
1.494954
1.495310
1.503100
1.514392
1.507975
1.495624
1.502186
1.478256
1.512989
1.506816
1.494470
1.500198
1.509104
1.508982
1.495531
1.512121
1.501248
1.499312
1.495355
1.488204
1.491711
1.510732
1.497870
1.494808
1.488518
1.516753
1.495027
1.501592
1.490567
1.483041
1.508621
1.489705
1.505112
1.517129
1.494890
1.499280
1.508174
1.512881
1.503401
1.496536
1.501299
1.498574
1.504232
1.493162
1.497021
1.503590
1.507642
1.508987
1.499668
1.505847
1.501422
1.506666
1.505499
1.499002
1.494990
1.480172
1.499321
1.502045
1.489451
1.514668
1.498853
1.499154
1.498629
1.499028
1.494309
1.511946
1.501084
1.485909
1.510812
1.491253
1.500946
1.489638
1.511284
1.500092
1.499913
1.484346
1.503971
1.497572
1.496022
1.507099
1.501816
1.488473
1.494041
1.491192
1.498048
1.506772
1.477045
1.505759
1.498264
1.511785
1.501460
1.490861
1.498346
1.500445
1.505840
1.503279
1.502864
1.503329
1.494693
1.500668
1.486912
1.506927
1.504253
1.506420
1.488279
1.510879
1.497059
1.490498
1.492565
1.499204
1.491399
1.497873
1.514089
1.511622
1.494613
1.502882
1.486960
1.520199
1.496074
1.493745
1.494275
1.500070
1.499462
1.494581
1.493129
1.489481
1.491826
1.507937
1.508401
1.498787
1.493429
1.502170
1.508152
1.513145
1.504905
1.504488
1.497889
1.491760
1.493201
1.506149
1.492242
1.516472
1.508986
1.512089
1.506100
1.478475
1.484093
1.512657
1.491450
1.512872
1.493382
1.500181
1.497542
1.501783
1.497153
1.502381
1.502766
1.505792
1.500120
1.508189
1.510234
1.504224
1.505260
1.493662
1.507949
1.498172
1.492892
1.507562
1.506021
1.525951
1.499607
1.492373
1.496706
1.502916
1.501287
1.522418
1.506872
1.489637
1.492285
1.504946
1.503467
1.501106
1.494477
1.517753
1.512341
1.490092
1.497987
1.510073
1.505990
1.503815
1.499837
1.498053
1.493818
1.488158
1.505611
1.510933
1.491585
1.494460
1.503255
1.489264
1.499314
1.508960
1.494631
1.479291
1.510620
1.512249
1.504830
1.506280
1.501280
1.500504
1.498255
1.478410
1.500019
1.500006
1.510732
1.491485
1.493825
1.479593
1.495649
1.512723
1.497422
1.491002
1.489274
1.500498
1.495019
1.487767
1.511367
1.486972
1.496499
1.510644
1.505937
1.513505
1.502921
1.503292
1.493379
1.500374
1.509165
1.493330
1.516164
1.505849
1.496081
1.511283
1.500748
1.489377
1.491928
1.500788
1.496574
1.497154
1.498339
1.488626
1.488830
1.493889
1.502317
1.491845
1.509030
1.501567
1.502803
1.517053
1.502923
1.499787
1.495034
1.507804
1.506800
1.486176
1.498082
1.498271
1.508532
1.490082
1.494073
1.510713
1.507768
1.496971
1.496605
1.492502
1.493525
1.502371
1.500544
1.517775
1.499864
1.488208
1.505987
1.519996
1.510852
1.499388
1.501216
1.499101
1.498207
1.486705
1.493762
1.509358
1.495434
1.509632
1.498437
1.494732
1.499122
1.498696
1.490692
1.510337
1.494446
1.493468
1.498998
1.492472
1.491705
1.504383
1.496916
1.515767
1.496745
1.505481
1.496754
1.513455
1.500663
1.500507
1.496297
1.505909
1.498085
1.506028
1.507598
1.512276
1.504331
1.501339
1.498287
1.519931
1.498323
1.503623
1.501881
1.495367
1.505931
1.501420
1.509675
1.501196
1.494737
1.501904
1.492901
1.495122
1.497575
1.497002
1.493276
1.497718
1.504270
1.488163
1.502947
1.515630
1.490568
1.507058
1.504740
1.495764
1.499765
1.492323
1.500758
1.504703
1.504837
1.513470
1.504605
1.493673
1.498359
1.503322
1.487023
1.507216
1.503673
1.492430
1.503319
1.504014
1.506967
1.465426
1.514019
1.489954
1.504198
1.496081
1.495059
1.503298
1.505163
1.509533
1.503716
1.495826
1.505218
1.504150
1.491634
1.505985
1.503617
1.484346
1.506679
1.479588
1.502031
1.509505
1.501546
1.499105
1.495978
1.508741
1.499147
1.501710
1.497656
1.500050
1.495910
1.493858
1.488289
1.500401
1.499347
1.481953
1.495006
1.502595
1.500570
1.501868
1.502622
1.492619
1.500157
1.507408
1.500720
1.492140
1.506672
1.492411
1.506730
1.508756
1.497725
1.510075
1.503509
1.481640
1.503208
1.501452
1.495299
1.501505
1.503152
1.494729
1.495341
1.504497
1.500746
1.499130
1.505547
1.489936
1.505766
1.476676
1.508265
1.476510
1.500905
1.504647
1.503837
1.498960
1.499227
1.502325
1.491162
1.506432
1.502586
1.493187
1.505342
1.508435
1.506395
1.506799
1.503965
1.475533
1.500342
1.513715
1.493921
1.490086
1.498130
1.483370
1.505400
1.515813
1.492781
1.512110
1.499733
1.498991
1.500582
1.501769
1.496520
1.503436
1.502941
1.492584
1.500150
1.505056
1.495417
1.515244
1.506851
1.498919
1.509213
1.498492
1.505293
1.530631
1.507583
1.500238
1.493167
1.482228
1.486133
1.515389
1.492105
1.496054
1.484583
1.491796
1.495700
1.489565
1.490423
1.498262
1.498292
1.507450
1.501606
1.519304
1.499739
1.508173
1.509653
1.497499
1.479638
1.499144
1.506186
1.504817
1.495448
1.504264
1.499807
1.512496
1.494990
1.495683
1.496730
1.492282
1.504733
1.481515
1.504410
1.479929
1.515333
1.496681
1.500186
1.510470
1.500170
1.486231
1.512250
1.492420
1.498276
1.471315
1.492519
1.503366
1.505250
1.502307
1.499713
1.516194
1.498213
1.504164
1.498121
1.491403
1.507409
1.511020
1.492902
1.479112
1.497019
1.504034
1.499932
1.493304
1.503717
1.505439
1.480810
1.498126
1.501534
1.533781
1.494826
1.504983
1.504815
1.502538
1.496135
1.508932
1.499569
1.483527
1.501361
1.507942
1.503336
1.503038
1.496052
1.505779
1.500220
1.495866
1.511976
1.510032
1.492535
1.499410
1.502806
1.506626
1.497605
1.503701
1.499285
1.514103
1.512582
1.491205
1.502169
1.503352
1.502373
1.504497
1.503233
1.507013
1.505481
1.501194
1.504114
1.509660
1.496750
1.509928
1.503804
1.503220
1.497195
1.519939
1.496223
1.496095
1.498748
1.484706
1.500660
1.499803
1.506768
1.509201
1.510392
1.500937
1.495811
1.488767
1.493793
1.494871
1.502900
1.486926
1.497309
1.478856
1.498391
1.512238
1.493956
1.508466
1.502083
1.496210
1.500145
1.510865
1.496124
1.489279
1.501343
1.502240
1.489114
1.506785
1.506532
1.516583
1.493077
1.499385
1.493056
1.495068
1.511029
1.500094
1.500530
1.493743
1.488775
1.508559
1.494590
1.506545
1.495145
1.501221
1.494290
1.504741
1.505245
1.495509
1.503636
1.491675
1.504127
1.495182
1.497653
1.487420
1.499467
1.491772
1.508852
1.494734
1.487345
1.494925
1.501666
1.512002
1.501456
1.506397
1.484681
1.518943
1.499067
1.495572
1.496320
1.494300
1.499680
1.517655
1.499922
1.499809
1.499090
1.500456
1.501016
1.508853
1.500498
1.494329
1.501342
1.510096
1.501813
1.499236
1.490040
1.494361
1.497935
1.510995
1.500452
1.497296
1.505713
1.492429
1.504156
1.495345
1.502273
1.499142
1.514413
1.504111
1.494143
1.497295
1.503632
1.514897
1.498217
1.508368
1.493348
1.501702
1.496835
1.479522
1.497091
1.504836
1.496535
1.483542
1.509001
1.482162
1.492337
1.494235
1.497334
1.505462
1.495555
1.477785
1.508719
1.484177
1.511324
1.522696
1.492516
1.513518
1.490800
1.506533
1.491664
1.500825
1.498373
1.482646
1.491202
1.502238
1.491212
1.515469
1.499631
1.491559
1.498221
1.492317
1.507011
1.499980
1.504204
1.494665
1.511404
1.511788
1.487859
1.494533
1.506737
1.492354
1.500266
1.504969
1.501985
1.488955
1.510071
1.495437
1.497627
1.511424
1.495056
1.492615
1.498897
1.479899
1.506240
1.492456
1.503950
1.489567
1.500746
1.503697
1.511840
1.487373
1.496810
1.494119
1.485349
1.505336
1.503127
1.494150
1.503118
1.503523
1.507025
1.507669
1.495116
1.509791
1.496855
1.499489
1.498880
1.505149
1.499942
1.503713
1.509742
1.495930
1.504344
1.499104
1.513332
1.487547
1.508058
1.502323
1.497961
1.492608
1.492109
1.499573
1.498834
1.494805
1.499956
1.522099
1.496638
1.497872
1.512613
1.504154
1.498925
1.506641
1.493143
1.495183
1.489847
1.500449
1.505326
1.507951
1.507124
1.497709
1.489360
1.497811
1.511510
1.502002
1.490792
1.500857
1.489218
1.496144
1.500904
1.505492
1.513940
1.518978
1.485173
1.498541
1.498121
1.509919
1.501216
1.510374
1.490762
1.502177
1.506131
1.481710
1.505013
1.498768
1.498819
1.487217
1.502372
1.496033
1.512454
1.489282
1.500438
1.501181
1.502804
1.494083
1.501179
1.494546
1.508082
1.496661
1.502345
1.497815
1.485716
1.507117
1.503316
1.494669
1.495123
1.511453
1.492604
1.504222
1.495654
1.494301
1.510786
1.494635
1.497675
1.513638
1.504002
1.501164
1.504271
1.488819
1.498916
1.498250
1.498827
1.494538
1.501396
1.487947
1.500579
1.498338
1.500516
1.491723
1.498171
1.494129
1.497209
1.504606
1.499442
1.507971
1.494853
1.502490
1.497162
1.513555
1.503528
1.506766
1.507070
1.494047
1.495135
1.502748
1.500824
1.513010
1.501434
1.477762
1.490309
1.497774
1.506167
1.518969
1.500189
1.503028
1.497136
1.504885
1.514537
1.506018
1.497037
1.498870
1.498861
1.495301
1.499449
1.509091
1.500568
1.487969
1.500165
1.508722
1.496087
1.483450
1.506638
1.490274
1.493882
1.502170
1.512345
1.504433
1.504696
1.502143
1.500614
1.508298
1.495816
1.513368
1.494770
1.503732
1.486169
1.494143
1.507745
1.490774
1.499699
1.497407
1.485832
1.502700
1.491399
1.516123
1.505866
1.500687
1.502583
1.487548
1.489702
1.496809
1.502872
1.519129
1.497586
1.488075
1.494588
1.493940
1.490447
1.502845
1.504445
1.502348
1.503618
1.486201
1.500842
1.504160
1.492884
1.490989
1.497050
1.494978
1.514417
1.493075
1.503532
1.519034
1.497045
1.492857
1.502462
1.488404
1.507860
1.506866
1.496357
1.496106
1.494765
1.498727
1.494730
1.506069
1.496869
1.508747
1.514425
1.506566
1.493354
1.493838
1.505337
1.508251
1.499329
1.505534
1.509489
1.499690
1.505802
1.505181
1.491986
1.495925
1.497137
1.492686
1.497830
1.499913
1.497733
1.494498
1.508181
1.491137
1.492511
1.483276
1.506246
1.505877
1.493619
1.492656
1.493527
1.503978
1.515947
1.489049
1.503163
1.490789
1.500507
1.503605
1.508744
1.487583
1.488296
1.512685
1.491168
1.499151
1.497425
1.484683
1.491006
1.506889
1.488170
1.500555
1.495295
1.504820
1.496389
1.485947
1.497550
1.502548
1.502852
1.504019
1.512667
1.507347
1.502304
1.508281
1.496031
1.501763
1.498925
1.501064
1.511185
1.493062
1.493891
1.490736
1.492511
1.508878
1.493299
1.503034
1.497014
1.495398
1.509903
1.492878
1.495293
1.496453
1.500226
1.477251
1.502027
1.499686
1.503765
1.501972
1.500244
1.507345
1.495805
1.498533
1.487049
1.494273
1.508243
1.494227
1.489952
1.492466
1.508674
1.499553
1.504561
1.516461
1.490101
1.487887
1.500995
1.494758
1.480917
1.497956
1.498674
1.483031
1.494935
1.505670
1.500533
1.479907
1.499987
1.499176
1.495788
1.495618
1.497880
1.513018
1.490389
1.495786
1.496770
1.487669
1.508234
1.490288
1.496261
1.484443
1.502757
1.482201
1.500030
1.498691
1.501032
1.505595
1.482865
1.503957
1.509458
1.496783
1.499554
1.506769
1.501619
1.501317
1.501312
1.492807
1.490447
1.500064
1.502556
1.498809
1.510730
1.499890
1.493284
1.518716
1.491581
1.510835
1.509836
1.494995
1.504277
1.491222
1.494268
1.494532
1.506803
1.485850
1.499294
1.497115
1.505692
1.495809
1.499120
1.487264
1.497457
1.498903
1.497915
1.503347
1.501839
1.505134
1.500219
1.498177
1.499155
1.494687
1.505218
1.500298
1.511113
1.506541
1.505265
1.494195
1.488563
1.497411
1.494550
1.492166
1.502844
1.484585
1.496617
1.496729
1.492224
1.503789
1.499216
1.518019
1.497817
1.500466
1.514751
1.500467
1.508264
1.486520
1.488256
1.514371
1.503148
1.499242
1.487125
1.485206
1.506223
1.493928
1.491051
1.486836
1.486935
1.512169
1.501575
1.491440
1.491835
1.511326
1.505999
1.502274
1.515116
1.507798
1.499338
1.502727
1.504637
1.501017
1.484770
1.517209
1.500272
1.523133
1.489096
1.502648
1.504816
1.504725
1.505194
1.501223
1.506644
1.500200
1.488861
1.499272
1.499681
1.495786
1.495706
1.508683
1.508613
1.502773
1.494493
1.491710
1.508035
1.509175
1.501610
1.506925
1.498737
1.491455
1.505602
1.498397
1.505833
1.503603
1.509090
1.493041
1.500601
1.495868
1.496639
1.502154
1.491278
1.499670
1.495115
1.506029
1.495751
1.503431
1.492188
1.504462
1.497506
1.502403
1.509910
1.512665
1.503683
1.499107
1.492721
1.508306
1.501733
1.503323
1.485742
1.503554
1.499234
1.505960
1.496174
1.504901
1.492701
1.492346
1.498357
1.494194
1.490046
1.491527
1.500785
1.507688
1.498289
1.503857
1.498188
1.502645
1.497937
1.484581
1.500499
1.495701
1.493789
1.486819
1.493437
1.497139
1.499999
1.490015
1.490401
1.504995
1.505131
1.481352
1.489829
1.507356
1.498337
1.501529
1.503762
1.511728
1.499326
1.499203
1.502927
1.502841
1.485284
1.498767
1.502174
1.495438
1.497060
1.478473
1.497998
1.507564
1.499105
1.487740
1.494399
1.492624
1.501731
1.480696
1.498456
1.492576
1.501532
1.499161
1.504481
1.508852
1.503619
1.506762
1.490489
1.488890
1.502446
1.499887
1.498598
1.495747
1.498289
1.508937
1.489637
1.489352
1.496770
1.485750
1.505802
1.493176
1.513389
1.498552
1.498132
1.479444
1.505448
1.509231
1.493560
1.490508
1.499590
1.482192
1.508295
1.476681
1.502794
1.510779
1.493925
1.504117
1.501313
1.513907
1.509853
1.507963
1.503302
1.513651
1.493919
1.497158
1.512146
1.480968
1.511339
1.491962
1.490945
1.499653
1.502445
1.490484
1.508354
1.487602
1.498321
1.514753
1.502259
1.501838
1.506114
1.506276
1.501235
1.478912
1.503579
1.511196
1.490702
1.503479
1.501557
1.496470
1.496175
1.505094
1.498572
1.485936
1.496072
1.503586
1.493401
1.488708
1.510446
1.508438
1.496440
1.503002
1.501211
1.488558
1.491624
1.492860
1.482583
1.495444
1.506024
1.515914
1.506096
1.515602
1.501150
1.521821
1.505561
1.501100
1.492168
1.501759
1.503144
1.505494
1.509716
1.518047
1.504976
1.519437
1.502875
1.494295
1.510750
1.484353
1.509195
1.496769
1.508330
1.493600
1.502136
1.507701
1.498403
1.514320
1.520741
1.482035
1.495569
1.506193
1.493039
1.498045
1.498346
1.501959
1.498118
1.497225
1.503770
1.507740
1.506103
1.495396
1.503109
1.493177
1.493994
1.503417
1.504204
1.498712
1.498560
1.508675
1.494169
1.497397
1.495426
1.488640
1.507876
1.492883
1.514805
1.504381
1.498971
1.488712
1.508807
1.499557
1.490181
1.511741
1.496708
1.505467
1.498764
1.490266
1.505872
1.509914
1.496704
1.492203
1.488019
1.483798
1.494552
1.495822
1.500030
1.502495
1.501641
1.494763
1.509529
1.486698
1.508946
1.487112
1.495764
1.515706
1.501160
1.489574
1.488877
1.508067
1.500699
1.498412
1.501404
1.494656
1.499432
1.486681
1.486027
1.507711
1.505986
1.486046
1.504740
1.510447
1.506004
1.484166
1.505169
1.494334
1.493867
1.490386
1.495764
1.505028
1.498464
1.493426
1.505270
1.487443
1.502846
1.492197
1.491375
1.491950
1.502603
1.507989
1.492444
1.505165
1.490414
1.506394
1.488252
1.476145
1.496758
1.506657
1.500354
1.493420
1.485903
1.490221
1.499706
1.510540
1.507788
1.516881
1.501936
1.512303
1.490916
1.497618
1.490576
1.497888
1.495449
1.487381
1.500345
1.483102
1.499247
1.515522
1.494187
1.502267
1.506757
1.487811
1.516788
1.489716
1.501920
1.498063
1.498518
1.518827
1.498204
1.506283
1.504320
1.504141
1.493639
1.504368
1.493121
1.494033
1.490435
1.492037
1.493979
1.496300
1.497582
1.506609
1.490553
1.488508
1.498815
1.482170
1.503925
1.496536
1.498128
1.490944
1.503716
1.492773
1.502171
1.497576
1.498380
1.505152
1.495049
1.501713
1.508880
1.498930
1.489914
1.500945
1.515363
1.488901
1.504507
1.498560
1.489220
1.503061
1.504870
1.494914
1.510477
1.495064
1.496523
1.490617
1.493146
1.515169
1.506653
1.479040
1.508806
1.489587
1.503122
1.513573
1.497783
1.514596
1.500754
1.505653
1.501698
1.486044
1.504702
1.507551
1.513445
1.479092
1.501735
1.488666
1.507289
1.512515
1.502168
1.481164
1.498168
1.489964
1.493593
1.517498
1.500730
1.495015
1.494752
1.523432
1.496769
1.522497
1.499104
1.519229
1.505769
1.505198
1.493734
1.493814
1.490655
1.491392
1.509038
1.482528
1.485938
1.503026
1.502900
1.502319
1.499378
1.498966
1.489952
1.510057
1.499720
1.483859
1.483900
1.487130
1.493033
1.500698
1.494123
1.495707
1.503101
1.509775
1.495668
1.502235
1.499337
1.495491
1.497737
1.502895
1.495177
1.496158
1.501123
1.511658
1.503487
1.513742
1.504942
1.500234
1.509564
1.518704
1.507599
1.510386
1.492915
1.522003
1.503433
1.502106
1.496619
1.499792
1.489663
1.509887
1.491003
1.477643
1.518240
1.515129
1.513498
1.503076
1.499363
1.495034
1.497038
1.492768
1.495451
1.513858
1.512339
1.522347
1.496454
1.489939
1.492801
1.506383
1.494639
1.486641
1.505204
1.501568
1.497666
1.505236
1.501663
1.500174
1.496366
1.508297
1.498878
1.482002
1.517452
1.465988
1.496834
1.496841
1.506370
1.505296
1.492237
1.502940
1.507354
1.515084
1.496779
1.489822
1.486211
1.495967
1.514893
1.487613
1.503717
1.487052
1.510365
1.509581
1.489093
1.504243
1.494207
1.499614
1.500425
1.494025
1.489603
1.504503
1.500372
1.488430
1.509112
1.505442
1.503487
1.504985
1.495653
1.506005
1.483109
1.501699
1.502574
1.491571
1.487046
1.506578
1.504652
1.494160
1.506728
1.522566
1.505772
1.500346
1.487504
1.504296
1.494445
1.508154
1.508140
1.498606
1.505958
1.502945
1.487800
1.498628
1.481933
1.502217
1.485495
1.504165
1.499091
1.509453
1.507533
1.508101
1.514367
1.507763
1.506041
1.495570
1.492617
1.525376
1.505133
1.507208
1.500412
1.508619
1.490645
1.512688
1.500532
1.496432
1.501782
1.508828
1.498714
1.507256
1.492747
1.496676
1.504547
1.491127
1.513769
1.496847
1.504485
1.502737
1.499545
1.484682
1.511685
1.498048
1.504540
1.501148
1.506763
1.530178
1.497471
1.502061
1.504665
1.482670
1.510084
1.498037
1.491469
1.496956
1.493710
1.514392
1.515173
1.483830
1.499074
1.514171
1.503347
1.478211
1.494517
1.484937
1.499265
1.482411
1.493661
1.507511
1.499303
1.488381
1.498504
1.513648
1.509610
1.506015
1.495720
1.490620
1.501741
1.506134
1.479590
1.508642
1.496921
1.505224
1.493355
1.501037
1.501588
1.503200
1.490862
1.500199
1.496195
1.501104
1.505728
1.498390
1.509134
1.478886
1.497219
1.496387
1.510428
1.511413
1.487087
1.514501
1.494302
1.504407
1.499889
1.493880
1.508167
1.478358
1.494561
1.498630
1.497015
1.493351
1.493427
1.503050
1.505355
1.499469
1.506071
1.497584
1.500559
1.488723
1.501521
1.498905
1.501196
1.501046
1.489658
1.498823
1.504960
1.500345
1.492915
1.492315
1.488253
1.495357
1.505374
1.490688
1.498159
1.500956
1.490650
1.497523
1.499536
1.493802
1.484787
1.494204
1.506191
1.498140
1.504584
1.492006
1.512323
1.489997
1.508584
1.495831
1.495581
1.504370
1.510272
1.491221
1.503041
1.522345
1.505865
1.519077
1.485419
1.510577
1.496891
1.510493
1.520343
1.521244
1.500123
1.511962
1.504947
1.494682
1.501753
1.510668
1.512661
1.485572
1.499025
1.505626
1.488354
1.520234
1.499810
1.509978
1.507296
1.513352
1.497251
1.496146
1.489129
1.505489
1.489201
1.508870
1.495436
1.505768
1.501292
1.490734
1.504399
1.504039
1.495135
1.518814
1.489896
1.509943
1.499672
1.507649
1.498036
1.501009
1.501423
1.487857
1.499699
1.499671
1.506586
1.504577
1.496440
1.508870
1.500642
1.493678
1.500580
1.505864
1.491566
1.511089
1.497290
1.495787
1.489154
1.503696
1.488767
1.494916
1.493019
1.518158
1.501135
1.508764
1.496024
1.493573
1.508780
1.517952
1.508867
1.506121
1.502791
1.493451
1.501771
1.492831
1.480531
1.484342
1.495558
1.495419
1.496725
1.501747
1.504220
1.493271
1.496198
1.485214
1.493786
1.502196
1.506321
1.505796
1.488958
1.497136
1.509777
1.517749
1.504838
1.497443
1.502900
1.491565
1.487647
1.510169
1.505297
1.471759
1.497259
1.486609
1.493502
1.502608
1.490201
1.501830
1.518017
1.497335
1.493963
1.512489
1.512276
1.500941
1.493026
1.494902
1.509260
1.509484
1.500258
1.500077
1.501474
1.504673
1.493029
1.500430
1.497417
1.500266
1.492361
1.483679
1.495957
1.500149
1.495924
1.493551
1.502361
1.498370
1.503290
1.513933
1.503135
1.477052
1.494474
1.498448
1.497038
1.519255
1.493910
1.501688
1.495399
1.511995
1.498833
1.495968
1.509209
1.512972
1.500789
1.493611
1.498976
1.492402
1.504345
1.505875
1.497190
1.492241
1.493243
1.491669
1.498940
1.508858
1.492295
1.503972
1.502854
1.510040
1.500204
1.498450
1.508262
1.500233
1.499310
1.499169
1.493227
1.520981
1.512467
1.495887
1.498359
1.490934
1.501392
1.510515
1.501210
1.510082
1.494691
1.518566
1.489783
1.500471
1.505301
1.486976
1.503939
1.491698
1.498976
1.490327
1.507269
1.502316
1.500470
1.493896
1.499147
1.511263
1.497506
1.491678
1.494924
1.494761
1.496221
1.516125
1.506618
1.500380
1.495440
1.497919
1.498761
1.501308
1.501936
1.500175
1.503875
1.492617
1.503345
1.493528
1.502997
1.499736
1.495752
1.507822
1.501339
1.503122
1.502347
1.500592
1.504914
1.480896
1.493646
1.481665
1.498578
1.504046
1.495940
1.512690
1.494837
1.514416
1.500333
1.486582
1.501532
1.501674
1.495425
1.511088
1.499783
1.479842
1.496452
1.497701
1.497743
1.502011
1.501315
1.512174
1.494622
1.504591
1.502282
1.509882
1.489591
1.495872
1.507635
1.492513
1.499585
1.489522
1.505670
1.520311
1.506055
1.494431
1.502694
1.511047
1.507099
1.484803
1.495864
1.485037
1.512948
1.498511
1.499189
1.510616
1.512119
1.493577
1.491904
1.507908
1.495225
1.505582
1.489712
1.494144
1.496644
1.474781
1.498850
1.498464
1.500329
1.509692
1.502850
1.517676
1.503566
1.491128
1.504499
1.484331
1.487889
1.505034
1.492045
1.505196
1.505460
1.514596
1.504009
1.512287
1.494176
1.492229
1.505486
1.504021
1.497857
1.500419
1.508532
1.486307
1.503952
1.500905
1.502569
1.502537
1.490407
1.500874
1.505313
1.487272
1.495355
1.503105
1.506161
1.493093
1.505367
1.510825
1.510801
1.513215
1.495940
1.509141
1.505808
1.501567
1.484895
1.494510
1.494401
1.510594
1.511471
1.496326
1.497299
1.493600
1.498872
1.499543
1.502774
1.496077
1.501726
1.494223
1.501260
1.494282
1.496421
1.500559
1.508929
1.484393
1.506575
1.496277
1.497202
1.487297
1.490821
1.484697
1.507070
1.498425
1.496359
1.502194
1.504119
1.502336
1.500116
1.496245
1.495926
1.494315
1.508202
1.481170
1.511821
1.513941
1.501460
1.483935
1.505578
1.514438
1.493462
1.496802
1.504132
1.500517
1.501156
1.508470
1.508837
1.500829
1.503050
1.513250
1.498027
1.495959
1.499907
1.493634
1.501955
1.489048
1.495460
1.509154
1.499959
1.507593
1.509853
1.481584
1.491973
1.513181
1.486533
1.488640
1.487581
1.506864
1.506070
1.505850
1.500233
1.502873
1.506299
1.500138
1.518163
1.493360
1.498643
1.498548
1.517662
1.489586
1.503801
1.506626
1.519882
1.496996
1.504647
1.513298
1.501952
1.512178
1.498639
1.508277
1.489908
1.492513
1.504751
1.492083
1.488249
1.512064
1.498584
1.507679
1.506830
1.505115
1.498575
1.507042
1.505463
1.489125
1.494917
1.507994
1.502464
1.504823
1.513765
1.505848
1.498739
1.492318
1.498741
1.515211
1.493261
1.491699
1.503554
1.495138
1.502273
1.503911
1.500082
1.484408
1.496145
1.506232
1.495843
1.511350
1.507761
1.506449
1.502300
1.499480
1.500455
1.501608
1.499141
1.511435
1.501546
1.510101
1.502942
1.497721
1.494890
1.492106
1.505163
1.513376
1.489623
1.493371
1.496051
1.493055
1.501380
1.508153
1.491124
1.478292
1.492973
1.501989
1.495314
1.498100
1.504033
1.504854
1.509327
1.501498
1.498367
1.514057
1.494743
1.491142
1.501329
1.502642
1.497692
1.503644
1.504808
1.493985
1.494356
1.486032
1.495629
1.505171
1.501895
1.509874
1.488269
1.495485
1.497778
1.508599
1.493190
1.508620
1.493877
1.499434
1.497463
1.503104
1.499139
1.506118
1.503521
1.496041
1.496649
1.492898
1.498626
1.489436
1.484900
1.505367
1.496210
1.497516
1.511601
1.512292
1.495084
1.494913
1.502704
1.506395
1.496512
1.519383
1.498017
1.505879
1.506121
1.497829
1.513048
1.500058
1.508053
1.478620
1.509245
1.490915
1.496525
1.485171
1.493362
1.506400
1.504508
1.498163
1.505530
1.501343
1.499682
1.522159
1.486280
1.515425
1.492440
1.504835
1.503380
1.517032
1.508486
1.490686
1.502206
1.519258
1.514345
1.512226
1.504962
1.492701
1.510743
1.485466
1.495318
1.505842
1.504172
1.495680
1.504521
1.486068
1.494543
1.500889
1.510286
1.508967
1.501756
1.502040
1.500762
1.504507
1.491960
1.501791
1.493326
1.488788
1.503016
1.496752
1.499414
1.489855
1.499886
1.522535
1.489870
1.509341
1.494725
1.481794
1.497867
1.492938
1.500911
1.496593
1.505924
1.491530
1.503397
1.498945
1.510807
1.513903
1.485467
1.512503
1.500801
1.477362
1.509452
1.504377
1.509463
1.492286
1.493498
1.476177
1.494509
1.501989
1.494696
1.500587
1.493142
1.491178
1.499624
1.490617
1.501816
1.504393
1.492055
1.501625
1.488913
1.508088
1.503642
1.501705
1.499537
1.501255
1.495791
1.506409
1.501619
1.502172
1.497822
1.510823
1.506043
1.518195
1.514767
1.505223
1.509654
1.495087
1.502688
1.497083
1.492088
1.508345
1.499407
1.505505
1.499868
1.508897
1.510622
1.491723
1.499471
1.507424
1.501846
1.507559
1.496903
1.492177
1.494601
1.498049
1.497016
1.491873
1.497819
1.495257
1.506742
1.525059
1.504094
1.503704
1.503392
1.515769
1.494000
1.511717
1.510329
1.502796
1.501324
1.500745
1.503675
1.499223
1.499756
1.505165
1.494048
1.509341
1.505120
1.489866
1.496066
1.485488
1.504794
1.496060
1.500515
1.510005
1.508329
1.511068
1.518341
1.497183
1.498758
1.510747
1.494558
1.483732
1.488610
1.511584
1.495759
1.497491
1.510970
1.487690
1.501230
1.511022
1.494357
1.487845
1.505355
1.489515
1.498727
1.494749
1.498166
1.493104
1.496953
1.502185
1.500515
1.501030
1.491058
1.515759
1.508071
1.511289
1.496710
1.503027
1.503806
1.511752
1.497516
1.498938
1.502176
1.506274
1.485976
1.503351
1.498634
1.491002
1.502121
1.498260
1.501442
1.495105
1.496459
1.514365
1.504492
1.513696
1.490588
1.493789
1.508940
1.498729
1.502198
1.520069
1.501399
1.482571
1.505117
1.512308
1.505076
1.498438
1.500067
1.482158
1.503081
1.488680
1.497767
1.501926
1.511951
1.503497
1.511088
1.490538
1.500377
1.508240
1.508135
1.494507
1.497157
1.471745
1.498092
1.515976
1.508916
1.479819
1.494291
1.480662
1.509897
1.498675
1.513112
1.491744
1.513030
1.502107
1.512631
1.501929
1.498656
1.497804
1.493564
1.491541
1.500796
1.486786
1.501049
1.489453
1.498540
1.499474
1.497098
1.494970
1.509832
1.515682
1.491932
1.474199
1.504816
1.494226
1.501829
1.510527
1.511878
1.499173
1.513072
1.496696
1.502480
1.497836
1.506824
1.490344
1.502046
1.491242
1.506820
1.503565
1.507271
1.493593
1.493280
1.515131
1.499347
1.497313
1.502630
1.507547
1.490710
1.491989
1.485582
1.489291
1.494927
1.501211
1.498208
1.496248
1.497514
1.488616
1.501874
1.485460
1.499743
1.496365
1.499785
1.496576
1.499128
1.492626
1.507854
1.489678
1.492829
1.493827
1.504519
1.492763
1.507670
1.506702
1.502381
1.498660
1.514389
1.513973
1.509483
1.500174
1.490388
1.495312
1.505336
1.490726
1.504516
1.507779
1.497102
1.493549
1.499776
1.513822
1.506109
1.481125
1.496381
1.480078
1.505794
1.502295
1.493142
1.497014
1.494418
1.503688
1.497957
1.504024
1.507386
1.473348
1.491678
1.502406
1.496219
1.519581
1.497947
1.520806
1.506655
1.510187
1.503056
1.520298
1.494174
1.506256
1.503188
1.503027
1.504759
1.521481
1.500582
1.490168
1.504826
1.493709
1.503088
1.510958
1.494121
1.505754
1.495327
1.501043
1.491795
1.499885
1.497336
1.501503
1.494727
1.497216
1.500634
1.498260
1.499253
1.509189
1.486726
1.486471
1.501271
1.477344
1.495990
1.503045
1.498707
1.500663
1.493043
1.521267
1.495047
1.496024
1.511326
1.501039
1.500077
1.510425
1.503017
1.504793
1.509748
1.495497
1.487035
1.497625
1.493106
1.498917
1.504695
1.508000
1.500099
1.492680
1.500725
1.496082
1.494326
1.500891
1.499457
1.501420
1.506093
1.484912
1.503256
1.494773
1.493193
1.501011
1.512181
1.496013
1.498716
1.480971
1.508358
1.484152
1.495684
1.510665
1.504120
1.498192
1.491636
1.498847
1.495457
1.491912
1.509099
1.491886
1.483037
1.501807
1.503575
1.498787
1.505916
1.504697
1.502908
1.489182
1.481935
1.497603
1.510740
1.502141
1.490180
1.489767
1.504780
1.506674
1.496926
1.505441
1.499938
1.497134
1.507562
1.509391
1.498794
1.491777
1.485832
1.498071
1.513434
1.510462
1.496061
1.489968
1.497415
1.496262
1.503838
1.509960
1.494247
1.532629
1.497100
1.496904
1.506755
1.514906
1.492319
1.502070
1.503589
1.496157
1.498276
1.494165
1.497591
1.501589
1.491767
1.499030
1.490137
1.500328
1.501824
1.510875
1.497085
1.511825
1.504351
1.486457
1.503603
1.508261
1.493759
1.490007
1.497164
1.498062
1.507255
1.507373
1.506497
1.480615
1.502433
1.493390
1.509528
1.497051
1.502969
1.497505
1.505935
1.505607
1.504992
1.495200
1.503394
1.497002
1.498409
1.498693
1.488793
1.505325
1.502607
1.483740
1.504066
1.510099
1.501714
1.492087
1.508654
1.485889
1.496955
1.502213
1.506682
1.510884
1.493873
1.508125
1.509267
1.492154
1.493595
1.491329
1.499465
1.503250
1.500225
1.498484
1.491984
1.516204
1.510741
1.491745
1.507524
1.513187
1.503722
1.493100
1.502429
1.505605
1.493631
1.492362
1.491669
1.508105
1.492819
1.468708
1.500016
1.493070
1.497746
1.525147
1.491966
1.506607
1.514349
1.504562
1.490572
1.505825
1.486189
1.498971
1.510736
1.488678
1.498937
1.487109
1.508236
1.492628
1.495754
1.491204
1.500823
1.513927
1.506400
1.497337
1.494455
1.499573
1.499741
1.495493
1.500714
1.485959
1.492734
1.499920
1.493778
1.507976
1.503133
1.503285
1.501727
1.495810
1.488085
1.491228
1.502867
1.513573
1.499568
1.486900
1.507889
1.504828
1.505423
1.501653
1.508419
1.487324
1.501949
1.504344
1.500886
1.486174
1.497387
1.508121
1.492375
1.493586
1.509898
1.519020
1.508337
1.480201
1.493559
1.505894
1.506029
1.490429
1.514144
1.501081
1.489218
1.485834
1.508277
1.476618
1.507453
1.514665
1.498422
1.520601
1.497191
1.482058
1.493877
1.495947
1.495780
1.498286
1.491584
1.499556
1.502534
1.504998
1.500654
1.492594
1.500900
1.519082
1.492671
1.503180
1.505823
1.504619
1.496070
1.502781
1.482828
1.509042
1.495759
1.488715
1.514573
1.502372
1.501517
1.490136
1.502062
1.501575
1.493881
1.496577
1.505452
1.506488
1.511082
1.491373
1.506810
1.498461
1.503023
1.498015
1.508547
1.512761
1.494353
1.506499
1.512932
1.496343
1.489458
1.502008
1.481621
1.523646
1.498192
1.491274
1.519578
1.500303
1.504890
1.493083
1.505818
1.510348
1.503240
1.482685
1.493888
1.513734
1.508392
1.481831
1.507572
1.497188
1.501683
1.481763
1.484871
1.494470
1.511071
1.487359
1.496626
1.498842
1.495332
1.500200
1.505606
1.510667
1.510574
1.511968
1.495954
1.503460
1.500308
1.510386
1.508178
1.498315
1.506770
1.505367
1.504136
1.501391
1.502634
1.500699
1.501996
1.493436
1.489741
1.502282
1.490399
1.516824
1.504528
1.503651
1.516933
1.491051
1.506380
1.502100
1.485503
1.488219
1.492960
1.509796
1.488540
1.496266
1.501889
1.475965
1.492810
1.499755
1.500973
1.488123
1.495113
1.504840
1.511065
1.490713
1.502497
1.507835
1.506360
1.500373
1.490447
1.488947
1.502319
1.478956
1.508761
1.503285
1.498545
1.493289
1.487218
1.502687
1.501660
1.510260
1.513576
1.497129
1.499369
1.510912
1.500245
1.484779
1.502253
1.485366
1.501442
1.495302
1.508936
1.482902
1.498035
1.497327
1.504962
1.493425
1.497608
1.485765
1.493416
1.494810
1.499915
1.507533
1.498589
1.508552
1.500232
1.492428
1.496800
1.511775
1.496998
1.506597
1.496325
1.497267
1.498995
1.491817
1.495964
1.493745
1.511672
1.493866
1.504086
1.511553
1.501543
1.499734
1.514436
1.475907
1.499146
1.502525
1.509642
1.497186
1.494929
1.499212
1.499352
1.485346
1.496121
1.501966
1.502500
1.480141
1.503522
1.495755
1.490394
1.488399
1.489006
1.503053
1.499609
1.485344
1.504438
1.497275
1.506883
1.519074
1.502944
1.503345
1.504284
1.493113
1.489644
1.483551
1.494208
1.503018
1.494274
1.494238
1.493032
1.493165
1.507459
1.494762
1.497455
1.503863
1.504666
1.496508
1.494516
1.510356
1.514063
1.489643
1.497739
1.501073
1.505090
1.488073
1.506064
1.505442
1.493545
1.505691
1.509066
1.490400
1.490340
1.483065
1.492795
1.509853
1.493389
1.509214
1.497540
1.507602
1.495114
1.521586
1.497652
1.517178
1.498245
1.486629
1.494312
1.503238
1.497379
1.517878
1.498467
1.497795
1.503595
1.511030
1.509623
1.490375
1.493004
1.496713
1.496066
1.490041
1.492442
1.489767
1.500861
1.512520
1.503852
1.520413
1.486013
1.513764
1.501231
1.496719
1.495071
1.498869
1.504537
1.499545
1.491668
1.502360
1.494484
1.510402
1.506201
1.505520
1.502258
1.518855
1.496846
1.490386
1.504894
1.488079
1.494814
1.494849
1.505291
1.487155
1.505932
1.506117
1.494333
1.512607
1.495732
1.494916
1.509017
1.490949
1.501118
1.503653
1.510549
1.494619
1.493394
1.489649
1.498203
1.502688
1.491491
1.508418
1.499095
1.496154
1.503799
1.491811
1.502646
1.503048
1.504366
1.491724
1.492851
1.495181
1.512411
1.492846
1.502366
1.503393
1.501829
1.502668
1.496049
1.498325
1.509991
1.496830
1.509425
1.492846
1.497598
1.508148
1.495274
1.500643
1.502797
1.478360
1.502763
1.519006
1.496936
1.505542
1.503506
1.515773
1.495805
1.501189
1.489834
1.512484
1.502562
1.531415
1.493484
1.491568
1.503779
1.498400
1.507109
1.495108
1.499981
1.481961
1.512565
1.499617
1.491324
1.512061
1.498392
1.501915
1.498100
1.500702
1.500870
1.492319
1.499030
1.493140
1.496211
1.506542
1.500086
1.488374
1.493233
1.502177
1.514340
1.492725
1.500597
1.496319
1.506107
1.487224
1.502320
1.494962
1.499192
1.509387
1.505413
1.504474
1.497012
1.517019
1.499647
1.495632
1.512555
1.508003
1.503765
1.511377
1.499596
1.494726
1.492118
1.507060
1.494990
1.521852
1.502358
1.496004
1.499504
1.514109
1.501701
1.507685
1.504431
1.481082
1.499448
1.489489
1.499812
1.503543
1.492746
1.494487
1.501127
1.517517
1.490415
1.506280
1.494160
1.488770
1.509080
1.501562
1.498810
1.498017
1.493419
1.503458
1.502736
1.521961
1.476376
1.488438
1.501035
1.485141
1.497443
1.486209
1.501911
1.493055
1.502845
1.505808
1.501050
1.509861
1.511527
1.481604
1.499220
1.510640
1.494625
1.480441
1.501320
1.475197
1.493949
1.494063
1.497705
1.492080
1.507470
1.493226
1.496508
1.509577
1.505150
1.497120
1.497389
1.503620
1.487843
1.499714
1.510819
1.494970
1.500683
1.503504
1.497043
1.486193
1.497369
1.488159
1.493646
1.487365
1.507529
1.511006
1.511328
1.493673
1.492536
1.504771
1.494926
1.496320
1.493202
1.501633
1.493674
1.514758
1.498078
1.488702
1.490960
1.505392
1.507803
1.498844
1.500228
1.524848
1.500060
1.515362
1.500980
1.512621
1.499570
1.488378
1.505440
1.492456
1.501247
1.514437
1.498592
1.490499
1.501517
1.518282
1.508858
1.500297
1.489950
1.494700
1.500803
1.489359
1.504178
1.505200
1.492988
1.499501
1.498746
1.490085
1.502647
1.484693
1.498746
1.496117
1.504521
1.499797
1.512582
1.510798
1.501727
1.492616
1.503413
1.508280
1.495707
1.498534
1.496802
1.519408
1.508030
1.494233
1.493644
1.502800
1.498717
1.495843
1.500379
1.489621
1.482515
1.505482
1.490759
1.505869
1.504560
1.510956
1.499912
1.501472
1.497832
1.498919
1.495093
1.498352
1.508060
1.500308
1.493748
1.500495
1.494471
1.505836
1.508118
1.497086
1.493539
1.506599
1.494737
1.502194
1.494642
1.474684
1.494913
1.481548
1.494280
1.503113
1.505758
1.505349
1.491690
1.512710
1.494635
1.509811
1.501896
1.509963
1.504385
1.495056
1.488904
1.497079
1.496310
1.480591
1.498119
1.503588
1.504163
1.496980
1.483223
1.507460
1.499045
1.499977
1.504937
1.490837
1.508927
1.508622
1.506378
1.494839
1.501216
1.499626
1.490766
1.513482
1.492956
1.524775
1.507013
1.501970
1.502871
1.500174
1.504472
1.493435
1.499581
1.490914
1.504717
1.500302
1.500845
1.495540
1.503679
1.491901
1.502199
1.523254
1.497307
1.504904
1.497060
1.492816
1.489309
1.498695
1.491592
1.495311
1.495192
1.503043
1.490008
1.491718
1.500966
1.495616
1.493739
1.512974
1.511909
1.494465
1.496144
1.510171
1.512280
1.489067
1.489884
1.501780
1.500679
1.508952
1.497261
1.512817
1.502502
1.499619
1.498704
1.516713
1.507793
1.499537
1.496936
1.523298
1.497086
1.490844
1.509014
1.497797
1.500133
1.505018
1.498550
1.490644
1.506664
1.487774
1.488780
1.485247
1.500043
1.507227
1.496957
1.490781
1.491355
1.490490
1.511143
1.492384
1.503177
1.505277
1.499827
1.502540
1.495730
1.501244
1.510931
1.495634
1.499618
1.496957
1.502116
1.494759
1.510335
1.501806
1.504170
1.502770
1.491180
1.487022
1.486648
1.496497
1.500194
1.488824
1.516231
1.477855
1.505237
1.477415
1.498508
1.492319
1.496737
1.507610
1.489853
1.500205
1.505589
1.481428
1.495719
1.523943
1.500551
1.493828
1.499323
1.494682
1.502277
1.487292
1.492235
1.507017
1.501801
1.485132
1.505588
1.501233
1.494138
1.511283
1.507866
1.524434
1.501723
