0.000696
0.004564
0.012579
0.024389
0.039396
0.058370
0.080256
0.104867
0.131729
0.160742
0.192123
0.223354
0.256626
0.289928
0.321578
0.355787
0.386491
0.416416
0.444447
0.471583
0.495609
0.516967
0.536212
0.552500
0.564079
0.574189
0.581043
0.585971
0.586148
0.584964
0.579171
0.570998
0.562624
0.551720
0.537024
0.520328
0.504488
0.483661
0.462703
0.442819
0.421888
0.398947
0.377738
0.354793
0.333003
0.310270
0.289904
0.268092
0.248191
0.228701
0.210422
0.192706
0.175687
0.158429
0.144460
0.130488
0.117507
0.105156
0.094441
0.084663
0.075264
0.066491
0.058997
0.052019
0.045452
0.040533
0.035337
0.030373
0.026806
0.023173
0.019752
0.016937
0.014668
0.012586
0.010759
0.009087
0.007663
0.006563
0.005577
0.004580
0.003930
0.003342
0.002752
0.002304
0.001898
0.001616
0.001288
0.001091
0.000867
0.000692
0.000610
0.000489
0.000383
0.000303
0.000236
0.000210
0.000157
0.000119
0.000100
0.000078
0.000080
0.000051
0.000032
0.000030
0.000017
0.000016
0.000016
0.000012
0.000014
0.000007
0.000007
0.000004
0.000001
0.000002
0.000001
0.000003
0.000001
0.000000
0.000001
0.000000
0.000000
0.000000
0.000000
0.000000
0.000000
0.000000
0.000000
0.000000
0.000000
0.000000
0.000000
0.000000
0.000000
0.000000
0.000000
0.000000
0.000000
0.000000
0.000000
0.000000
