0.000000
0.000000
0.000000
0.000000
0.000000
0.000000
0.000000
0.000000
0.000000
0.000000
0.000000
0.000000
0.000000
0.000000
0.000000
0.000000
0.000000
0.000205
0.040417
0.484581
1.425592
2.067062
2.148951
1.945608
1.686224
1.452385
1.271197
1.134961
1.033573
0.963435
0.913645
0.881435
0.864439
0.859175
0.865255
0.880418
0.904896
0.935289
0.970694
1.009262
1.045656
1.075336
1.092605
1.097788
1.092238
1.078771
1.061318
1.043409
1.026208
1.011776
0.999505
0.991152
0.985247
0.982738
0.982873
0.984633
0.988130
0.993421
0.999236
1.004062
1.009007
1.012745
1.015142
1.016227
1.016539
1.015243
1.013526
1.010847
1.008102
1.005277
1.003153
1.001519
0.999975
0.999366
0.998619
0.998403
0.998949
0.999966
1.000709
1.001521
1.002209
1.003161
1.003444
1.003710
1.003536
1.003414
1.003077
1.002766
1.002228
1.001762
1.001382
1.000908
1.000560
1.000302
1.000081
0.999985
1.000172
1.000016
1.000502
1.000375
1.000529
1.000646
1.000757
1.000826
1.000666
1.000629
1.000688
1.000615
1.000442
1.000189
1.000391
1.000107
0.999955
0.999954
0.999864
1.000029
1.000193
1.000005
0.999802
1.000057
0.999783
0.999872
1.000005
0.999911
1.000098
1.000084
0.999875
0.999869
0.999968
0.999658
0.999929
0.999824
0.999738
0.999933
0.999751
0.999844
0.999696
0.999637
0.999763
0.999637
0.999690
0.999685
0.999866
0.999664
0.999664
0.999698
0.999538
0.999504
0.999634
0.999592
0.999573
0.999735
0.999586
0.999517
0.999814
0.999618
0.999642
0.999499
0.999415
0.999369
0.999490
0.999338
0.999420
0.999390
0.999458
0.999535
0.999417
0.999481
0.999536
0.999458
0.999501
0.999506
0.999348
0.999422
0.999373
0.999496
0.999432
0.999414
0.999256
0.999389
0.999501
0.999400
0.999433
0.999513
0.999383
0.999311
0.999319
0.999412
0.999366
0.999360
0.999364
0.999377
0.999240
0.999277
0.999429
0.999276
0.999459
0.999405
0.999463
0.999322
