-2.426880
-2.424615
-2.458780
-2.440706
-2.434254
-2.447542
-2.430948
-2.436523
-2.448239
-2.431194
-2.438219
-2.419125
-2.418268
-2.439237
-2.418056
-2.435985
-2.429802
-2.448744
-2.428622
-2.425429
-2.417151
-2.432181
-2.449636
-2.440355
-2.443470
-2.427069
-2.421277
-2.428429
-2.406399
-2.419053
-2.421701
-2.424801
-2.426395
-2.417145
-2.432723
-2.428776
-2.429475
-2.434179
-2.427791
-2.436381
-2.428854
-2.406089
-2.435276
-2.414210
-2.412644
-2.407062
-2.408745
-2.410129
-2.412218
-2.423201
-2.417866
-2.423216
-2.428351
-2.413607
-2.409308
-2.419707
-2.414595
-2.412175
-2.418649
-2.410708
-2.436136
-2.410994
-2.411890
-2.412747
-2.409085
-2.418625
-2.412523
-2.403478
-2.424627
-2.405003
-2.412433
-2.411098
-2.417937
-2.423461
-2.404301
-2.408873
-2.409810
-2.414860
-2.430546
-2.411152
-2.407116
-2.438076
-2.438122
-2.429011
-2.417567
-2.415828
-2.433983
-2.419583
-2.434732
-2.438134
-2.431827
-2.411262
-2.428654
-2.419832
-2.392410
-2.410643
-2.410801
-2.430706
-2.429008
-2.416598
-2.426424
-2.419935
-2.407690
-2.423707
-2.413751
-2.424177
-2.424693
-2.417750
-2.411801
-2.398398
-2.412860
-2.417317
-2.421286
-2.419392
-2.419541
-2.418171
-2.417387
-2.417177
-2.412460
-2.403155
-2.411446
-2.412026
-2.434580
-2.408275
-2.412030
-2.410894
-2.411509
-2.414271
-2.414709
-2.421857
-2.405917
-2.409338
-2.410850
-2.408797
-2.409631
-2.422555
-2.423303
-2.416320
-2.407159
-2.424567
-2.432568
-2.425795
-2.420504
-2.427422
-2.426375
-2.412203
-2.430563
-2.429278
-2.434621
-2.430168
-2.408549
-2.412176
-2.422629
-2.410531
-2.422451
-2.406390
-2.403961
-2.406612
-2.405442
-2.414347
-2.407707
-2.412709
-2.405974
-2.409960
-2.409524
-2.421603
-2.415147
-2.412122
-2.418103
-2.408952
-2.408274
-2.404206
-2.403906
-2.384767
-2.403533
-2.402578
-2.410895
-2.379545
-2.413711
-2.412085
-2.383677
-2.404804
-2.409255
-2.420182
-2.415209
-2.414132
-2.419878
-2.416614
-2.415035
-2.423532
-2.425761
-2.430140
-2.436061
-2.414716
-2.415472
-2.436529
-2.426359
-2.437046
-2.426270
-2.430776
-2.416740
-2.415316
-2.436324
-2.419428
-2.402286
-2.407819
-2.425522
-2.411599
-2.423297
-2.421113
-2.415364
-2.428838
-2.413383
-2.411423
-2.419807
-2.406553
-2.408115
-2.422251
-2.423613
-2.413984
-2.421967
-2.412936
-2.418361
-2.425995
-2.425326
-2.425923
-2.434820
-2.413710
-2.421567
-2.433714
-2.430484
-2.440247
-2.429351
-2.436744
-2.436929
-2.415489
-2.408202
-2.423925
-2.419954
-2.430374
-2.419481
-2.431640
-2.417056
-2.426159
-2.431633
-2.423884
-2.431964
-2.426194
-2.422668
-2.414229
-2.394824
-2.394072
-2.406671
-2.397646
-2.413702
-2.420457
-2.414038
-2.442642
-2.430016
-2.436288
-2.435553
-2.438574
-2.442528
-2.433379
-2.427724
-2.430161
-2.450138
-2.435031
-2.446747
-2.426986
-2.424964
-2.439542
-2.437387
-2.448403
-2.429835
-2.428604
-2.422404
-2.438611
-2.430495
-2.446220
-2.430499
-2.401967
-2.404235
-2.410105
-2.413447
-2.423775
-2.423685
-2.414781
-2.414993
-2.424943
-2.424906
-2.410186
-2.399914
-2.415029
-2.402590
-2.388320
-2.410324
-2.416632
-2.414600
-2.430028
-2.433889
-2.423168
-2.432523
-2.424147
-2.440222
-2.425271
-2.427408
-2.436361
-2.420834
-2.427664
-2.424840
-2.434833
-2.430638
-2.419547
-2.413609
-2.433808
-2.414046
-2.416049
-2.428991
-2.410226
-2.421443
-2.419692
-2.432237
-2.435270
-2.426594
-2.427011
-2.422934
-2.406199
-2.426021
-2.412257
-2.427847
-2.423241
-2.401566
-2.418652
-2.422257
-2.411757
-2.412987
-2.410693
-2.435239
-2.407766
-2.393658
-2.415859
-2.403541
-2.436448
-2.404644
-2.411166
-2.439333
-2.430961
-2.434752
-2.432765
-2.436199
-2.434670
-2.413791
-2.443402
-2.424901
-2.416424
-2.420501
-2.414653
-2.416945
-2.414557
-2.399641
-2.421074
-2.402938
-2.430177
-2.431528
-2.412509
-2.423156
-2.410695
-2.416286
-2.398644
-2.393040
-2.402284
-2.403908
-2.410016
-2.416107
-2.421103
-2.415039
-2.425213
-2.425435
-2.428926
-2.421956
-2.416229
-2.418113
-2.410596
-2.425233
-2.402611
-2.416909
-2.418207
-2.420353
-2.413915
-2.407197
-2.413830
-2.400767
-2.407729
-2.400194
-2.401139
-2.401815
-2.394825
-2.396020
-2.399138
-2.404520
-2.392632
-2.386932
-2.408821
-2.399764
-2.415597
-2.414593
-2.409688
-2.412461
-2.413990
-2.408751
-2.395053
-2.391865
-2.391978
-2.391258
-2.380204
-2.393934
-2.382482
-2.390148
-2.391888
-2.413744
-2.424272
-2.425675
-2.412101
-2.431131
-2.430379
-2.419304
-2.422572
-2.416798
-2.425775
-2.437934
-2.432437
-2.444220
-2.427452
-2.423101
-2.436888
-2.430711
-2.419223
-2.404129
-2.421775
-2.410250
-2.415031
-2.408322
-2.417606
-2.420298
-2.433488
-2.435243
-2.427133
-2.432475
-2.423076
-2.420206
-2.403179
-2.428540
-2.438327
-2.429644
-2.416621
-2.420163
-2.405079
-2.413152
-2.413323
-2.422653
-2.435437
-2.429823
-2.423807
-2.431626
-2.436651
-2.433956
-2.448925
-2.431114
-2.427442
-2.426900
-2.447372
-2.417063
-2.446517
-2.435498
-2.417876
-2.442228
-2.429853
-2.409949
-2.427421
-2.409695
-2.422978
-2.421294
-2.420443
-2.406399
-2.403951
-2.429338
-2.408653
-2.415263
-2.433111
-2.413859
-2.433864
-2.438957
-2.424488
-2.436445
-2.420908
-2.423489
-2.416281
-2.420424
-2.417910
-2.415286
-2.404871
-2.411017
-2.418527
-2.424503
-2.410560
-2.413051
-2.413868
-2.413801
-2.408140
-2.430644
-2.404725
-2.409523
-2.411372
-2.411130
-2.401479
-2.405170
-2.423685
-2.424795
-2.445745
-2.430653
-2.447976
-2.421062
-2.433054
-2.416170
-2.414996
-2.389719
-2.411253
-2.400664
-2.416948
-2.417498
-2.416801
-2.406341
-2.438110
-2.416628
-2.431580
-2.425471
-2.434859
-2.436695
-2.420782
-2.423766
-2.415909
-2.432366
-2.447518
-2.439753
-2.431423
-2.440930
-2.443070
-2.442054
-2.435508
-2.421461
-2.437817
-2.433103
-2.443815
-2.429597
-2.426693
-2.419212
-2.427648
-2.415928
-2.428951
-2.406852
-2.415126
-2.398110
-2.425392
-2.425229
-2.401275
-2.411019
-2.408088
-2.409527
-2.430311
-2.442975
-2.447422
-2.442704
-2.447111
-2.454504
-2.425296
-2.434182
-2.430526
-2.438964
-2.421490
-2.449948
-2.433819
-2.442512
-2.430320
-2.434719
-2.431986
-2.429942
-2.424499
-2.412766
-2.420629
-2.426330
-2.425282
-2.423814
-2.440389
-2.416420
-2.449382
-2.422647
-2.421080
-2.441441
-2.431953
-2.438170
-2.427676
-2.439557
-2.430646
-2.429993
-2.429543
-2.425497
-2.427271
-2.430979
-2.434661
-2.428810
-2.412107
-2.415749
-2.438606
-2.424279
-2.426870
-2.449366
-2.445394
-2.430809
-2.414092
-2.430339
-2.420013
-2.436186
-2.425532
-2.431835
-2.449414
-2.447616
-2.439557
-2.434499
-2.433112
-2.457120
-2.436922
-2.427006
-2.422648
-2.435186
-2.420628
-2.437151
-2.436794
-2.463875
-2.437568
-2.469326
-2.448269
-2.448837
-2.426298
-2.444858
-2.431718
-2.436867
-2.440335
-2.439959
-2.447406
-2.444186
-2.451897
-2.445311
-2.461490
-2.435462
-2.426783
-2.428019
-2.422892
-2.436538
-2.438230
-2.448778
-2.444928
-2.424461
-2.419341
-2.425916
-2.428372
-2.436923
-2.418131
-2.408704
-2.428409
-2.409341
-2.419868
-2.407541
-2.408859
-2.411388
-2.414062
-2.408294
-2.407615
-2.410233
-2.396735
-2.418934
-2.413153
-2.412835
-2.405711
-2.408414
-2.400415
-2.388049
-2.416467
-2.393678
-2.407935
-2.399128
-2.413545
-2.431592
-2.413023
-2.436581
-2.413187
-2.431004
-2.417023
-2.408883
-2.391350
-2.409744
-2.409194
-2.404181
-2.403861
-2.408058
-2.405942
-2.411249
-2.415962
-2.427394
-2.441177
-2.423519
-2.425094
-2.434816
-2.416547
-2.418061
-2.420968
-2.422162
-2.409879
-2.400781
-2.403170
-2.407186
-2.420326
-2.415122
-2.387997
-2.399715
-2.399596
-2.389390
-2.400315
-2.403393
-2.389950
-2.402662
-2.390705
-2.398865
-2.379514
-2.392858
-2.399508
-2.401496
-2.397806
-2.411021
-2.409346
-2.407644
-2.421022
-2.412854
-2.414092
-2.436117
-2.433410
-2.414656
-2.435078
-2.418176
-2.446128
-2.423907
-2.431223
-2.449048
-2.420553
-2.417825
-2.430545
-2.426486
-2.429024
-2.423720
-2.419775
-2.432146
-2.434758
-2.437323
-2.425952
-2.421418
-2.417775
-2.416851
-2.417279
-2.418269
-2.428872
-2.428131
-2.429088
-2.419360
-2.404985
-2.410661
-2.415595
-2.428844
-2.437270
-2.424712
-2.413233
-2.413656
-2.428231
-2.423132
-2.404888
-2.429038
-2.399343
-2.408706
-2.389612
-2.417726
-2.395618
-2.424582
-2.423810
-2.425647
-2.438014
-2.443184
-2.434163
-2.432043
-2.425829
-2.422188
-2.426645
-2.448169
-2.446552
-2.453176
-2.456635
-2.462058
-2.460523
-2.457212
-2.447456
-2.463816
-2.436977
-2.450795
-2.447606
-2.460289
-2.429009
-2.459774
-2.439358
-2.427002
-2.434726
-2.453118
-2.457191
-2.446606
-2.467427
-2.425733
-2.433352
-2.440653
-2.433116
-2.436225
-2.436673
-2.411238
-2.420722
-2.410432
-2.437891
-2.436349
-2.421416
-2.432147
-2.415226
-2.403987
-2.417263
-2.423826
-2.419784
-2.403579
-2.416180
-2.412130
-2.399937
-2.394935
-2.393468
-2.429762
-2.412276
-2.431852
-2.426854
-2.419073
-2.429035
-2.413335
-2.423556
-2.437358
-2.426200
-2.419440
-2.435569
-2.437434
-2.427764
-2.428635
-2.439162
-2.439151
-2.434060
-2.433102
-2.436958
-2.450269
-2.441653
-2.444947
-2.436706
-2.433852
-2.425365
-2.422583
-2.400211
-2.415955
-2.411691
-2.408842
-2.427665
-2.438286
-2.417971
-2.410405
-2.413093
-2.424068
-2.426703
-2.436467
-2.442314
-2.434962
-2.431316
-2.438080
-2.439202
-2.430205
-2.431654
-2.429765
-2.405901
-2.421173
-2.421909
-2.409165
-2.415712
-2.396129
-2.408717
-2.392067
-2.401587
-2.404771
-2.408532
-2.397102
-2.411133
-2.393373
-2.413397
-2.406215
-2.411999
-2.426723
-2.434744
-2.425944
-2.406503
-2.406515
-2.409982
-2.417248
-2.414418
-2.424030
-2.422273
-2.432373
-2.423132
-2.419158
-2.429241
-2.433439
-2.417460
-2.424320
-2.418329
-2.419897
-2.419833
-2.404994
-2.422179
-2.415825
-2.404923
-2.411572
-2.433211
-2.413182
-2.419500
-2.400269
-2.404222
-2.391758
-2.391182
-2.413398
-2.414160
-2.424537
-2.415945
-2.428813
-2.435540
-2.430646
-2.429729
-2.433853
-2.421817
-2.419847
-2.435295
-2.407078
-2.411684
-2.396948
-2.407265
-2.401286
-2.397906
-2.417432
-2.406827
-2.427036
-2.413188
-2.411021
-2.420381
-2.402173
-2.410498
-2.424273
-2.410156
-2.415985
-2.419016
-2.433388
-2.433053
-2.423125
-2.422755
-2.416605
-2.426798
-2.412553
-2.426573
-2.424675
-2.424285
-2.413047
-2.415959
-2.414146
-2.430446
-2.424108
-2.420860
-2.399083
-2.407918
-2.419353
-2.418160
-2.402560
-2.401048
-2.412837
-2.397997
-2.406017
-2.394516
-2.387447
-2.395012
-2.404006
-2.396668
-2.416944
-2.402857
-2.391435
-2.405318
-2.406305
-2.407242
-2.419015
-2.403725
-2.406763
-2.406034
-2.417582
-2.425693
-2.411421
-2.414640
-2.414464
-2.413597
-2.406817
-2.419588
-2.411674
-2.413105
-2.404372
-2.415927
-2.417066
-2.418098
-2.412854
-2.402488
-2.413402
-2.412208
-2.416498
-2.408249
-2.417510
-2.418989
-2.422876
-2.427337
-2.418423
-2.409787
-2.418682
-2.417544
-2.408773
-2.410260
-2.421754
-2.403756
-2.398193
-2.408680
-2.412254
-2.413567
-2.420373
-2.404019
-2.438535
-2.423840
-2.430587
-2.410850
-2.426108
-2.413274
-2.415979
-2.417217
-2.412579
-2.416165
-2.407250
-2.402743
-2.419923
-2.420312
-2.409907
-2.408529
-2.397737
-2.401633
-2.398486
-2.402024
-2.416345
-2.401627
-2.411239
-2.404690
-2.435099
-2.410283
-2.405557
-2.408012
-2.406818
-2.407596
-2.423325
-2.403546
-2.429311
-2.422225
-2.422524
-2.411671
-2.424539
-2.425553
-2.421778
-2.427425
-2.423366
-2.414843
-2.420854
-2.414149
-2.423244
-2.422815
-2.447061
-2.422141
-2.422074
-2.419844
-2.415760
-2.427563
-2.442702
-2.427192
-2.449191
-2.442547
-2.430443
-2.417805
-2.413002
-2.425014
-2.428794
-2.449274
-2.434163
-2.448148
-2.431356
-2.436547
-2.450609
-2.437102
-2.446808
-2.469441
-2.447729
-2.449459
-2.462576
-2.464751
-2.449524
-2.444104
-2.450928
-2.435853
-2.436114
-2.436934
-2.451493
-2.435060
-2.434014
-2.437641
-2.446579
-2.457689
-2.453589
-2.457153
-2.454739
-2.434771
-2.456131
-2.450798
-2.434463
-2.442088
-2.431433
-2.440015
-2.433791
-2.438595
-2.448898
-2.433779
-2.421123
-2.443968
-2.454055
-2.446130
-2.446800
-2.440191
-2.447730
-2.438160
-2.436215
-2.424877
-2.450527
-2.436235
-2.418696
-2.428144
-2.434229
-2.421823
-2.435373
-2.434707
-2.448392
-2.434345
-2.435848
-2.420504
-2.417293
-2.440848
-2.426982
-2.424911
-2.425603
-2.422801
-2.424779
-2.433065
-2.425924
-2.433028
-2.422943
-2.425564
-2.420457
-2.425428
-2.413945
-2.422499
-2.426888
-2.416617
-2.430779
-2.444887
-2.435769
-2.429997
-2.433122
-2.439519
-2.438521
-2.437718
-2.432470
-2.429663
-2.452204
-2.423764
-2.441171
-2.433260
-2.420710
-2.421802
-2.431799
-2.427238
-2.437412
-2.427091
-2.423220
-2.425179
-2.406667
-2.420080
-2.403316
-2.408086
-2.410309
-2.422989
-2.401217
-2.402425
-2.415233
-2.413109
-2.419715
-2.402560
-2.400389
-2.414542
-2.405246
-2.400365
-2.409608
-2.392933
-2.411390
-2.405669
-2.413001
-2.393552
-2.392589
-2.387191
-2.382520
-2.405839
-2.403208
-2.407523
-2.415070
-2.418716
-2.407494
-2.402800
-2.412052
-2.412433
-2.406132
-2.406319
-2.392975
-2.375763
-2.382208
-2.383527
-2.391922
-2.409259
-2.390306
-2.413871
-2.411086
-2.402090
-2.414866
-2.420651
-2.429722
-2.421276
-2.410839
-2.425693
-2.425438
-2.424280
-2.431268
-2.420138
-2.408566
-2.438529
-2.424779
-2.420839
-2.437015
-2.428277
-2.435394
-2.426822
-2.435680
-2.436119
-2.437430
-2.424999
-2.420319
-2.418297
-2.428826
-2.413861
-2.423324
-2.413677
-2.414622
-2.413411
-2.407374
-2.399720
-2.423038
-2.414406
-2.412999
-2.409664
-2.413907
-2.407128
-2.404204
-2.409182
-2.396185
-2.397797
-2.405206
-2.417181
-2.402370
-2.404920
-2.405679
-2.410851
-2.409576
-2.421040
-2.412677
-2.405778
-2.406564
-2.410350
-2.414272
-2.402712
-2.397728
-2.418712
-2.412069
-2.418049
-2.429433
-2.433777
-2.424185
-2.414509
-2.430838
-2.412879
-2.406858
-2.404879
-2.440140
-2.424511
-2.405227
-2.419176
-2.438137
-2.422950
-2.423580
-2.426444
-2.411459
-2.416310
-2.411586
-2.406499
-2.422804
-2.421895
-2.423030
-2.418359
-2.409712
-2.404700
-2.412088
-2.411135
-2.390647
-2.432011
-2.430976
-2.423182
-2.422323
-2.422478
-2.417848
-2.419158
-2.405518
-2.413987
-2.415737
-2.433505
-2.412209
-2.414422
-2.404198
-2.416934
-2.414571
-2.397061
-2.398405
-2.388209
-2.388551
-2.392859
-2.397936
-2.400137
-2.395765
-2.398087
-2.393476
-2.404502
-2.397627
-2.408145
-2.404201
-2.391269
-2.406340
-2.422587
-2.423452
-2.439619
-2.429434
-2.415862
-2.425162
-2.441434
-2.440653
-2.420352
-2.415321
-2.422490
-2.413024
-2.408092
-2.410579
-2.405756
-2.415752
-2.431696
-2.416214
-2.443054
-2.423244
-2.429722
-2.439565
-2.431007
-2.431553
-2.429294
-2.430670
-2.409525
-2.396935
-2.412684
-2.401287
-2.420587
-2.408437
-2.401397
-2.420086
-2.441941
-2.432029
-2.427006
-2.421332
-2.425701
-2.429869
-2.435399
-2.446969
-2.449058
-2.442923
-2.450487
-2.462903
-2.462123
-2.445318
-2.457973
-2.444438
-2.448126
-2.429313
-2.423796
-2.460199
-2.438134
-2.445377
-2.457020
-2.423538
-2.426798
-2.420676
-2.416456
-2.436215
-2.417459
-2.422268
-2.433960
-2.440443
-2.441823
-2.447464
-2.434835
-2.454764
-2.436869
-2.447586
-2.436955
-2.452230
-2.454136
-2.441171
-2.465364
-2.450682
-2.442901
-2.459641
-2.453460
-2.466858
-2.446733
-2.446133
-2.451775
-2.462701
-2.441141
-2.448121
-2.447547
-2.441930
-2.437093
-2.423570
-2.411763
-2.411274
-2.413759
-2.428739
-2.417827
-2.406649
-2.436377
-2.435090
-2.423438
-2.423035
-2.424575
-2.410917
-2.429816
-2.433245
-2.422848
-2.427456
-2.410750
-2.412443
-2.408497
-2.407157
-2.417482
-2.424435
-2.421056
-2.424869
-2.422135
-2.418634
-2.416837
-2.422108
-2.418154
-2.423317
-2.422929
-2.415027
-2.422976
-2.428006
-2.431912
-2.400517
-2.430002
-2.418461
-2.424264
-2.408820
-2.410205
-2.415308
-2.407298
-2.420182
-2.401077
-2.405626
-2.408020
-2.399657
-2.395762
-2.403076
-2.404348
-2.390637
-2.414797
-2.409418
-2.397855
-2.389517
-2.394722
-2.375686
-2.390960
-2.416776
-2.395101
-2.410287
-2.391363
-2.407359
-2.391394
-2.409464
-2.400238
-2.411546
-2.410450
-2.420180
-2.421697
-2.409897
-2.406768
-2.412367
-2.412629
-2.413452
-2.427124
-2.435250
-2.425015
-2.414707
-2.422750
-2.409447
-2.414686
-2.415426
-2.411074
-2.422470
-2.408874
-2.408726
-2.396526
-2.414551
-2.415268
-2.412012
-2.399467
-2.417950
-2.405300
-2.403706
-2.389894
-2.401360
-2.377434
-2.385414
-2.383541
-2.380985
-2.389329
-2.377716
-2.393414
-2.405531
-2.402058
-2.408752
-2.416677
-2.415870
-2.401799
-2.415019
-2.413239
-2.400306
-2.421243
-2.413959
-2.417086
-2.403592
-2.408304
-2.402987
-2.402966
-2.417597
-2.415365
-2.407309
-2.413005
-2.414229
-2.423379
-2.434047
-2.420228
-2.426216
-2.416008
-2.418254
-2.416901
-2.419662
-2.433924
-2.424777
-2.433301
-2.437251
-2.432777
-2.431916
-2.428681
-2.436765
-2.416838
-2.430177
-2.430217
-2.421420
-2.404012
-2.428269
-2.425165
-2.421958
-2.404304
-2.385328
-2.401321
-2.411314
-2.404605
-2.417821
-2.415537
-2.411754
-2.424086
-2.395602
-2.425069
-2.414151
-2.421226
-2.412570
-2.425873
-2.422000
-2.425127
-2.417860
-2.422667
-2.424475
-2.399458
-2.402919
-2.398543
-2.394859
-2.402232
-2.410625
-2.398019
-2.414608
-2.401260
-2.396879
-2.398233
-2.395213
-2.401631
-2.374013
-2.376556
-2.366561
-2.395905
-2.387478
-2.404331
-2.409838
-2.397681
-2.396619
-2.407480
-2.407617
-2.391701
-2.392063
-2.392698
-2.391036
-2.382114
-2.395895
-2.396777
-2.404593
-2.392085
-2.386371
-2.416844
-2.414487
-2.406602
-2.408407
-2.399718
-2.403983
-2.399504
-2.410058
-2.402717
-2.399835
-2.395290
-2.406618
-2.385460
-2.414106
-2.432681
-2.435472
-2.429174
-2.417353
-2.431874
-2.415435
-2.422169
-2.416381
-2.406506
-2.397741
-2.404405
-2.415268
-2.415365
-2.411152
-2.415097
-2.437202
-2.418526
-2.420181
-2.443369
-2.452656
-2.428089
-2.442833
-2.442727
-2.433644
-2.436130
-2.433520
-2.438088
-2.441348
-2.446108
-2.430523
-2.427238
-2.427473
-2.426308
-2.436826
-2.421736
-2.414822
-2.428960
-2.411847
-2.417697
-2.431547
-2.405963
-2.416957
-2.414610
-2.431742
-2.419516
-2.427132
-2.425056
-2.421451
-2.428911
-2.406425
-2.436764
-2.435875
-2.447098
-2.451936
-2.431547
-2.444330
-2.444546
-2.437347
-2.447869
-2.425469
-2.445433
-2.436087
-2.427828
-2.427269
-2.424708
-2.426143
-2.423285
-2.447006
-2.435635
-2.427507
-2.424505
-2.431540
-2.420838
-2.417368
-2.404327
-2.405211
-2.398262
-2.397540
-2.410656
-2.423465
-2.401857
-2.409519
-2.422155
-2.398990
-2.419396
-2.413437
-2.414925
-2.423089
-2.415823
-2.411032
-2.418283
-2.430166
-2.416595
-2.427686
-2.412168
-2.435653
-2.439013
-2.426426
-2.421592
-2.422372
-2.425868
-2.412330
-2.387365
-2.389754
-2.404867
-2.409422
-2.406963
-2.409164
-2.408621
-2.408472
-2.409074
-2.436650
-2.416296
-2.429256
-2.428325
-2.427200
-2.413945
-2.420593
-2.409258
-2.398480
-2.406693
-2.415376
-2.416754
-2.414652
-2.404681
-2.429291
-2.421501
-2.430141
-2.421417
-2.417330
-2.413787
-2.422631
-2.434243
-2.418425
-2.432192
-2.440911
-2.434647
-2.450095
-2.440765
-2.435034
-2.430279
-2.428892
-2.447968
-2.417841
-2.419114
-2.424790
-2.435769
-2.430584
-2.435419
-2.443006
-2.427618
-2.441256
-2.420759
-2.442350
-2.431532
-2.409597
-2.405519
-2.417333
-2.422403
-2.435265
-2.430877
-2.419928
-2.424455
-2.414424
-2.439549
-2.439789
-2.420797
-2.419382
-2.447158
-2.428450
-2.457173
-2.423814
-2.420289
-2.445074
-2.418549
-2.435619
-2.407021
-2.411944
-2.408700
-2.409464
-2.413214
-2.385878
-2.414490
-2.414653
-2.417396
-2.416712
-2.395498
-2.406116
-2.407788
-2.416317
-2.409684
-2.416732
-2.402938
-2.408749
-2.408634
-2.418786
-2.393957
-2.413131
-2.426453
-2.415255
-2.429988
-2.422069
-2.419458
-2.422459
-2.422791
-2.434548
-2.418263
-2.420731
-2.430341
-2.413508
-2.409045
-2.395944
-2.416310
-2.405932
-2.416330
-2.409850
-2.387777
-2.406649
-2.414961
-2.380271
-2.381288
-2.385577
-2.371272
-2.392623
-2.405159
-2.397874
-2.387581
-2.405549
-2.398058
-2.418844
-2.407945
-2.410541
-2.405606
-2.404895
-2.406841
-2.435798
-2.412055
-2.424520
-2.432777
-2.422924
-2.408809
-2.429661
-2.441976
-2.421631
-2.425424
-2.427215
-2.415164
-2.421138
-2.408805
-2.418763
-2.417115
-2.418731
-2.429063
-2.449354
-2.416724
-2.431792
-2.451456
-2.448899
-2.437568
-2.448012
-2.442475
-2.433279
-2.438775
-2.439405
-2.434188
-2.435461
-2.444353
-2.442177
-2.434636
-2.432920
-2.444214
-2.440367
-2.424164
-2.431984
-2.421990
-2.433491
-2.415175
-2.413328
-2.408885
-2.407462
-2.397492
-2.406128
-2.401609
-2.423315
-2.402779
-2.409517
-2.428583
-2.407929
-2.414524
-2.405998
-2.406874
-2.410680
-2.424757
-2.409917
-2.421549
-2.406732
-2.413544
-2.400496
-2.420352
-2.405497
-2.411560
-2.391824
-2.402283
-2.403992
-2.394057
-2.392526
-2.403905
-2.395394
-2.385828
-2.392791
-2.404024
-2.393988
-2.405736
-2.397163
-2.387230
-2.392420
-2.395208
-2.399483
-2.410889
-2.398039
-2.410318
-2.422876
-2.405980
-2.415525
-2.399243
-2.411183
-2.410781
-2.420418
-2.420950
-2.430335
-2.431772
-2.416710
-2.428030
-2.435079
-2.429450
-2.424317
-2.438615
-2.422042
-2.433927
-2.431570
-2.433667
-2.445027
-2.418646
-2.435354
-2.422836
-2.443348
-2.435751
-2.444736
-2.435477
-2.431744
-2.437110
-2.432403
-2.438626
-2.434462
-2.446072
-2.435846
-2.434444
-2.422433
-2.443531
-2.439087
-2.429028
-2.428623
-2.410654
-2.431204
-2.424656
-2.431795
-2.431550
-2.416960
-2.431796
-2.434179
-2.414644
-2.429333
-2.426949
-2.413953
-2.429807
-2.437495
-2.431955
-2.432544
-2.451923
-2.433718
-2.415550
-2.425506
-2.420057
-2.413863
-2.399077
-2.416796
-2.417445
-2.415201
-2.408838
-2.416012
-2.424293
-2.434267
-2.409340
-2.420032
-2.422886
-2.403694
-2.407761
-2.393770
-2.386473
-2.398551
-2.398193
-2.421318
-2.420875
-2.407770
-2.407803
-2.413481
-2.424192
-2.413259
-2.418638
-2.429480
-2.400371
-2.406785
-2.420483
-2.403963
-2.419485
-2.426938
-2.431530
-2.421142
-2.421914
-2.410678
-2.420495
-2.433625
-2.427919
-2.397228
-2.396912
-2.406808
-2.409960
-2.415406
-2.424106
-2.439816
-2.438623
-2.424026
-2.439597
-2.400950
-2.432901
-2.420271
-2.403279
-2.430645
-2.421290
-2.411713
-2.442382
-2.440328
-2.450180
-2.439959
-2.453405
-2.438080
-2.441322
-2.446860
-2.451210
-2.458609
-2.440302
-2.437834
-2.445527
-2.437528
-2.442241
-2.466620
-2.436041
-2.435130
-2.432634
-2.424201
-2.413306
-2.416097
-2.417779
-2.411048
-2.406383
-2.397466
-2.409766
-2.401048
-2.404688
-2.417396
-2.400135
-2.429689
-2.422358
-2.435702
-2.429316
-2.436839
-2.439347
-2.431799
-2.421536
-2.451774
-2.453488
-2.425170
-2.416187
-2.424354
-2.412105
-2.422915
-2.404069
-2.412248
-2.427270
-2.424000
-2.420362
-2.428968
-2.409919
-2.414692
-2.419023
-2.407586
-2.398493
-2.397806
-2.406500
-2.414862
-2.439756
-2.436819
-2.427743
-2.421563
-2.410494
-2.407427
-2.410014
-2.421506
-2.440809
-2.420309
-2.429941
-2.436234
-2.429302
-2.452963
-2.432161
-2.433876
-2.434461
-2.423048
-2.448552
-2.427969
-2.427698
-2.427732
-2.418144
-2.412742
-2.424580
-2.417443
-2.430938
-2.429483
-2.419370
-2.439353
-2.430742
-2.434914
-2.414794
-2.427216
-2.439620
-2.423628
-2.436450
-2.427316
-2.401307
-2.419720
-2.412775
-2.429103
-2.401571
-2.403414
-2.442034
-2.427591
-2.422384
-2.432387
-2.421532
-2.413439
-2.412594
-2.419857
-2.422343
-2.414546
-2.416285
-2.405920
-2.417776
-2.418048
-2.425271
-2.421709
-2.420394
-2.411264
-2.416088
-2.407708
-2.415045
-2.421218
-2.428351
-2.413745
-2.425502
-2.400953
-2.414414
-2.401419
-2.419128
-2.412101
-2.403310
-2.425871
-2.417025
-2.425712
-2.429210
-2.440930
-2.421431
-2.428008
-2.410678
-2.398986
-2.391339
-2.412782
-2.418927
-2.413561
-2.417554
-2.405781
-2.404344
-2.420827
-2.403974
-2.407008
-2.409083
-2.395277
-2.388612
-2.406195
-2.395850
-2.398367
-2.400557
-2.398088
-2.388569
-2.396155
-2.404638
-2.394871
-2.412621
-2.393773
-2.401305
-2.397786
-2.406174
-2.405583
-2.405996
-2.398590
-2.394098
-2.406954
-2.416167
-2.417998
-2.406621
-2.416787
-2.411699
-2.418135
-2.411878
-2.405852
-2.410943
-2.412193
-2.414127
-2.417624
-2.422105
-2.423332
-2.409555
-2.425740
-2.391341
-2.426675
-2.405914
-2.436627
-2.436183
-2.432119
-2.437401
-2.436499
-2.437967
-2.429093
-2.427339
-2.425204
-2.434854
-2.419705
-2.408270
-2.399286
-2.399575
-2.415975
-2.397720
-2.405141
-2.411323
-2.438852
-2.407363
-2.416852
-2.409999
-2.431476
-2.427276
-2.429730
-2.434357
-2.435824
-2.423600
-2.421843
-2.431813
-2.416082
-2.415949
-2.411651
-2.422747
-2.424060
-2.411257
-2.418078
-2.404015
-2.411869
-2.398896
-2.406425
-2.417848
-2.412248
-2.392527
-2.397550
-2.407823
-2.403819
-2.414388
-2.414400
-2.419811
-2.430386
-2.420803
-2.418321
-2.416630
-2.404810
-2.415826
-2.403977
-2.416417
-2.402259
-2.411426
-2.410659
-2.409334
-2.416421
-2.408707
-2.400965
-2.422255
-2.420940
-2.428608
-2.411999
-2.410438
-2.416533
-2.396063
-2.405198
-2.414481
-2.406539
-2.388326
-2.412814
-2.397694
-2.394373
-2.421173
-2.408720
-2.414548
-2.412221
-2.419168
-2.418985
-2.409788
-2.403558
-2.398360
-2.428661
-2.408207
-2.418655
-2.406308
-2.401754
-2.407705
-2.386561
-2.395122
-2.380499
-2.379059
-2.390615
-2.379793
-2.405930
-2.414731
-2.423237
-2.419484
-2.425806
-2.413652
-2.409702
-2.428325
-2.419688
-2.428980
-2.418646
-2.408067
-2.398249
-2.407635
-2.400173
-2.388912
-2.408356
-2.430537
-2.408755
-2.406386
-2.406409
-2.397207
-2.393731
-2.404786
-2.409149
-2.403001
-2.400508
-2.398686
-2.390183
-2.404416
-2.417143
-2.399520
-2.421402
-2.409488
-2.392394
-2.417067
-2.420244
-2.419376
-2.412302
-2.417489
-2.405973
-2.402426
-2.394970
-2.406257
-2.390116
-2.424321
-2.417424
-2.442524
-2.428112
-2.416696
-2.440146
-2.403021
-2.415353
-2.437873
-2.406174
-2.410060
-2.420398
-2.420263
-2.423878
-2.419202
-2.420801
-2.406683
-2.407625
-2.417702
-2.407195
-2.432973
-2.421082
-2.422293
-2.424265
-2.419581
-2.429723
-2.416300
-2.414460
-2.419436
-2.410793
-2.401657
-2.399979
-2.404826
-2.403967
-2.398433
-2.424679
-2.430004
-2.427754
-2.415114
-2.442812
-2.443410
-2.432436
-2.429333
-2.425083
-2.423747
-2.417920
-2.419024
-2.417096
-2.407697
-2.416272
-2.415505
-2.407427
-2.413210
-2.411403
-2.401189
-2.429265
-2.409863
-2.427037
-2.420555
-2.429290
-2.427391
-2.410880
-2.429080
-2.420509
-2.405209
-2.405843
-2.407208
-2.415264
-2.412953
-2.409537
-2.406007
-2.405411
-2.382001
-2.399388
-2.396883
-2.398874
-2.422401
-2.414240
-2.406628
-2.409632
-2.429750
-2.405108
-2.422381
-2.405118
-2.405969
-2.412446
-2.425776
-2.430188
-2.408114
-2.423123
-2.428905
-2.428822
-2.428490
-2.423652
-2.422997
-2.418285
-2.414068
-2.417668
-2.406477
-2.419567
-2.407417
-2.415173
-2.418700
-2.420627
-2.425149
-2.390546
-2.400810
-2.422552
-2.418017
-2.398840
-2.410491
-2.406623
-2.396134
-2.401590
-2.422496
-2.400373
-2.430867
-2.423560
-2.408687
-2.407063
-2.408482
-2.416336
-2.408905
-2.398519
-2.413681
-2.432326
-2.429660
-2.417736
-2.432507
-2.416963
-2.420852
-2.416922
-2.421210
-2.404567
-2.401064
-2.408448
-2.388986
-2.402394
-2.398379
-2.399585
-2.416163
-2.412498
-2.422248
-2.430774
-2.419638
-2.413869
-2.429564
-2.421013
-2.422063
-2.416605
-2.415379
-2.423298
-2.412068
-2.417088
-2.431858
-2.446034
-2.424774
-2.422679
-2.421244
-2.412851
-2.410768
-2.404041
-2.420731
-2.406265
-2.419751
-2.419768
-2.428003
-2.408436
-2.425911
-2.394843
-2.404543
-2.419555
-2.416829
-2.400710
-2.397079
-2.404741
-2.410674
-2.413250
-2.399856
-2.394633
-2.400961
-2.405853
-2.403782
-2.409876
-2.403688
-2.413021
-2.417599
-2.431655
-2.431627
-2.414047
-2.429310
-2.410469
-2.420358
-2.409763
-2.417221
-2.412207
-2.415388
-2.418231
-2.417931
-2.398667
-2.414668
-2.406264
-2.402683
-2.406631
-2.416870
-2.410546
-2.421565
-2.419267
-2.408033
-2.433627
-2.421583
-2.413463
-2.430439
-2.427518
-2.422770
-2.389814
-2.421143
-2.404476
-2.417906
-2.424925
-2.401716
-2.428143
-2.413729
-2.422758
-2.422145
-2.423500
-2.406526
-2.403635
-2.419068
-2.397402
-2.407455
-2.394259
-2.396942
-2.415793
-2.407917
-2.405503
-2.409119
-2.402720
-2.419590
-2.413055
-2.413987
-2.405342
-2.393734
-2.396903
-2.397535
-2.417150
-2.402745
-2.407187
-2.414129
-2.413754
-2.423044
-2.423360
-2.427384
-2.410367
-2.415679
-2.420950
-2.419597
-2.422346
-2.434401
-2.420621
-2.409430
-2.404468
-2.408055
-2.402224
-2.424219
-2.421544
-2.423643
-2.424357
-2.430688
-2.420182
-2.411114
-2.418841
-2.417292
-2.420361
-2.410124
-2.399510
-2.401100
-2.395234
-2.423642
-2.409474
-2.395711
-2.405216
-2.394223
-2.420344
-2.409540
-2.399633
-2.408083
-2.414748
-2.416304
-2.404322
-2.405735
-2.414696
-2.409884
-2.409585
-2.417228
-2.407116
-2.416050
-2.413448
-2.408073
-2.420341
-2.422951
-2.407833
-2.409452
-2.410118
-2.412726
-2.422732
-2.427197
-2.412246
-2.419991
-2.416499
-2.406410
-2.418479
-2.421564
-2.396232
-2.411874
-2.398442
-2.390286
-2.407533
-2.371058
-2.396982
-2.403387
-2.408215
-2.399526
-2.401455
-2.421629
-2.421058
-2.421564
-2.411216
-2.416805
-2.421194
-2.413612
-2.427690
-2.421587
-2.420101
-2.414189
-2.424954
-2.426000
-2.421335
-2.422616
-2.417719
-2.417750
-2.424914
-2.427479
-2.404634
-2.411781
-2.408018
-2.412335
-2.406796
-2.404042
-2.411256
-2.417996
-2.427398
-2.413654
-2.417241
-2.428880
-2.422684
-2.394903
-2.409103
-2.411541
-2.418816
-2.400222
-2.423331
-2.411621
-2.423474
-2.416166
-2.424096
-2.410083
-2.415525
-2.421893
-2.422208
-2.416939
-2.432917
-2.407807
-2.402134
-2.412256
-2.411230
-2.398434
-2.396121
-2.405823
-2.383382
-2.413163
-2.410647
-2.402279
-2.413214
-2.397882
-2.410171
-2.405530
-2.402323
-2.402277
-2.408873
-2.427215
-2.413745
-2.407790
-2.393057
-2.407000
-2.417445
-2.417514
-2.412031
-2.411409
-2.418432
-2.423655
-2.419900
-2.427895
-2.426859
-2.426345
-2.412342
-2.425875
-2.410037
-2.442476
-2.408310
-2.414885
-2.431673
-2.436239
-2.424072
-2.432079
-2.426702
-2.438830
-2.450332
-2.423314
-2.423021
-2.413368
-2.413768
-2.417900
-2.418291
-2.444020
-2.429142
-2.435661
-2.447869
-2.441558
-2.462065
-2.445680
-2.446508
-2.436916
-2.447240
-2.424949
-2.431102
-2.429988
-2.424266
-2.418739
-2.427891
-2.437136
-2.440166
-2.430814
-2.451130
-2.436425
-2.447414
-2.446152
-2.439631
-2.436134
-2.426597
-2.440090
-2.436347
-2.434447
-2.466222
-2.450955
-2.434922
-2.430319
-2.433324
-2.437856
-2.437536
-2.415207
-2.425672
-2.424258
-2.414654
-2.404722
-2.412961
-2.415049
-2.426253
-2.403525
-2.415080
-2.407480
-2.421801
-2.420286
-2.435113
-2.423739
-2.438831
-2.430561
-2.409491
-2.422256
-2.427031
-2.411426
-2.422583
-2.415027
-2.419902
-2.416678
-2.421041
-2.411633
-2.429585
-2.432968
-2.429206
-2.420712
-2.425337
-2.413842
-2.420370
-2.425318
-2.403256
-2.424197
-2.424201
-2.433223
-2.431003
-2.437291
-2.418911
-2.437708
-2.431272
-2.416278
-2.422455
-2.433638
-2.444295
-2.435974
-2.429201
-2.449172
-2.429441
-2.431964
-2.427927
-2.411386
-2.442295
-2.418256
-2.428733
-2.432700
-2.426432
-2.433603
-2.440168
-2.429336
-2.419178
-2.415740
-2.424017
-2.415439
-2.415399
-2.412470
-2.426623
-2.421882
-2.416674
-2.427493
-2.411878
-2.426157
-2.416749
-2.403325
-2.410304
-2.420389
-2.428095
-2.408252
-2.417334
-2.426742
-2.433673
-2.424655
-2.444681
-2.432047
-2.438001
-2.417264
-2.421731
-2.419046
-2.417410
-2.437956
-2.422494
-2.430488
-2.398663
-2.413257
-2.405870
-2.420741
-2.416401
-2.413460
-2.418466
-2.407715
-2.400220
-2.419756
-2.390682
-2.397652
-2.390379
-2.394951
-2.403620
-2.395332
-2.389026
-2.383819
-2.390980
-2.411755
-2.403073
-2.412195
-2.406265
-2.403554
-2.389019
-2.407865
-2.409915
-2.418022
-2.405355
-2.409348
-2.420241
-2.420557
-2.414252
-2.402935
-2.419180
-2.406886
-2.418805
-2.421635
-2.412941
-2.414993
-2.424690
-2.416699
-2.429409
-2.434270
-2.419322
-2.405907
-2.422509
-2.413155
-2.427533
-2.418598
-2.415813
-2.416636
-2.412478
-2.434100
-2.414446
-2.411828
-2.427493
-2.432457
-2.411792
-2.419887
-2.437801
-2.428385
-2.441981
-2.420678
-2.432025
-2.414758
-2.426124
-2.430374
-2.421164
-2.403801
-2.417883
-2.406743
-2.414356
-2.406544
-2.422611
-2.434644
-2.410508
-2.417211
-2.424266
-2.404852
-2.409574
-2.398594
-2.420909
-2.419138
-2.428731
-2.418950
-2.424596
-2.425872
-2.409014
-2.397899
-2.410439
-2.417178
-2.419477
-2.415055
-2.418268
-2.424601
-2.421914
-2.425484
-2.434440
-2.401333
-2.421118
-2.407091
-2.402501
-2.396088
-2.410372
-2.400749
-2.396376
-2.413833
-2.413550
-2.401114
-2.411251
-2.405540
-2.407176
-2.402541
-2.404617
-2.414925
-2.427499
-2.423595
-2.422097
-2.407467
-2.408346
-2.419262
-2.425821
-2.409786
-2.423337
-2.409145
-2.434120
-2.427301
-2.420609
-2.410245
-2.400196
-2.408365
-2.422607
-2.402284
-2.415719
-2.423658
-2.416065
-2.425876
-2.422342
-2.434245
-2.414917
-2.423978
-2.415422
-2.417292
-2.405584
-2.399089
-2.390463
-2.400938
-2.402119
-2.407670
-2.403277
-2.411939
-2.404221
-2.392486
-2.412096
-2.427642
-2.423248
-2.415956
-2.400322
-2.405338
-2.398909
-2.411871
-2.407916
-2.412569
-2.398362
-2.413475
-2.400214
-2.399474
-2.415515
-2.403905
-2.420690
-2.427046
-2.413559
-2.409060
-2.437501
-2.444113
-2.433933
-2.422351
-2.423630
-2.446024
-2.421140
-2.430478
-2.421951
-2.423259
-2.420966
-2.426725
-2.417821
-2.413320
-2.424047
-2.421758
-2.396900
-2.406342
-2.413917
-2.401807
-2.410521
-2.414792
-2.426601
-2.410694
-2.418359
-2.426052
-2.401759
-2.406569
-2.404164
-2.405787
-2.411098
-2.387247
-2.403004
-2.414439
-2.420770
-2.425224
-2.414510
-2.425161
-2.434404
-2.414012
-2.396933
-2.421344
-2.412513
-2.419758
-2.416482
-2.426379
-2.422719
-2.427527
-2.442112
-2.431563
-2.438533
-2.417111
-2.432807
-2.440439
-2.421407
-2.434981
-2.422556
-2.439552
-2.437693
-2.434517
-2.438941
-2.425296
-2.450199
-2.440265
-2.430219
-2.437066
-2.432094
-2.442859
-2.455090
-2.443943
-2.453841
-2.445580
-2.453202
-2.437318
-2.435555
-2.445509
-2.434302
-2.452696
-2.436169
-2.420422
-2.413584
-2.430962
-2.432035
-2.429887
-2.428206
-2.435310
-2.447264
-2.425959
-2.419304
-2.400926
-2.420606
-2.419028
-2.423390
-2.417906
-2.414731
-2.404437
-2.430950
-2.432625
-2.433860
-2.433407
-2.447727
-2.440469
-2.415056
-2.433720
-2.435300
-2.424918
-2.425735
-2.419792
-2.430439
-2.439577
-2.433168
-2.427762
-2.419896
-2.423393
-2.412242
-2.414882
-2.407453
-2.424696
-2.431973
-2.426157
-2.435097
-2.434715
-2.431848
-2.416391
-2.421822
-2.438010
-2.428426
-2.420595
-2.419431
-2.409296
-2.390413
-2.412684
-2.417435
-2.403685
-2.404246
-2.420178
-2.414419
-2.395653
-2.391396
-2.380096
-2.412708
-2.384089
-2.403871
-2.416784
-2.391231
-2.383777
-2.387798
-2.405620
-2.416415
-2.401954
-2.403812
-2.423647
-2.421951
-2.415866
-2.394023
-2.393168
-2.397358
-2.413248
-2.416244
-2.415489
-2.420784
-2.438295
-2.409724
-2.430682
-2.426808
-2.425717
-2.415777
-2.420721
-2.410867
-2.415075
-2.395815
-2.421505
-2.403620
-2.394864
-2.405772
-2.419493
-2.420680
-2.411590
-2.411044
-2.403385
-2.404575
-2.403542
-2.423445
-2.394439
-2.410077
-2.409590
-2.417564
-2.419034
-2.438634
-2.408481
-2.413835
-2.413861
-2.416158
-2.423317
-2.416584
-2.421390
-2.422804
-2.440468
-2.420521
-2.413594
-2.414084
-2.410172
-2.425362
-2.430257
-2.436635
-2.444772
-2.448181
-2.439855
-2.443560
-2.441894
-2.449748
-2.452529
-2.452027
-2.450644
-2.456506
-2.440131
-2.435160
-2.414676
-2.429562
-2.432624
-2.421410
-2.438421
-2.420464
-2.415858
-2.421629
-2.423388
-2.417368
-2.423588
-2.420297
-2.437596
-2.431185
-2.425341
-2.436398
-2.446621
-2.438715
-2.452001
-2.431627
-2.437793
-2.442038
-2.437290
-2.426197
-2.435337
-2.430676
-2.434950
-2.455223
-2.439224
-2.446240
-2.451508
-2.459523
-2.461587
-2.446256
-2.445392
-2.421560
-2.425014
-2.396452
-2.426149
-2.435662
-2.406614
-2.412735
-2.399758
-2.409040
-2.380329
-2.385220
-2.384025
-2.394342
-2.395609
-2.406166
-2.438763
-2.422788
-2.433885
-2.439490
-2.423515
-2.440137
-2.419447
-2.432656
-2.432870
-2.436323
-2.429513
-2.431155
-2.433604
-2.435151
-2.424160
-2.427190
-2.418479
-2.430396
-2.412099
-2.423133
-2.411241
-2.419613
-2.426063
-2.429507
-2.426155
-2.427900
-2.429100
-2.434080
-2.441282
-2.423923
-2.436685
-2.422313
-2.425401
-2.412697
-2.414735
-2.422668
-2.445757
-2.420185
-2.422425
-2.429844
-2.419956
-2.421898
-2.421973
-2.418976
-2.397896
-2.410221
-2.385468
-2.402043
-2.384438
-2.414311
-2.382553
-2.404806
-2.400537
-2.408578
-2.399372
-2.413938
-2.406360
-2.408806
-2.405769
-2.414637
-2.398808
-2.401351
-2.418173
-2.415573
-2.409075
-2.405782
-2.415209
-2.410269
-2.402107
-2.403293
-2.412860
-2.415571
-2.432160
-2.416690
-2.410653
-2.400196
-2.411553
-2.424274
-2.406505
-2.428355
-2.420304
-2.433782
-2.414197
-2.408484
-2.422335
-2.440012
-2.442460
-2.454056
-2.448269
-2.439141
-2.445889
-2.439562
-2.436808
-2.425314
-2.412980
-2.431074
-2.412919
-2.420062
-2.415970
-2.416845
-2.422052
-2.416416
-2.405710
-2.392115
-2.403202
-2.414158
-2.406161
-2.418407
-2.432486
-2.435038
-2.436335
-2.432837
-2.427275
-2.415196
-2.421237
-2.387274
-2.416287
-2.425076
-2.409778
-2.415470
-2.434014
-2.410696
-2.414505
-2.408575
-2.393194
-2.398332
-2.394067
-2.401067
-2.408200
-2.389952
-2.409780
-2.400538
-2.404438
-2.414477
-2.408830
-2.403572
-2.392969
-2.404579
-2.389952
-2.397968
-2.393781
-2.383421
-2.392365
-2.395824
-2.401729
-2.389786
-2.391433
-2.391841
-2.393196
-2.404726
-2.402246
-2.402069
-2.403912
-2.417813
-2.407173
-2.423109
-2.409843
-2.419248
-2.407420
-2.403471
-2.405295
-2.385858
-2.398546
-2.401414
-2.410078
-2.401568
-2.403103
-2.400006
-2.400072
-2.383712
-2.408895
-2.412063
-2.402872
-2.416303
-2.411281
-2.417137
-2.410455
-2.426329
-2.390949
-2.422482
-2.396913
-2.402410
-2.398370
-2.419718
-2.406201
-2.410622
-2.402373
-2.410808
-2.402201
-2.409854
-2.415859
-2.399380
-2.420035
-2.402462
-2.411035
-2.419695
-2.412239
-2.423308
-2.409582
-2.411958
-2.426618
-2.421885
-2.420703
-2.426312
-2.429228
-2.419020
-2.432448
-2.426045
-2.430130
-2.422206
-2.422835
-2.409252
-2.415154
-2.403653
-2.416537
-2.410833
-2.419226
-2.430376
-2.424568
-2.432507
-2.414817
-2.408522
-2.415920
-2.417703
-2.418402
-2.420839
-2.427590
-2.414763
-2.406936
-2.416708
-2.432404
-2.420532
-2.402478
-2.427085
-2.407888
-2.395240
-2.422174
-2.422763
-2.421402
-2.412002
-2.416577
-2.408326
-2.425570
-2.426689
-2.427635
-2.428824
-2.432934
-2.429414
-2.409099
-2.423268
-2.418296
-2.412779
-2.406886
-2.421162
-2.404510
-2.420634
-2.426416
-2.427813
-2.431461
-2.422571
-2.411820
-2.425490
-2.424556
-2.408864
-2.412357
-2.424478
-2.425575
-2.438988
-2.440978
-2.427846
-2.428167
-2.422692
-2.427033
-2.419840
-2.413264
-2.437046
-2.407584
-2.431740
-2.414678
-2.418121
-2.416288
-2.419235
-2.434491
-2.435200
-2.425729
-2.441812
-2.444466
-2.434352
-2.415836
-2.429235
-2.425647
-2.418128
-2.419867
-2.409695
-2.403527
-2.414703
-2.420998
-2.415970
-2.418964
-2.426662
-2.416729
-2.420699
-2.423159
-2.411487
-2.422041
-2.438402
-2.422002
-2.428709
-2.418946
-2.419859
-2.405343
-2.410416
-2.424816
-2.389498
-2.398116
-2.412624
-2.419541
-2.402499
-2.421235
-2.443749
-2.433324
-2.438235
-2.439870
-2.426554
-2.430656
-2.434953
-2.427399
-2.417596
-2.431147
-2.444649
-2.441944
-2.419135
-2.443782
-2.417484
-2.430774
-2.438972
-2.412574
-2.425799
-2.421019
-2.423101
-2.425439
-2.409550
-2.413280
-2.402026
-2.400829
-2.424035
-2.386522
-2.409053
-2.390335
-2.420600
-2.404463
-2.427978
-2.422935
-2.409252
-2.414823
-2.423061
-2.421035
-2.404384
-2.402695
-2.408924
-2.387237
-2.401782
-2.406296
-2.403289
-2.410856
-2.404953
-2.413563
-2.418128
-2.399125
-2.430574
-2.425233
-2.422838
-2.417920
-2.408051
-2.410009
-2.416743
-2.398768
-2.423824
-2.410372
-2.389091
-2.397186
-2.401457
-2.413516
-2.403528
-2.391775
-2.376655
-2.399231
-2.386300
-2.381132
-2.386277
-2.383021
-2.387474
-2.401899
-2.378465
-2.391940
-2.394597
-2.409026
-2.399103
-2.412909
-2.390705
-2.398556
-2.405996
-2.419501
-2.401696
-2.400830
-2.404154
-2.425736
-2.416634
-2.421824
-2.414423
-2.419391
-2.419743
-2.428287
-2.412280
-2.411681
-2.404875
-2.416128
-2.404877
-2.406456
-2.412799
-2.410147
-2.399210
-2.424714
-2.408970
-2.398371
-2.403906
-2.403792
-2.407558
-2.395097
-2.400002
-2.398420
-2.419016
-2.422440
-2.421733
-2.425168
-2.426176
-2.434403
-2.405051
-2.414978
-2.418701
-2.422481
-2.408160
-2.419961
-2.395384
-2.427876
-2.415773
-2.422374
-2.419505
-2.394426
-2.434617
-2.429676
-2.417917
-2.411762
-2.417892
-2.405976
-2.420009
-2.404808
-2.400129
-2.408270
-2.425800
-2.431656
-2.427145
-2.419933
-2.434265
-2.431301
-2.403602
-2.419380
-2.421922
-2.415340
-2.414919
-2.428933
-2.411109
-2.411744
-2.396335
-2.398735
-2.407051
-2.391078
-2.398110
-2.410398
-2.409131
-2.406091
-2.390359
-2.417611
-2.412444
-2.422512
-2.426064
-2.415808
-2.415286
-2.414142
-2.424039
-2.421096
-2.420392
-2.409233
-2.408194
-2.413979
-2.415298
-2.397704
-2.411016
-2.418147
-2.378963
-2.391169
-2.402664
-2.399864
-2.397501
-2.399057
-2.398580
-2.389805
-2.391405
-2.399839
-2.380917
-2.394234
-2.417333
-2.384350
-2.415268
-2.396557
-2.414568
-2.413755
-2.427250
-2.417122
-2.428904
-2.402881
-2.419109
-2.421945
-2.424336
-2.424507
-2.446499
-2.440125
-2.415894
-2.446605
-2.418413
-2.402427
-2.418533
-2.404990
-2.416215
-2.423542
-2.405494
-2.400942
-2.403465
-2.388907
-2.415115
-2.414002
-2.436081
-2.401556
-2.408072
-2.411823
-2.422772
-2.405134
-2.403147
-2.414870
-2.405849
-2.412203
-2.403090
-2.413005
-2.409441
-2.402049
-2.423508
-2.401529
-2.399267
-2.418908
-2.414192
-2.415630
-2.439156
-2.424960
-2.428153
-2.439148
-2.427624
-2.405453
-2.425951
-2.410187
-2.408942
-2.409196
-2.426053
-2.413533
-2.407914
-2.421276
-2.414229
-2.424748
-2.419964
-2.422669
-2.413359
-2.425181
-2.412585
-2.417753
-2.418533
-2.421230
-2.408755
-2.433778
-2.420172
-2.416569
-2.411066
-2.413770
-2.410230
-2.395821
-2.415240
-2.422499
-2.426524
-2.414656
-2.420586
-2.416612
-2.415428
-2.422347
-2.423235
-2.420092
-2.425272
-2.433861
-2.431558
-2.436491
-2.428608
-2.445644
-2.428501
-2.430913
-2.439810
-2.459523
-2.433174
-2.428647
-2.426382
-2.424080
-2.425150
-2.417399
-2.411902
-2.406295
-2.422427
-2.415265
-2.422560
-2.430579
-2.414738
-2.424279
-2.426497
-2.431725
-2.439547
-2.430960
-2.427547
-2.440878
-2.439165
-2.436268
-2.456817
-2.428381
-2.462364
-2.421078
-2.435804
-2.425626
-2.445010
-2.422075
-2.418529
-2.420548
-2.427213
-2.429410
-2.424062
-2.423086
-2.430955
-2.415976
-2.424850
-2.407720
-2.421084
-2.420688
-2.428426
-2.423957
-2.436085
-2.439946
-2.444283
-2.435980
-2.431586
-2.427533
-2.435363
-2.438813
-2.427188
-2.439362
-2.449083
-2.429796
-2.431908
-2.426563
-2.404707
-2.428974
-2.426299
-2.424208
-2.423442
-2.421102
-2.428854
-2.420535
-2.403806
-2.410607
-2.419088
-2.433242
-2.426200
-2.420915
-2.424486
-2.423119
-2.416193
-2.427531
-2.432741
-2.442563
-2.436903
-2.440148
-2.427943
-2.432109
-2.429553
-2.426282
-2.439092
-2.438618
-2.438680
-2.438101
-2.431119
-2.422231
-2.441878
-2.431654
-2.445513
-2.422534
-2.438144
-2.436022
-2.433092
-2.460755
-2.421390
-2.433883
-2.429196
-2.433048
-2.426236
-2.433076
-2.431768
-2.422464
-2.432312
-2.411570
-2.446430
-2.417020
-2.420011
-2.428893
-2.421761
-2.430213
-2.427183
-2.433235
-2.440794
-2.433443
-2.430255
-2.427431
-2.447730
-2.435627
-2.435627
-2.450756
-2.430231
-2.429882
-2.428534
-2.454906
-2.435192
-2.441706
-2.433869
-2.434164
-2.446323
-2.439343
-2.438966
-2.425486
-2.427254
-2.421736
-2.428059
-2.421467
-2.425100
-2.430575
-2.440637
-2.404630
-2.438519
-2.442928
-2.428574
-2.421552
-2.435941
-2.432361
-2.418557
-2.436036
-2.434563
-2.418532
-2.412066
-2.435887
-2.426799
-2.429317
-2.419022
-2.426979
-2.422711
-2.427635
-2.437935
-2.419230
-2.407455
-2.428116
-2.437913
-2.415627
-2.412474
-2.440711
-2.440318
-2.435904
-2.432470
-2.434801
-2.429064
-2.435129
-2.426504
-2.442921
-2.445700
-2.423975
-2.426489
-2.424763
-2.412487
-2.445594
-2.425926
-2.415876
-2.427404
-2.412843
-2.412186
-2.424161
-2.421596
-2.420080
-2.416818
-2.403780
-2.397551
-2.413262
-2.415749
-2.410047
-2.404425
-2.418587
-2.431871
-2.419531
-2.424041
-2.408490
-2.423776
-2.410982
-2.420702
-2.407756
-2.415041
-2.422279
-2.410711
-2.419125
-2.409778
-2.419484
-2.410661
-2.431284
-2.418591
-2.428614
-2.421965
-2.423737
-2.423003
-2.426321
-2.420905
-2.433771
-2.425867
-2.423530
-2.422659
-2.426375
-2.423893
-2.411894
-2.431135
-2.424313
-2.426041
-2.417768
-2.431145
-2.410525
-2.433355
-2.425556
-2.425935
-2.443908
-2.445689
-2.451982
-2.441542
-2.445463
-2.442828
-2.434783
-2.423554
-2.430209
-2.441722
-2.422266
-2.432000
-2.435342
-2.433466
-2.424501
-2.400828
-2.396008
-2.402932
-2.406572
-2.396860
-2.392038
-2.391276
-2.390726
-2.394246
-2.419916
-2.410064
-2.429693
-2.421697
-2.424381
-2.413557
-2.406880
-2.436105
-2.419088
-2.418150
-2.427250
-2.426584
-2.432721
-2.428881
-2.423322
-2.419552
-2.425184
-2.415914
-2.428996
-2.430295
-2.414954
-2.427467
-2.424259
-2.428485
-2.442412
-2.421650
-2.434271
-2.435755
-2.417848
-2.408878
-2.406598
-2.422237
-2.422239
-2.414695
-2.427921
-2.405685
-2.397126
-2.406693
-2.422196
-2.412037
-2.412126
-2.436249
-2.428360
-2.429054
-2.457451
-2.444436
-2.425006
-2.427695
-2.425357
-2.414332
-2.418129
-2.424401
-2.440007
-2.428933
-2.432542
-2.433376
-2.430285
-2.441910
-2.428832
-2.439760
-2.437700
-2.419363
-2.438880
-2.421701
-2.419467
-2.412865
-2.437086
-2.428566
-2.434719
-2.426507
-2.413025
-2.400314
-2.404218
-2.401657
-2.404523
-2.395685
-2.387989
-2.394636
-2.382675
-2.392168
-2.394829
-2.391783
-2.401975
-2.413870
-2.410549
-2.395033
-2.397742
-2.408561
-2.409423
-2.401393
-2.395333
-2.422022
-2.410744
-2.415399
-2.422869
-2.423934
-2.437022
-2.435977
-2.428815
-2.428988
-2.422328
-2.420888
-2.419872
-2.407553
-2.410533
-2.417607
-2.411004
-2.408051
-2.397872
-2.394040
-2.392225
-2.392883
-2.411643
-2.395779
-2.400546
-2.397716
-2.389981
-2.393137
-2.377069
-2.386157
-2.412703
-2.398395
-2.415727
-2.409926
-2.403936
-2.399471
-2.409788
-2.426270
-2.422757
-2.435732
-2.426596
-2.411973
-2.404408
-2.411101
-2.405668
-2.401410
-2.391138
-2.388791
-2.388598
-2.388236
-2.403279
-2.396610
-2.390753
-2.378643
-2.396452
-2.405949
-2.407885
-2.423288
-2.425239
-2.405874
-2.418901
-2.403960
-2.424068
-2.417512
-2.419705
-2.419759
-2.423042
-2.430909
-2.417412
-2.406441
-2.412824
-2.397834
-2.381719
-2.406701
-2.409319
-2.416435
-2.410993
-2.409317
-2.408037
-2.429741
-2.426364
-2.420859
-2.425440
-2.405036
-2.418377
-2.421550
-2.418429
-2.432648
-2.418160
-2.430601
-2.426123
-2.424770
-2.433270
-2.407321
-2.410412
-2.397582
-2.420805
-2.415492
-2.385209
-2.403839
-2.400494
-2.404888
-2.397681
-2.412718
-2.393252
-2.406624
-2.390956
-2.378472
-2.385776
-2.394987
-2.404758
-2.394776
-2.406785
-2.392865
-2.392029
-2.414065
-2.422822
-2.419254
-2.415814
-2.418026
-2.419784
-2.421605
-2.418185
-2.419004
-2.411447
-2.408889
-2.414061
-2.393630
-2.409476
-2.397921
-2.399798
-2.408684
-2.412113
-2.395991
-2.414603
-2.421756
-2.412441
-2.428243
-2.425004
-2.399963
-2.405439
-2.403236
-2.399770
-2.395740
-2.388201
-2.411816
-2.396712
-2.390804
-2.400673
-2.401080
-2.396989
-2.397643
-2.402279
-2.400855
-2.414598
-2.405949
-2.418623
-2.393998
-2.398240
-2.392291
-2.393547
-2.398381
-2.398050
-2.399638
-2.415921
-2.407637
-2.405133
-2.399287
-2.418600
-2.424935
-2.417106
-2.410701
-2.418054
-2.398294
-2.419737
-2.413927
-2.405715
-2.410997
-2.411534
-2.417532
-2.408165
-2.412749
-2.417069
-2.426315
-2.429029
-2.445082
-2.405842
-2.399559
-2.419173
-2.395744
-2.408630
-2.387436
-2.407747
-2.407266
-2.431835
-2.421286
-2.412313
-2.423094
-2.423253
-2.425144
-2.432422
-2.427468
-2.425411
-2.422309
-2.433203
-2.427464
-2.425251
-2.419160
-2.431636
-2.430287
-2.432112
-2.431955
-2.458518
-2.430075
-2.446018
-2.426225
-2.431126
-2.424103
-2.439813
-2.421351
-2.446395
-2.434681
-2.437790
-2.437578
-2.435018
-2.436679
-2.446816
-2.426086
-2.441436
-2.429970
-2.433339
-2.434419
-2.425171
-2.428407
-2.428032
-2.440227
-2.424675
-2.443951
-2.430392
-2.436920
-2.425184
-2.440600
-2.421721
-2.428697
-2.431331
-2.416411
-2.420631
-2.396337
-2.426797
-2.426377
-2.413378
-2.413318
-2.421764
-2.433382
-2.420673
-2.423479
-2.396974
-2.417467
-2.426561
-2.436823
-2.428572
-2.424583
-2.440737
-2.426567
-2.430271
-2.447822
-2.410851
-2.417761
-2.439206
-2.422467
-2.426382
-2.409644
-2.418081
-2.425579
-2.436157
-2.425836
-2.418109
-2.425272
-2.401893
-2.392092
-2.410515
-2.430112
-2.411173
-2.408928
-2.431006
-2.408540
-2.423252
-2.414825
-2.422140
-2.405726
-2.419202
-2.405637
-2.404636
-2.404470
-2.420426
-2.411765
-2.419465
-2.433913
-2.430113
-2.421616
-2.421001
-2.422575
-2.410358
-2.419044
-2.394851
-2.385935
-2.408849
-2.386927
-2.395618
-2.410359
-2.412983
-2.414918
-2.421326
-2.418751
-2.394700
-2.412314
-2.407579
-2.411480
-2.394726
-2.409620
-2.414458
-2.416055
-2.409915
-2.413748
-2.407794
-2.415613
-2.425278
-2.421941
-2.431082
-2.454119
-2.443108
-2.449890
-2.439051
-2.445223
-2.447636
-2.449022
-2.451293
-2.459713
-2.472779
-2.450669
-2.440134
-2.450621
-2.453393
-2.455787
-2.456834
-2.449289
-2.460937
-2.456834
-2.460722
-2.444306
-2.440987
-2.445443
-2.438860
-2.442588
-2.456949
-2.446663
-2.455929
-2.444214
-2.450020
-2.443925
-2.452599
-2.446098
-2.433968
-2.430864
-2.429194
-2.426031
-2.415176
-2.429481
-2.435648
-2.435891
-2.442536
-2.449222
-2.446926
-2.431136
-2.425137
-2.439435
-2.441671
-2.426634
-2.422355
-2.411961
-2.422272
-2.426201
-2.407557
-2.428271
-2.419360
-2.429918
-2.422022
-2.421250
-2.436199
-2.436531
-2.431065
-2.421697
-2.432441
-2.423290
-2.433673
-2.452623
-2.432865
-2.452969
-2.432845
-2.435131
-2.413777
-2.446253
-2.426792
-2.426964
-2.431555
-2.409233
-2.412109
-2.422832
-2.408749
-2.410398
-2.418035
-2.404610
-2.404401
-2.402882
-2.404721
-2.410137
-2.405555
-2.425212
-2.405303
-2.416079
-2.404286
-2.421995
-2.424530
-2.413959
-2.411802
-2.411930
-2.410419
-2.411650
-2.389251
-2.416778
-2.414624
-2.411007
-2.416533
-2.410278
-2.417300
-2.415954
-2.412131
-2.397181
-2.411218
-2.414348
-2.412792
-2.410986
-2.418084
-2.432813
-2.407288
-2.415787
-2.416179
-2.422878
-2.410699
-2.421531
-2.415899
-2.412795
-2.413091
-2.410258
-2.399903
-2.409028
-2.407736
-2.405753
-2.400572
-2.411021
-2.401270
-2.405495
-2.408536
-2.410069
-2.427486
-2.402853
-2.398580
-2.404824
-2.417582
-2.403184
-2.395419
-2.402893
-2.396084
-2.406872
-2.394204
-2.408875
-2.403536
-2.403697
-2.415479
-2.418622
-2.401705
-2.402143
-2.397194
-2.420838
-2.406479
-2.419543
-2.419988
-2.426999
-2.424797
-2.428445
-2.427940
-2.411597
-2.424964
-2.419402
-2.405515
-2.428871
-2.404500
-2.404845
-2.421427
-2.409585
-2.408380
-2.414797
-2.426980
-2.432340
-2.435495
-2.435951
-2.433389
-2.427894
-2.427430
-2.428009
-2.431136
-2.428714
-2.413179
-2.418396
-2.426079
-2.414187
-2.431695
-2.429649
-2.441545
-2.431694
-2.422880
-2.432503
-2.430542
-2.412459
-2.416979
-2.411709
-2.408833
-2.401820
-2.423254
-2.402041
-2.421902
-2.402373
-2.406880
-2.399938
-2.387233
-2.407750
-2.410250
-2.411255
-2.420302
-2.398385
-2.421551
-2.403394
-2.406475
-2.406929
-2.403841
-2.409554
-2.388392
-2.400453
-2.419138
-2.386948
-2.399303
-2.413888
-2.409627
-2.418211
-2.427287
-2.417146
-2.422539
-2.412702
-2.426204
-2.421073
-2.420643
-2.404400
-2.411647
-2.416006
-2.406720
-2.413876
-2.405822
-2.420323
-2.399258
