-1.052181
-1.052128
-1.052077
-1.052029
-1.051984
-1.051941
-1.051901
-1.051864
-1.051830
-1.051799
-1.051770
-1.051744
-1.051720
-1.051700
-1.051682
-1.051667
-1.051655
-1.051645
-1.051638
-1.051634
-1.051633
-1.051634
-1.051638
-1.051645
-1.051655
-1.051668
-1.051683
-1.051701
-1.051722
-1.051745
-1.051771
-1.051801
-1.051832
-1.051867
-1.051905
-1.051945
-1.051988
-1.052034
-1.052083
-1.052134
-1.052189
-1.052246
-1.052306
-1.052369
-1.052435
-1.052503
-1.052575
-1.052649
-1.052726
-1.052806
-1.052889
-1.052974
-1.053063
-1.053154
-1.053248
-1.053345
-1.053445
-1.053547
-1.053652
-1.053760
-1.053871
-1.053984
-1.054100
-1.054219
-1.054341
-1.054465
-1.054591
-1.054720
-1.054852
-1.054986
-1.055123
-1.055261
-1.055402
-1.055545
-1.055691
-1.055838
-1.055988
-1.056139
-1.056292
-1.056446
-1.056603
-1.056760
-1.056919
-1.057079
-1.057241
-1.057403
-1.057565
-1.057729
-1.057893
-1.058057
-1.058221
-1.058384
-1.058548
-1.058710
-1.058872
-1.059033
-1.059192
-1.059350
-1.059505
-1.059658
-1.059809
-1.059956
-1.060101
-1.060241
-1.060377
-1.060509
-1.060636
-1.060758
-1.060874
-1.060983
-1.061086
-1.061181
-1.061268
-1.061348
-1.061418
-1.061478
-1.061528
-1.061568
-1.061596
-1.061612
-1.061615
-1.061605
-1.061580
-1.061541
-1.061486
-1.061414
-1.061326
-1.061219
-1.061094
-1.060950
-1.060785
-1.060600
-1.060393
-1.060163
-1.059911
-1.059636
-1.059336
-1.059012
-1.058662
-1.058287
-1.057887
-1.057460
-1.057007
-1.056527
-1.056022
-1.055490
-1.054933
-1.054351
-1.053743
-1.053112
-1.052457
-1.051780
-1.051082
-1.050364
-1.049628
-1.048875
-1.048107
-1.047325
-1.046532
-1.045729
-1.044919
-1.044104
-1.043285
-1.042464
-1.041645
-1.040828
-1.040015
-1.039209
-1.038411
-1.037623
-1.036846
-1.036082
-1.035331
-1.034595
-1.033875
-1.033171
-1.032483
-1.031813
-1.031161
-1.030526
-1.029908
-1.029308
-1.028724
-1.028157
-1.027605
-1.027068
-1.026546
-1.026036
-1.025539
-1.025054
-1.024578
-1.024112
-1.023653
-1.023201
-1.022755
-1.022312
-1.021874
-1.021437
-1.021001
-1.020565
-1.020128
-1.019690
-1.019248
-1.018803
-1.018353
-1.017899
-1.017439
-1.016972
-1.016500
-1.016020
-1.015533
-1.015039
-1.014538
-1.014028
-1.013512
-1.012987
-1.012456
-1.011918
-1.011374
-1.010823
-1.010268
-1.009708
-1.009145
-1.008579
-1.008012
-1.007445
-1.006880
-1.006318
-1.005761
-1.005210
-1.004668
-1.004137
-1.003619
-1.003117
-1.002631
-1.002165
-1.001721
-1.001301
-1.000906
-1.000540
-1.000203
-0.999897
-0.999624
-0.999384
-0.999177
-0.999005
-0.998867
-0.998763
-0.998692
-0.998653
-0.998645
-0.998666
-0.998713
-0.998785
-0.998880
-0.998993
-0.999123
-0.999266
-0.999419
-0.999580
-0.999745
-0.999911
-1.000076
-1.000236
-1.000389
-1.000532
-1.000663
-1.000781
-1.000882
-1.000966
-1.001031
-1.001076
-1.001099
-1.001100
-1.001078
-1.001033
-1.000964
-1.000870
-1.000752
-1.000610
-1.000444
-1.000253
-1.000039
-0.999802
-0.999541
-0.999259
-0.998956
-0.998633
-0.998291
-0.997933
-0.997559
-0.997173
-0.996777
-0.996373
-0.995966
-0.995557
-0.995152
-0.994754
-0.994367
-0.993996
-0.993645
-0.993317
-0.993018
-0.992751
-0.992518
-0.992324
-0.992170
-0.992058
-0.991990
-0.991966
-0.991986
-0.992049
-0.992154
-0.992299
-0.992484
-0.992704
-0.992959
-0.993245
-0.993559
-0.993899
-0.994263
-0.994647
-0.995050
-0.995469
-0.995902
-0.996348
-0.996805
-0.997271
-0.997745
-0.998227
-0.998713
-0.999205
-0.999701
-1.000199
-1.000700
-1.001203
-1.001707
-1.002211
-1.002716
-1.003220
-1.003723
-1.004226
-1.004727
-1.005227
-1.005725
-1.006222
-1.006718
-1.007212
-1.007705
-1.008197
-1.008688
-1.009180
-1.009671
-1.010162
-1.010654
-1.011147
-1.011642
-1.012138
-1.012636
-1.013137
-1.013639
-1.014144
-1.014651
-1.015159
-1.015670
-1.016181
-1.016694
-1.017206
-1.017717
-1.018227
-1.018734
-1.019237
-1.019734
-1.020225
-1.020708
-1.021181
-1.021642
-1.022092
-1.022526
-1.022946
-1.023347
-1.023731
-1.024094
-1.024437
-1.024757
-1.025054
-1.025328
-1.025577
-1.025802
-1.026003
-1.026178
-1.026329
-1.026456
-1.026559
-1.026639
-1.026697
-1.026734
-1.026751
-1.026748
-1.026728
-1.026690
-1.026637
-1.026569
-1.026488
-1.026395
-1.026290
-1.026175
-1.026052
-1.025921
-1.025783
-1.025641
-1.025495
-1.025347
-1.025200
-1.025055
-1.024916
-1.024784
-1.024662
-1.024554
-1.024464
-1.024393
-1.024347
-1.024329
-1.024341
-1.024387
-1.024471
-1.024594
-1.024759
-1.024968
-1.025221
-1.025518
-1.025861
-1.026247
-1.026677
-1.027148
-1.027659
-1.028207
-1.028790
-1.029406
-1.030052
-1.030727
-1.031428
-1.032153
-1.032902
-1.033672
-1.034464
-1.035276
-1.036109
-1.036961
-1.037835
-1.038729
-1.039644
-1.040580
-1.041539
-1.042519
-1.043522
-1.044547
-1.045594
-1.046663
-1.047753
-1.048863
-1.049991
-1.051138
-1.052301
-1.053478
-1.054667
-1.055867
-1.057076
-1.058292
-1.059512
-1.060734
-1.061956
-1.063177
-1.064394
-1.065606
-1.066810
-1.068006
-1.069192
-1.070366
-1.071529
-1.072678
-1.073813
-1.074934
-1.076040
-1.077130
-1.078205
-1.079265
-1.080309
-1.081337
-1.082349
-1.083345
-1.084325
-1.085289
-1.086236
-1.087166
-1.088079
-1.088974
-1.089851
-1.090709
-1.091548
-1.092366
-1.093165
-1.093942
-1.094699
-1.095435
-1.096151
-1.096847
-1.097524
-1.098184
-1.098827
-1.099456
-1.100073
-1.100682
-1.101284
-1.101884
-1.102486
-1.103092
-1.103708
-1.104337
-1.104984
-1.105651
-1.106344
-1.107064
-1.107816
-1.108600
-1.109419
-1.110273
-1.111162
-1.112085
-1.113041
-1.114026
-1.115039
-1.116076
-1.117132
-1.118202
-1.119282
-1.120367
-1.121452
-1.122531
-1.123601
-1.124656
-1.125691
-1.126704
-1.127691
-1.128649
-1.129574
-1.130465
-1.131320
-1.132137
-1.132916
-1.133655
-1.134355
-1.135016
-1.135636
-1.136218
-1.136760
-1.137265
-1.137733
-1.138164
-1.138560
-1.138923
-1.139252
-1.139550
-1.139818
-1.140057
-1.140268
-1.140452
-1.140612
-1.140749
-1.140864
-1.140959
-1.141036
-1.141096
-1.141142
-1.141176
-1.141199
-1.141216
-1.141227
-1.141236
-1.141245
-1.141258
-1.141278
-1.141308
-1.141351
-1.141410
-1.141488
-1.141590
-1.141717
-1.141873
-1.142060
-1.142281
-1.142538
-1.142834
-1.143169
-1.143546
-1.143965
-1.144428
-1.144934
-1.145484
-1.146078
-1.146714
-1.147393
-1.148112
-1.148870
-1.149665
-1.150495
-1.151357
-1.152248
-1.153165
-1.154104
-1.155061
-1.156033
-1.157015
-1.158002
-1.158991
-1.159977
-1.160955
-1.161920
-1.162867
-1.163794
-1.164693
-1.165563
-1.166397
-1.167193
-1.167946
-1.168653
-1.169310
-1.169915
-1.170465
-1.170958
-1.171390
-1.171762
-1.172070
-1.172314
-1.172493
-1.172607
-1.172655
-1.172638
-1.172557
-1.172411
-1.172203
-1.171934
-1.171606
-1.171221
-1.170782
-1.170292
-1.169755
-1.169173
-1.168552
-1.167895
-1.167208
-1.166496
-1.165764
-1.165018
-1.164264
-1.163508
-1.162758
-1.162019
-1.161299
-1.160604
-1.159941
-1.159317
-1.158737
-1.158208
-1.157734
-1.157322
-1.156974
-1.156696
-1.156488
-1.156354
-1.156295
-1.156312
-1.156403
-1.156569
-1.156807
-1.157115
-1.157491
-1.157933
-1.158435
-1.158996
-1.159611
-1.160276
-1.160987
-1.161742
-1.162535
-1.163364
-1.164225
-1.165113
-1.166027
-1.166962
-1.167917
-1.168886
-1.169869
-1.170861
-1.171861
-1.172865
-1.173871
-1.174876
-1.175877
-1.176873
-1.177861
-1.178838
-1.179802
-1.180751
-1.181682
-1.182594
-1.183484
-1.184350
-1.185191
-1.186005
-1.186790
-1.187545
-1.188269
-1.188959
-1.189616
-1.190239
-1.190825
-1.191376
-1.191889
-1.192365
-1.192803
-1.193203
-1.193564
-1.193885
-1.194168
-1.194411
-1.194615
-1.194778
-1.194902
-1.194985
-1.195029
-1.195032
-1.194995
-1.194918
-1.194802
-1.194647
-1.194454
-1.194223
-1.193955
-1.193653
-1.193316
-1.192948
-1.192550
-1.192124
-1.191673
-1.191200
-1.190709
-1.190201
-1.189682
-1.189154
-1.188623
-1.188091
-1.187564
-1.187045
-1.186539
-1.186049
-1.185580
-1.185136
-1.184718
-1.184332
-1.183978
-1.183660
-1.183378
-1.183134
-1.182928
-1.182759
-1.182627
-1.182530
-1.182467
-1.182435
-1.182433
-1.182456
-1.182504
-1.182572
-1.182657
-1.182758
-1.182872
-1.182997
-1.183130
-1.183271
-1.183418
-1.183570
-1.183727
-1.183888
-1.184054
-1.184223
-1.184398
-1.184576
-1.184760
-1.184948
-1.185140
-1.185337
-1.185538
-1.185742
-1.185950
-1.186160
-1.186373
-1.186588
-1.186804
-1.187020
-1.187238
-1.187457
-1.187677
-1.187898
-1.188121
-1.188347
-1.188576
-1.188810
-1.189050
-1.189296
-1.189551
-1.189815
-1.190091
-1.190378
-1.190679
-1.190993
-1.191323
-1.191669
-1.192032
-1.192411
-1.192807
-1.193219
-1.193647
-1.194090
-1.194548
-1.195018
-1.195501
-1.195993
-1.196493
-1.197001
-1.197513
-1.198027
-1.198544
-1.199059
-1.199573
-1.200083
-1.200589
-1.201089
-1.201583
-1.202069
-1.202549
-1.203020
-1.203484
-1.203941
-1.204390
-1.204833
-1.205270
-1.205701
-1.206127
-1.206548
-1.206966
-1.207380
-1.207791
-1.208198
-1.208603
-1.209004
-1.209402
-1.209795
-1.210184
-1.210566
-1.210941
-1.211306
-1.211661
-1.212003
-1.212331
-1.212642
-1.212933
-1.213203
-1.213448
-1.213667
-1.213856
-1.214014
-1.214137
-1.214223
-1.214271
-1.214278
-1.214241
-1.214160
-1.214032
-1.213857
-1.213633
-1.213360
-1.213036
-1.212661
-1.212237
-1.211762
-1.211237
-1.210665
-1.210045
-1.209379
-1.208670
-1.207920
-1.207131
-1.206306
-1.205448
-1.204562
-1.203650
-1.202716
-1.201766
-1.200802
-1.199829
-1.198853
-1.197876
-1.196905
-1.195944
-1.194997
-1.194068
-1.193163
-1.192284
-1.191436
-1.190622
-1.189846
-1.189111
-1.188420
-1.187774
-1.187176
-1.186627
-1.186129
-1.185682
-1.185288
-1.184946
-1.184656
-1.184419
-1.184232
-1.184097
-1.184010
-1.183972
-1.183980
-1.184033
-1.184129
-1.184266
-1.184443
-1.184658
-1.184908
-1.185192
-1.185508
-1.185854
-1.186228
-1.186629
-1.187056
-1.187507
-1.187980
-1.188475
-1.188990
-1.189524
-1.190078
-1.190649
-1.191238
-1.191843
-1.192464
-1.193101
-1.193753
-1.194420
-1.195101
-1.195796
-1.196505
-1.197227
-1.197963
-1.198712
-1.199474
-1.200249
-1.201037
-1.201839
-1.202655
-1.203485
-1.204330
-1.205190
-1.206066
-1.206957
-1.207866
-1.208791
-1.209733
-1.210692
-1.211668
-1.212661
-1.213669
-1.214692
-1.215729
-1.216778
-1.217837
-1.218905
-1.219978
-1.221056
-1.222135
-1.223212
-1.224284
-1.225349
-1.226404
-1.227446
-1.228472
-1.229479
-1.230464
-1.231426
-1.232362
-1.233269
-1.234146
-1.234990
-1.235800
-1.236574
-1.237312
-1.238010
-1.238670
-1.239289
-1.239866
-1.240402
-1.240895
-1.241346
-1.241753
-1.242117
-1.242437
-1.242715
-1.242950
-1.243142
-1.243293
-1.243403
-1.243473
-1.243504
-1.243499
-1.243458
-1.243383
-1.243277
-1.243142
-1.242981
-1.242796
-1.242592
-1.242370
-1.242136
-1.241893
-1.241644
-1.241394
-1.241148
-1.240908
-1.240679
-1.240465
-1.240269
-1.240094
-1.239944
-1.239818
-1.239721
-1.239651
-1.239609
-1.239595
-1.239606
-1.239641
-1.239695
-1.239766
-1.239847
-1.239934
-1.240019
-1.240094
-1.240149
-1.240180
-1.240186
-1.240159
-1.240094
-1.239984
-1.239823
-1.239605
-1.239324
-1.238975
-1.238552
-1.238050
-1.237465
-1.236793
-1.236030
-1.235173
-1.234221
-1.233173
-1.232030
-1.230794
-1.229471
-1.228068
-1.226595
-1.225065
-1.223497
-1.221909
-1.220327
-1.218777
-1.217290
-1.215897
-1.214629
-1.213517
-1.212589
-1.211869
-1.211375
-1.211118
-1.211101
-1.211322
-1.211770
-1.212426
-1.213270
-1.214276
-1.215417
-1.216664
-1.217992
-1.219374
-1.220790
-1.222218
-1.223643
-1.225052
-1.226434
-1.227782
-1.229090
-1.230353
-1.231571
-1.232740
-1.233861
-1.234934
-1.235959
-1.236936
-1.237866
-1.238749
-1.239586
-1.240376
-1.241120
-1.241817
-1.242467
-1.243071
-1.243627
-1.244135
-1.244594
-1.245004
-1.245364
-1.245674
-1.245934
-1.246142
-1.246300
-1.246408
-1.246466
-1.246475
-1.246438
-1.246356
-1.246231
-1.246065
-1.245861
-1.245623
-1.245352
-1.245055
-1.244734
-1.244394
-1.244042
-1.243682
-1.243321
-1.242965
-1.242620
-1.242294
-1.241992
-1.241722
-1.241490
-1.241301
-1.241161
-1.241075
-1.241046
-1.241076
-1.241169
-1.241323
-1.241539
-1.241816
-1.242149
-1.242536
-1.242972
-1.243453
-1.243971
-1.244522
-1.245098
-1.245694
-1.246304
-1.246920
-1.247539
-1.248153
-1.248759
-1.249352
-1.249929
-1.250484
-1.251017
-1.251526
-1.252008
-1.252464
-1.252891
-1.253290
-1.253659
-1.253998
-1.254309
-1.254590
-1.254842
-1.255067
-1.255265
-1.255436
-1.255583
-1.255706
-1.255807
-1.255887
-1.255949
-1.255995
-1.256026
-1.256045
-1.256055
-1.256058
-1.256057
-1.256056
-1.256056
-1.256062
-1.256076
-1.256102
-1.256143
-1.256203
-1.256283
-1.256388
-1.256520
-1.256682
-1.256876
-1.257104
-1.257369
-1.257671
-1.258012
-1.258394
-1.258816
-1.259279
-1.259783
-1.260327
-1.260911
-1.261534
-1.262196
-1.262893
-1.263626
-1.264392
-1.265189
-1.266017
-1.266872
-1.267752
-1.268656
-1.269582
-1.270527
-1.271489
-1.272467
-1.273457
-1.274459
-1.275468
-1.276484
-1.277503
-1.278523
-1.279541
-1.280555
-1.281562
-1.282557
-1.283539
-1.284503
-1.285447
-1.286366
-1.287258
-1.288117
-1.288941
-1.289725
-1.290466
-1.291161
-1.291806
-1.292398
-1.292934
-1.293410
-1.293825
-1.294177
-1.294463
-1.294682
-1.294833
-1.294915
-1.294928
-1.294871
-1.294747
-1.294555
-1.294298
-1.293978
-1.293596
-1.293157
-1.292663
-1.292120
-1.291531
-1.290902
-1.290238
-1.289545
-1.288829
-1.288097
-1.287355
-1.286611
-1.285871
-1.285141
-1.284429
-1.283740
-1.283080
-1.282456
-1.281870
-1.281328
-1.280833
-1.280388
-1.279994
-1.279652
-1.279362
-1.279124
-1.278936
-1.278797
-1.278704
-1.278655
-1.278645
-1.278672
-1.278731
-1.278820
-1.278935
-1.279071
-1.279226
-1.279395
-1.279577
-1.279768
-1.279965
-1.280166
-1.280369
-1.280572
-1.280772
-1.280968
-1.281158
-1.281342
-1.281517
-1.281682
-1.281836
-1.281978
-1.282107
-1.282221
-1.282319
-1.282399
-1.282461
-1.282504
-1.282527
-1.282530
-1.282512
-1.282473
-1.282412
-1.282329
-1.282224
-1.282096
-1.281946
-1.281773
-1.281578
-1.281360
-1.281120
-1.280858
-1.280574
-1.280267
-1.279939
-1.279588
-1.279215
-1.278819
-1.278400
-1.277955
-1.277485
-1.276984
-1.276453
-1.275897
-1.275316
-1.274710
-1.274078
-1.273421
-1.272738
-1.272029
-1.271292
-1.270528
-1.269737
-1.268917
-1.268070
-1.267193
-1.266289
-1.265357
-1.264398
-1.263413
-1.262404
-1.261373
-1.260322
-1.259253
-1.258171
-1.257080
-1.255983
-1.254886
-1.253793
-1.252712
-1.251646
-1.250603
-1.249587
-1.248604
-1.247659
-1.246757
-1.245900
-1.245092
-1.244335
-1.243629
-1.242976
-1.242373
-1.241820
-1.241315
-1.240855
-1.240437
-1.240057
-1.239713
-1.239402
-1.239121
-1.238867
-1.238639
-1.238434
-1.238251
-1.238091
-1.237952
-1.237835
-1.237739
-1.237667
-1.237617
-1.237592
-1.237592
-1.237618
-1.237671
-1.237752
-1.237860
-1.237996
-1.238161
-1.238354
-1.238575
-1.238823
-1.239098
-1.239399
-1.239723
-1.240071
-1.240440
-1.240828
-1.241234
-1.241656
-1.242091
-1.242537
-1.242993
-1.243456
-1.243925
-1.244397
-1.244870
-1.245344
-1.245817
-1.246288
-1.246756
-1.247220
-1.247680
-1.248136
-1.248588
-1.249035
-1.249479
-1.249920
-1.250359
-1.250796
-1.251232
-1.251668
-1.252105
-1.252544
-1.252986
-1.253431
-1.253881
-1.254335
-1.254793
-1.255253
-1.255714
-1.256178
-1.256643
-1.257112
-1.257582
-1.258054
-1.258527
-1.259005
-1.259488
-1.259975
-1.260466
-1.260959
-1.261454
-1.261948
-1.262441
-1.262931
-1.263418
-1.263898
-1.264372
-1.264838
-1.265294
-1.265739
-1.266172
-1.266592
-1.266998
-1.267389
-1.267764
-1.268122
-1.268463
-1.268786
-1.269090
-1.269375
-1.269640
-1.269886
-1.270111
-1.270315
-1.270498
-1.270659
-1.270799
-1.270916
-1.271010
-1.271082
-1.271131
-1.271157
-1.271161
-1.271142
-1.271100
-1.271038
-1.270955
-1.270854
-1.270734
-1.270598
-1.270448
-1.270288
-1.270121
-1.269951
-1.269781
-1.269616
-1.269460
-1.269318
-1.269195
-1.269095
-1.269023
-1.268984
-1.268983
-1.269022
-1.269105
-1.269236
-1.269416
-1.269645
-1.269926
-1.270257
-1.270638
-1.271066
-1.271538
-1.272052
-1.272603
-1.273187
-1.273800
-1.274436
-1.275091
-1.275760
-1.276437
-1.277118
-1.277798
-1.278474
-1.279141
-1.279797
-1.280437
-1.281061
-1.281664
-1.282246
-1.282806
-1.283342
-1.283853
-1.284340
-1.284803
-1.285241
-1.285655
-1.286046
-1.286413
-1.286760
-1.287085
-1.287391
-1.287677
-1.287946
-1.288199
-1.288436
-1.288658
-1.288865
-1.289060
-1.289242
-1.289412
-1.289570
-1.289717
-1.289852
-1.289976
-1.290089
-1.290191
-1.290282
-1.290361
-1.290429
-1.290484
-1.290528
-1.290560
-1.290579
-1.290386
-1.289840
-1.289205
-1.288539
-1.287847
-1.287132
-1.286396
-1.285646
-1.284884
-1.284118
-1.283352
-1.282593
-1.281846
-1.281119
-1.280417
-1.279747
-1.279113
-1.278523
-1.277979
-1.277486
-1.277046
-1.276661
-1.276331
-1.276056
-1.275833
-1.275660
-1.275534
-1.275449
-1.275400
-1.275382
-1.275389
-1.275416
-1.275455
-1.275503
-1.275553
-1.275601
-1.275643
-1.275675
-1.275695
-1.275699
-1.275686
-1.275654
-1.275604
-1.275534
-1.275444
-1.275279
-1.274921
-1.274438
-1.273965
-1.273508
-1.273068
-1.272647
-1.272244
-1.271861
-1.271499
-1.271157
-1.270837
-1.270540
-1.270264
-1.270011
-1.269781
-1.269574
-1.269390
-1.269229
-1.269092
-1.268978
-1.268887
-1.268821
-1.268778
-1.268758
-1.268762
-1.268788
-1.268838
-1.268911
-1.269006
-1.269122
-1.269260
-1.269418
-1.269595
-1.269790
-1.270004
-1.270233
-1.270477
-1.270735
-1.271004
-1.271285
-1.271574
-1.271871
-1.272175
-1.272483
-1.272795
-1.273109
-1.273425
-1.273741
-1.274057
-1.274372
-1.274685
-1.274997
-1.275306
-1.275614
-1.275921
-1.276226
-1.276530
-1.276834
-1.277138
-1.277442
-1.277749
-1.278060
-1.278374
-1.278694
-1.279021
-1.279355
-1.279699
-1.280052
-1.280416
-1.280793
-1.281182
-1.281585
-1.282002
-1.282433
-1.282879
-1.283340
-1.283815
-1.284305
-1.284808
-1.285325
-1.285854
-1.286394
-1.286943
-1.287502
-1.288067
-1.288636
-1.289209
-1.289784
-1.290357
-1.290927
-1.291491
-1.292049
-1.292596
-1.293131
-1.293652
-1.294156
-1.294642
-1.295107
-1.295549
-1.295968
-1.296360
-1.296725
-1.297061
-1.297367
-1.297642
-1.297885
-1.298095
-1.298272
-1.298415
-1.298524
-1.298598
-1.298639
-1.298646
-1.298619
-1.298559
-1.298468
-1.298346
-1.298193
-1.298012
-1.297803
-1.297568
-1.297309
-1.297028
-1.296726
-1.296406
-1.296069
-1.295719
-1.295356
-1.294985
-1.294607
-1.294225
-1.293841
-1.293458
-1.293078
-1.292704
-1.292338
-1.291982
-1.291638
-1.291309
-1.290995
-1.290699
-1.290422
-1.290164
-1.289927
-1.289710
-1.289515
-1.289341
-1.289187
-1.289054
-1.288938
-1.288829
-1.288722
-1.288614
-1.288513
-1.288421
-1.288337
-1.288260
-1.288185
-1.288113
-1.288040
-1.287965
-1.287885
-1.287799
-1.287705
-1.287602
-1.287487
-1.287360
-1.287219
-1.287062
-1.286890
-1.286701
-1.286495
-1.286271
-1.286030
-1.285771
-1.285494
-1.285200
-1.284889
-1.284563
-1.284221
-1.283866
-1.283497
-1.283117
-1.282727
-1.282329
-1.281923
-1.281511
-1.281096
-1.280678
-1.280258
-1.279840
-1.279422
-1.279008
-1.278598
-1.278192
-1.277792
-1.277399
-1.277012
-1.276633
-1.276261
-1.275897
-1.275540
-1.275191
-1.274849
-1.274515
-1.274188
-1.273867
-1.273553
-1.273246
-1.272945
-1.272589
-1.272068
-1.271533
-1.270998
-1.270464
-1.269933
-1.269405
-1.268882
-1.268366
-1.267857
-1.267357
-1.266866
-1.266387
-1.265920
-1.265466
-1.265026
-1.264601
-1.264190
-1.263795
-1.263416
-1.263053
-1.262706
-1.262374
-1.262059
-1.261759
-1.261474
-1.261206
-1.260953
-1.260716
-1.260495
-1.260292
-1.260107
-1.259942
-1.259798
-1.259643
-1.259129
-1.258576
-1.258049
-1.257556
-1.257104
-1.256700
-1.256351
-1.256065
-1.255849
-1.255709
-1.255650
-1.255677
-1.255795
-1.256004
-1.256307
-1.256703
-1.257190
-1.257767
-1.258428
-1.259169
-1.259983
-1.260864
-1.261805
-1.262797
-1.263833
-1.264905
-1.266004
-1.267124
-1.268256
-1.269395
-1.270534
-1.271597
-1.272201
-1.272760
-1.273316
-1.273871
-1.274425
-1.274979
-1.275535
-1.276094
-1.276655
-1.277221
-1.277790
-1.278364
-1.278941
-1.279521
-1.280101
-1.280681
-1.281258
-1.281828
-1.282390
-1.282940
-1.283473
-1.283988
-1.284479
-1.284943
-1.285377
-1.285777
-1.286141
-1.286465
-1.286748
-1.286987
-1.287182
-1.287333
-1.287438
-1.287499
-1.287517
-1.287493
-1.287429
-1.287327
-1.287100
-1.286763
-1.286410
-1.286045
-1.285671
-1.285290
-1.284906
-1.284520
-1.284134
-1.283750
-1.283368
-1.282990
-1.282616
-1.282246
-1.281880
-1.281518
-1.281159
-1.280802
-1.280446
-1.280091
-1.279734
-1.279376
-1.279015
-1.278650
-1.278279
-1.277903
-1.277519
-1.277128
-1.276728
-1.276320
-1.275902
-1.275475
-1.275038
-1.274593
-1.274139
-1.273676
-1.273206
-1.272730
-1.272249
-1.271763
-1.271275
-1.270785
-1.270296
-1.269809
-1.269326
-1.268849
-1.268379
-1.267919
-1.267470
-1.267034
-1.266614
-1.266210
-1.265824
