1.502705
2.096894
2.619642
1.684484
1.897587
1.969539
1.568941
1.645422
1.528473
1.589996
1.633753
1.523537
1.576649
1.529856
1.563125
1.592715
1.515988
1.550585
1.509336
1.550556
1.555408
1.542794
1.558359
1.499311
1.509589
1.537760
1.534359
1.541717
1.504662
1.532714
1.559725
1.526556
1.555555
1.509127
1.548714
1.573013
1.498918
1.511746
1.509153
3.493042
5.120773
1.672430
1.759674
1.361016
1.443470
1.533216
1.493543
1.502571
1.543305
1.571254
1.588357
1.511737
1.556607
1.491253
1.516601
1.509565
1.537599
1.535220
1.489454
1.519558
1.531033
1.494849
1.500145
1.508573
1.526723
1.533870
1.511678
1.526751
1.529553
1.533567
1.539363
1.497068
1.506293
1.491387
1.499150
1.528107
1.483694
1.483543
1.520355
1.501892
1.491219
1.509095
1.516306
1.490765
1.513629
1.505332
1.507790
1.507310
1.520250
1.515821
1.513316
1.499043
1.476323
1.522858
1.547842
1.551475
1.494006
1.490280
1.504962
1.512331
1.492213
1.528639
1.536336
1.502282
1.493232
1.512908
1.501523
1.489518
1.503893
1.504036
1.527177
1.530845
1.528355
1.516298
1.514479
1.523625
1.488829
1.504350
1.483291
1.495955
1.495002
1.495845
1.510511
1.505551
1.500722
1.506151
1.507104
1.490990
1.522263
1.530900
1.535623
1.500880
1.517489
1.491200
1.506761
1.505824
1.502976
1.497549
1.505480
1.515585
1.535184
1.521162
1.548349
1.490468
1.508646
1.496749
1.507846
1.495466
1.516622
1.528414
1.530723
1.489567
1.503982
1.547442
1.539380
1.558266
1.533512
1.564512
1.496685
1.482922
1.500452
1.534766
1.548327
1.503541
1.499942
1.499754
1.534419
1.518222
1.499521
1.512690
1.505048
1.494561
1.508596
1.511872
1.498891
1.523187
1.518404
1.499163
1.516276
1.517181
1.502694
1.518821
1.512388
1.515440
1.513667
1.510990
1.502474
1.508701
1.513195
1.510646
1.525780
1.503285
1.500148
1.487384
1.498705
1.493377
1.515112
1.524953
1.518384
1.508546
1.527465
1.514192
1.522460
1.518387
1.518433
1.496086
1.529068
1.512928
1.509458
1.495501
1.499126
1.499542
1.506838
1.489703
1.532441
1.515541
1.514355
1.519027
1.501174
1.515081
1.514671
1.493105
1.515383
1.457769
1.471660
1.497212
1.495058
1.495317
1.502984
1.510082
1.524517
1.505854
1.517663
1.500971
1.505406
1.495597
1.516967
1.544435
1.499487
1.517934
1.538140
1.483404
1.501737
1.506138
1.524698
1.529879
1.492300
1.494522
1.496954
1.528218
1.535669
1.505781
1.503022
1.494675
1.489442
1.480964
1.546784
1.538768
1.507145
1.514308
1.511215
1.503793
1.498039
1.501725
1.507579
1.520533
1.505100
1.508982
1.497699
1.483574
1.477697
1.510027
1.503342
1.504727
1.503597
1.511801
1.511197
1.497001
1.493836
1.495181
1.510411
1.500631
1.511592
1.494593
1.488109
1.502338
1.492362
1.478665
1.508271
1.801328
1.827838
1.539644
1.547899
1.513264
1.536095
1.548190
1.497061
1.483689
1.509654
1.527058
1.520078
1.493519
1.504161
1.498786
1.535221
1.531205
1.510333
1.519530
1.489539
1.481698
1.474706
1.513320
1.516953
1.513233
1.515375
1.511262
1.512839
1.506354
1.502962
1.524675
1.520016
1.495692
1.515663
1.484969
1.489015
1.480095
1.488229
1.506856
1.493228
1.495946
1.508764
1.477164
1.513689
3.029929
2.968891
3.045069
1.595973
1.630975
1.519474
1.564479
1.554794
1.494570
1.518721
1.515229
1.528327
1.545462
1.543361
1.553999
1.508535
1.503062
1.512552
1.527461
1.518107
1.504398
1.522275
1.524734
1.477245
1.499233
1.515824
1.512983
1.533631
1.490556
1.510940
1.502565
1.520260
1.533979
1.500464
1.519334
1.483674
1.494425
1.473070
1.519022
1.529964
1.507562
1.499459
1.522592
1.503069
1.502070
1.501341
1.478247
1.471028
1.524103
1.542073
1.503284
1.488248
1.498185
1.527275
1.525047
1.483142
1.494138
1.493275
1.518487
1.519220
1.518376
1.523312
1.509840
1.506695
1.499611
1.512458
1.488176
1.514488
1.490449
1.492896
1.508273
1.512013
1.515942
1.508682
1.530314
1.511455
1.483407
1.489503
1.494667
1.518171
1.498062
1.498249
1.495924
1.496650
1.487462
1.525114
1.518337
1.518315
1.507981
1.509935
1.527446
1.522983
1.536077
1.495013
1.512694
1.485851
1.503031
1.501172
1.493976
1.512352
1.479775
1.479057
1.469949
1.492471
1.490955
1.533279
1.512301
1.509040
1.484264
1.494129
1.496220
1.497858
1.504178
1.507278
1.488079
1.508117
1.517641
1.512191
1.502279
1.506439
1.497532
1.500633
1.477763
1.509428
1.496937
1.494470
1.510977
1.492564
1.506354
1.505589
1.475984
1.482067
1.499042
1.509322
1.503915
1.495934
1.500093
1.488993
1.481975
1.527501
1.513298
1.536390
1.529235
1.492252
1.471772
1.522101
1.525238
1.535197
1.493581
1.507050
1.500044
1.523445
1.529007
1.512001
1.507979
1.502585
1.533029
1.531594
1.526137
1.522567
1.505952
1.506901
1.507977
1.510567
1.498621
1.499986
1.506347
1.496426
1.502594
1.507400
1.504675
1.504927
1.511943
1.499366
1.504996
1.514988
1.506888
1.508924
1.513469
1.495543
1.510139
1.491900
1.509421
1.526930
1.530791
1.488772
1.483516
1.497019
1.500866
1.512999
1.508312
1.524818
1.524141
1.516776
1.612845
1.510475
1.537307
1.549232
1.483751
1.505715
1.511620
1.522434
1.543071
1.509658
1.506625
1.514416
1.544786
1.556890
1.559726
1.555965
1.501840
1.515700
1.519110
1.523624
1.547049
1.494802
1.517524
1.520578
1.468965
1.479411
1.506486
1.500865
1.504901
1.508146
1.518848
1.498470
1.508061
1.537214
1.521839
1.529641
1.493114
1.498878
1.513675
1.508026
1.508961
1.506531
1.521181
1.532423
1.481683
1.484638
1.491900
1.524302
1.542941
1.460018
1.489013
1.474881
1.469929
1.467487
1.508789
1.483108
1.526530
1.533529
1.519233
1.496274
1.500058
1.495548
1.512501
1.500757
1.491348
1.490976
1.502318
1.501911
1.496070
1.471788
1.502969
1.502261
1.485167
1.482281
1.509177
1.503693
1.488425
1.500529
1.499735
1.483989
1.493352
1.509723
1.519124
1.504476
1.507197
1.483952
1.511229
1.504255
1.470387
1.527825
1.539149
1.504500
1.524234
1.524340
1.524629
1.542854
1.521551
1.492532
1.514815
1.520244
1.527152
1.517696
1.503872
1.490124
1.511614
1.529140
1.505072
1.497274
1.481391
1.534301
1.554140
1.492805
1.534080
1.540615
1.493621
1.503995
1.503605
1.513863
1.505871
1.521538
1.509068
1.493071
1.495909
1.492051
1.498141
1.505376
1.495790
1.488038
1.495029
1.550457
1.559519
1.488007
1.521984
1.521022
1.520277
1.505975
1.496250
1.489727
1.526943
1.499946
1.481856
1.514919
1.513079
1.522909
1.500094
1.515277
1.486123
1.498266
1.523077
1.493771
1.501650
1.484693
1.489563
1.496190
1.511081
1.507341
1.483284
1.494452
1.482201
1.500711
1.516120
1.503047
1.512181
1.498786
1.521100
1.529222
1.542627
1.514214
1.535711
1.517899
1.528942
1.488686
1.513839
1.487469
1.489044
1.491821
1.491149
1.510323
1.510627
1.516145
1.493278
1.538416
1.523478
1.527682
1.524184
1.505388
1.504373
1.501983
1.481275
1.534317
1.527739
1.503544
1.473615
1.482014
1.505739
1.502439
1.513905
1.521795
1.534797
1.525452
1.535609
1.497167
1.518290
1.530340
1.501877
1.513325
1.507174
1.520241
1.528742
1.495541
1.476883
1.493847
1.493604
1.509916
1.511810
1.496496
1.504372
1.528193
1.555150
1.521391
1.526719
1.508192
1.510185
1.505689
1.520616
1.526901
1.476837
1.487022
1.492360
1.509371
1.521032
1.534245
1.535727
1.543489
1.508390
1.501873
1.495087
1.499427
1.503901
1.538337
1.577539
1.468778
1.506591
1.522323
1.511598
1.515851
1.520509
1.523430
1.534044
1.490679
1.493150
1.528741
1.514219
1.532902
1.480356
1.520895
1.520340
1.545746
1.538232
1.507177
1.516442
1.497457
1.521443
1.518111
1.499873
1.543636
1.498575
1.492206
1.502553
1.520782
1.524378
1.518913
1.530656
1.519907
1.513347
1.513410
1.505947
1.501715
1.511549
1.510764
1.494945
1.514672
1.521208
1.526851
1.523908
1.524470
1.470667
1.474054
1.487440
1.498935
1.523130
1.480427
1.488794
1.508637
1.501202
1.499765
1.507785
1.548486
1.545934
1.498376
1.503781
1.488890
1.477284
1.487987
1.486891
1.507801
1.483324
1.478374
1.503517
1.499382
1.504117
1.516104
1.506729
1.506781
1.530293
1.520607
1.504278
1.508548
1.554369
1.502591
1.496446
1.507573
1.514753
1.514254
1.517311
1.541059
1.492154
1.509657
1.514854
1.499027
1.478639
1.539487
1.538820
1.514628
1.518256
1.525393
1.497722
1.513278
1.501605
1.484162
1.505545
1.494396
1.517410
1.513526
1.498206
1.494840
1.514502
1.501907
1.516834
1.502266
1.501380
1.491453
1.492455
1.468822
1.493483
1.516940
1.500184
1.524148
1.521895
1.497897
1.483429
1.483989
1.496500
1.496404
1.510673
1.527213
1.520995
1.531922
1.497549
1.500161
1.518043
1.522994
1.495387
1.509888
1.518801
1.496625
1.501976
1.501150
1.497149
1.503942
1.509921
1.518418
1.530937
1.515551
1.478199
1.479189
1.512347
1.503215
1.501017
1.516944
1.499478
1.502291
1.487928
1.511035
1.515660
1.500640
1.525646
1.554904
1.514579
1.539010
1.514593
1.498257
1.543513
1.539749
1.510783
1.530320
1.492430
1.475896
1.505511
1.504254
1.486355
1.521954
1.504097
1.499385
1.516036
1.545246
1.527467
1.553461
1.554762
1.502815
1.513003
1.508997
1.513249
1.516823
1.487825
1.503825
1.512567
1.513800
1.512925
1.476277
1.485150
1.517453
1.511295
1.519932
1.513528
1.495596
1.505100
1.510905
1.499498
1.513788
1.522343
1.595677
1.603076
1.602806
1.506904
1.526119
1.490210
1.491129
1.505444
1.499308
1.527342
1.491451
1.481062
1.469173
1.521283
1.519082
1.479520
1.516140
1.518440
1.494429
1.510435
1.500119
1.510537
1.499488
1.500577
1.516000
1.508766
1.519924
1.539011
1.514660
1.527690
1.481413
1.492492
1.506389
1.488412
1.496267
1.518664
1.526527
1.533313
1.509377
1.512732
1.487696
1.494069
1.492287
1.512159
1.522524
1.520533
1.523009
1.535894
1.516073
1.503306
1.506599
1.521640
1.525064
1.511947
1.490425
1.503376
1.513798
1.910292
1.485902
1.528243
1.491262
1.469106
1.484277
1.496246
1.523280
1.487668
1.509219
1.526922
1.505647
1.524723
1.523592
1.541511
1.539248
1.480915
1.492009
1.519470
1.529345
1.530048
1.526926
1.543604
1.485417
1.515491
1.546636
1.496417
1.517201
1.500488
1.497550
1.504515
1.495079
1.515047
1.476083
1.498425
1.507780
1.486873
1.485075
1.484784
1.509166
1.499125
1.501546
1.484755
1.519733
1.519457
1.523591
1.501696
1.503143
1.497383
1.492028
1.507122
1.486756
1.480707
1.527065
1.508122
1.506049
1.481949
1.496690
1.506107
1.519520
1.500449
1.502599
1.469816
1.506684
1.506001
1.510886
1.494665
1.498827
1.500651
1.530334
1.546353
1.502556
1.487821
1.499444
1.496652
1.500406
1.515614
1.500126
1.523027
1.539879
1.501038
1.511088
1.507759
1.524964
1.503150
1.516131
1.485147
1.483688
1.495139
1.511729
1.500855
1.520380
1.502493
1.497280
1.501429
1.516908
1.506080
1.502711
1.489002
1.485006
1.500439
1.519343
1.500857
1.525547
1.513089
1.512917
1.536516
1.555784
1.517981
1.503181
1.509686
1.510379
1.510001
1.517325
1.509311
1.523918
1.518412
1.529406
1.495448
1.484650
1.485024
1.504639
1.511584
1.496332
1.510787
1.513939
1.484339
1.534122
1.519336
1.581594
1.580025
1.513076
1.497498
1.517852
1.521323
1.532554
1.486956
1.480469
1.524804
1.509017
1.504030
1.533670
1.524979
1.491628
1.505521
1.498965
1.520356
1.508744
1.505407
1.736584
5.226124
1.640110
1.699649
1.444467
1.469432
1.478969
1.515560
1.500106
1.515675
1.514630
1.559827
1.502775
1.526845
1.505604
1.507579
1.512873
1.515693
1.525342
1.510183
1.532471
1.531701
1.500345
1.513187
1.485537
1.495153
1.519356
1.503403
1.510991
1.505305
1.515082
1.505401
1.500620
1.500674
1.489342
1.491526
1.510475
1.479134
1.492557
1.517367
1.506703
1.523186
1.498615
1.514562
1.512407
1.502120
1.503220
1.523215
1.530446
1.509590
1.508959
1.504778
1.492026
1.513281
1.477418
1.485167
1.469345
1.508741
1.504714
1.507005
1.519576
1.513813
1.499054
1.496318
1.506640
1.496001
1.484359
1.513538
1.493199
1.507013
1.510457
1.489161
1.483847
1.486375
1.509196
1.500531
1.497359
1.495991
1.501241
1.523072
1.492801
1.509205
1.515708
1.506686
1.480588
1.493649
1.478091
1.498187
1.508895
1.495165
1.504822
1.514723
1.508325
1.500594
1.485193
1.481947
1.487108
1.523294
1.513735
1.521964
1.520136
1.507293
1.522265
1.511022
1.489896
1.476224
1.514491
1.466982
1.466624
1.514938
1.516497
1.513469
1.484810
1.473228
1.478587
1.505147
1.501410
1.490191
1.488283
1.493969
1.487811
1.484290
1.496843
1.512637
1.524194
1.526418
1.507747
1.500390
1.513389
1.505082
1.502414
1.522361
1.478586
1.514812
1.480923
1.494056
1.489777
1.506676
1.506905
1.495176
1.479581
1.500605
1.492769
1.494790
1.496460
1.483475
1.514319
1.492765
1.485015
1.482905
1.501006
1.512533
1.504537
1.513374
1.532088
1.529931
1.534315
1.517331
1.553356
1.511531
1.513190
1.532367
1.533476
1.531670
1.503157
1.537389
1.541616
1.494838
1.469836
1.534257
1.526882
1.538276
1.511654
1.494655
1.506147
1.515521
1.528478
1.495585
1.518878
1.510989
1.495838
1.486008
1.521972
1.511007
1.480962
1.511303
1.520162
1.506253
1.524557
1.503294
1.498360
1.505741
1.507103
1.513936
1.511700
1.513087
1.507326
1.511482
1.516872
1.515475
1.519518
1.532925
1.483934
1.499267
1.499678
1.508672
1.499422
1.500814
1.496716
1.507402
1.520622
1.499215
1.519693
1.501403
1.510571
1.501740
1.503605
1.506190
1.499039
1.505813
1.493133
1.508069
1.497799
1.489344
1.538048
1.532650
1.508583
1.487977
1.503624
1.496973
1.496136
1.495766
1.497075
1.502353
1.518726
1.519468
1.515336
1.478044
1.497780
1.508104
1.608744
1.631432
1.502992
1.508627
1.504376
1.496936
1.527404
1.492639
1.475953
1.524810
1.529342
1.540506
1.508065
1.527652
1.480464
1.501605
1.486349
1.525670
1.506346
1.496204
1.488969
1.494260
1.514899
1.511148
1.537495
1.513054
1.538667
1.493831
1.489364
1.487895
1.489459
1.496100
1.550262
1.548810
1.505539
1.512980
1.539216
1.523690
1.539720
1.529926
1.526389
1.537066
1.517535
1.503472
1.500108
1.505346
1.509376
1.507492
1.525276
1.497201
1.496662
1.527159
1.486583
1.476898
1.498002
1.517285
1.513990
1.491439
1.511501
1.492382
1.468565
1.474758
1.506602
1.512106
1.485468
1.505675
1.542437
1.510015
1.496933
1.510858
1.526755
1.522078
1.498359
1.510494
1.523441
1.502238
1.522767
1.511927
1.506072
1.531179
1.530703
1.521419
1.508928
1.499806
1.514320
1.525755
