1.493555
1.591681
1.731496
1.773487
1.795108
1.827736
1.839828
1.840868
1.845168
1.828686
1.856757
1.839816
1.830356
1.846710
1.847252
1.848320
1.832998
1.855947
1.853808
1.858000
1.886292
1.866050
1.878106
1.895179
1.865904
1.859142
1.876064
1.858591
1.859473
1.868865
1.865273
1.844359
1.861336
1.868006
1.873394
1.865328
1.841376
1.866209
1.854685
1.854676
1.860151
1.866996
1.872716
1.874341
1.879864
1.854969
1.868876
1.866201
1.870882
1.870841
1.875899
1.875977
1.879922
1.868721
1.829418
1.819258
1.841756
1.852587
1.874408
1.870581
1.877917
1.863911
1.847879
1.864039
1.868473
1.868982
1.858935
1.865970
1.872860
1.856586
1.851786
1.871104
1.858011
1.865023
1.881215
1.885040
1.855642
1.878074
1.868815
1.864929
1.864374
1.849044
1.855887
1.857329
1.859909
1.857408
1.872502
1.852067
1.839097
1.848391
1.852963
1.873751
1.858528
1.840245
1.856321
1.861403
1.874648
1.864341
1.870850
1.872207
1.853049
1.859093
1.852985
1.868181
1.870484
1.882213
1.858913
1.853841
1.850750
1.853689
1.861289
1.883084
1.868533
1.862017
1.866321
1.861912
1.856506
1.883104
1.849086
1.845172
1.882719
1.874808
1.841393
1.843671
1.853289
1.850325
1.847220
1.838352
1.851140
1.861502
1.849333
1.832624
1.854892
1.847550
1.824207
1.821695
1.821857
1.837208
1.840854
1.865625
1.859253
1.867467
1.880671
1.876245
1.855248
1.866471
1.848889
1.854562
1.859375
1.849547
1.852467
1.856042
1.830661
1.835262
1.849926
1.852574
1.878063
1.881222
1.866227
1.881673
1.875401
1.874677
1.878720
1.873160
1.864199
1.858156
1.857049
1.837835
1.846974
1.838203
1.864124
1.870625
1.832855
1.859100
1.878481
1.852615
1.846426
1.854973
1.866155
1.875661
1.880654
1.896365
1.877163
1.861941
1.867566
1.861868
1.861353
1.866645
1.853874
1.849291
1.845873
1.858579
1.860735
1.864198
1.878064
1.891159
1.884845
1.874745
1.903030
1.913831
1.919855
1.916107
1.898248
1.878963
1.877602
1.863766
1.861616
1.830950
1.844031
1.851116
1.857740
1.859277
1.875398
1.849011
1.862743
1.847786
1.849620
1.853681
1.871754
1.859015
1.836788
1.848578
1.839167
1.846465
1.884361
1.889874
1.846837
1.853312
1.832934
1.860783
1.869348
1.835355
1.818720
1.821406
1.851301
1.828913
1.861050
1.854506
1.830358
1.839254
1.833021
1.834828
1.797144
1.813079
1.859602
1.851698
1.841995
1.844062
1.850166
1.840799
1.827732
1.823262
1.838358
1.865847
1.860367
1.864503
1.887396
1.878133
1.867627
1.878317
1.866802
1.853733
1.848933
1.847743
1.857171
1.832985
1.836787
1.812378
1.835950
1.843125
1.817804
1.839869
1.827010
1.820237
1.801700
1.804478
1.792255
1.826797
1.848095
1.846707
1.833588
1.832357
1.830774
1.828424
1.842625
1.849032
1.848800
1.882895
1.876781
1.874059
1.861716
1.857085
1.860506
1.832251
1.825116
1.839940
1.825191
1.825316
1.836502
1.825659
1.833529
1.851770
1.846295
1.839036
1.844689
1.852341
1.844963
1.818086
1.830163
1.860149
1.844429
1.839506
1.859273
1.884978
1.874571
1.849883
1.834490
1.830829
1.817879
1.824479
1.846878
1.872513
1.879618
1.876621
1.882918
1.864905
1.860132
1.858928
1.883679
1.871437
1.876058
1.852130
1.831264
1.837120
1.844088
1.839541
1.841725
1.873468
1.857826
1.853003
1.834794
1.829300
1.833509
1.849183
1.829556
1.824341
1.831879
1.838651
1.830373
1.832692
1.855010
1.848653
1.850716
1.858424
1.862104
1.853939
1.831929
1.819465
1.829448
1.857091
1.868863
1.868806
1.889810
1.897440
1.879644
1.864887
1.850406
1.861723
1.860333
1.884680
1.857766
1.856810
1.876196
1.846627
1.864124
1.868600
1.890160
1.899973
1.900481
1.892685
1.885226
1.884580
1.887682
1.873626
1.872689
1.857939
1.840827
1.822366
1.823526
1.835168
1.831739
1.848229
1.840239
1.816897
1.835916
1.845524
1.825363
1.836621
1.828668
1.851797
1.855944
1.843683
1.851147
1.868284
1.859418
1.845157
1.864578
1.870413
1.859765
1.860645
1.857093
1.877142
1.878077
1.888673
1.885806
1.872627
1.852739
1.876429
1.884124
1.882059
1.877517
1.888855
1.893984
1.867172
1.837716
1.829818
1.833945
1.817624
1.827321
1.830913
1.833191
1.848043
1.852977
1.858727
1.838601
1.838600
1.840325
1.842524
1.842356
1.870690
1.866615
1.898796
1.895760
1.888822
1.875549
1.875845
1.841653
1.828324
1.841784
1.858100
1.860699
1.861528
1.860724
1.869154
1.895015
1.884178
1.884306
1.863844
1.847866
1.861557
1.863211
1.873163
1.843720
1.856517
1.852999
1.878508
1.869597
1.861555
1.877915
1.861433
1.854558
1.849821
1.834438
1.874961
1.865961
1.858101
1.838546
1.844561
1.841735
1.847595
1.852460
1.850944
1.850543
1.879315
1.842858
1.857453
1.848467
1.851325
1.853144
1.860439
1.865698
1.848588
1.851872
1.850408
1.863153
1.842295
1.840980
1.845699
1.860755
1.869842
1.878895
1.887074
1.861228
1.867457
1.879391
1.853556
1.844502
1.835462
1.854986
1.865533
1.877224
1.853568
1.867631
1.847178
1.843968
1.862897
1.872141
1.850169
1.862806
1.850814
1.871832
1.873475
1.861574
1.870534
1.873251
1.873647
1.875234
1.887007
1.873507
1.883246
1.882906
1.883600
1.865970
1.875899
1.861242
1.881487
1.873101
1.888666
1.882942
1.874119
1.864532
1.868956
1.861933
1.828916
1.848139
1.864425
1.863160
1.849957
1.860708
1.836709
1.849138
1.846058
1.845668
1.884715
1.890585
1.880019
1.842758
1.867944
1.867945
1.853074
1.865331
1.854425
1.837293
1.848852
1.832884
1.832197
1.841824
1.830770
1.836624
1.855732
1.849256
1.863750
1.861512
1.855920
1.876430
1.866454
1.876768
1.848551
1.837099
1.865685
1.855272
1.819909
1.851060
1.862235
1.859520
1.832696
1.847687
1.844695
1.841500
1.856653
1.874269
1.863566
1.842825
1.855675
1.849426
1.844032
1.854590
1.895420
1.890917
1.880111
