-0.474313
-0.572563
-0.712405
-0.754362
-0.776009
-0.808679
-0.820718
-0.821834
-0.826121
-0.809571
-0.837673
-0.820681
-0.811252
-0.827678
-0.828176
-0.829253
-0.813852
-0.836898
-0.834672
-0.838943
-0.867227
-0.846988
-0.859050
-0.876166
-0.846865
-0.840147
-0.857036
-0.839501
-0.840443
-0.849840
-0.846183
-0.825177
-0.842291
-0.848906
-0.854341
-0.846238
-0.822233
-0.847152
-0.835603
-0.835602
-0.841087
-0.847936
-0.853560
-0.855222
-0.860828
-0.835798
-0.849825
-0.847147
-0.851854
-0.851688
-0.856795
-0.856825
-0.860876
-0.849656
-0.810308
-0.800157
-0.822629
-0.833513
-0.855311
-0.851540
-0.858866
-0.844841
-0.828789
-0.844955
-0.849386
-0.849887
-0.839839
-0.846860
-0.853749
-0.837499
-0.832611
-0.852044
-0.838895
-0.845954
-0.862165
-0.865975
-0.836582
-0.858999
-0.849749
-0.845866
-0.845289
-0.829936
-0.836789
-0.838198
-0.840877
-0.838371
-0.853391
-0.832977
-0.820018
-0.829313
-0.833865
-0.854617
-0.839488
-0.821152
-0.837242
-0.842294
-0.855614
-0.845273
-0.851784
-0.853185
-0.833925
-0.840004
-0.833917
-0.849080
-0.851434
-0.863109
-0.839798
-0.834724
-0.831644
-0.834585
-0.842219
-0.864008
-0.849505
-0.842931
-0.847277
-0.842844
-0.837378
-0.864032
-0.830017
-0.826077
-0.863636
-0.855744
-0.822310
-0.824529
-0.834192
-0.831259
-0.828107
-0.819257
-0.832019
-0.842418
-0.830289
-0.813491
-0.835791
-0.828481
-0.805109
-0.802582
-0.802740
-0.818161
-0.821818
-0.846571
-0.840154
-0.848442
-0.861653
-0.857154
-0.836221
-0.847362
-0.829799
-0.835493
-0.840253
-0.830455
-0.833355
-0.836963
-0.811525
-0.816153
-0.830890
-0.833463
-0.858966
-0.862114
-0.847180
-0.862626
-0.856297
-0.855645
-0.859660
-0.854078
-0.845089
-0.839099
-0.837976
-0.818766
-0.827856
-0.819004
-0.845013
-0.851592
-0.813815
-0.840024
-0.859445
-0.833521
-0.827309
-0.835900
-0.847033
-0.856520
-0.861572
-0.877275
-0.858034
-0.842831
-0.848511
-0.842821
-0.842251
-0.847565
-0.834790
-0.830237
-0.826770
-0.839561
-0.841672
-0.845037
-0.858947
-0.872053
-0.865754
-0.855649
-0.883951
-0.894825
-0.900790
-0.897062
-0.879131
-0.859876
-0.858467
-0.844707
-0.842555
-0.811816
-0.824965
-0.832015
-0.838653
-0.840201
-0.856343
-0.829890
-0.843687
-0.828677
-0.830597
-0.834579
-0.852669
-0.839940
-0.817641
-0.829513
-0.820159
-0.827394
-0.865322
-0.870849
-0.827731
-0.834203
-0.813818
-0.841773
-0.850281
-0.816267
-0.799623
-0.802349
-0.832236
-0.809761
-0.841979
-0.835374
-0.811274
-0.820183
-0.813902
-0.815765
-0.778068
-0.793996
-0.840512
-0.832649
-0.822801
-0.824966
-0.831074
-0.821713
-0.808601
-0.804191
-0.819232
-0.846743
-0.841245
-0.845396
-0.868294
-0.859028
-0.848537
-0.859212
-0.847725
-0.834666
-0.829872
-0.828664
-0.838091
-0.813865
-0.817716
-0.793287
-0.816852
-0.824104
-0.798649
-0.820776
-0.807913
-0.801117
-0.782521
-0.785316
-0.773144
-0.807725
-0.829021
-0.827670
-0.814467
-0.813268
-0.811627
-0.809287
-0.823503
-0.829901
-0.829751
-0.863830
-0.857730
-0.854968
-0.842589
-0.838052
-0.841404
-0.813088
-0.806030
-0.820908
-0.806075
-0.806238
-0.817425
-0.806552
-0.814388
-0.832687
-0.827219
-0.819920
-0.825614
-0.833297
-0.825854
-0.798947
-0.811058
-0.841126
-0.825336
-0.820447
-0.840134
-0.865926
-0.855522
-0.830807
-0.815389
-0.811758
-0.798771
-0.805341
-0.827767
-0.853472
-0.860534
-0.857560
-0.863869
-0.845854
-0.840993
-0.839763
-0.864578
-0.852405
-0.857013
-0.833045
-0.812157
-0.818041
-0.825023
-0.820450
-0.822566
-0.854414
-0.838742
-0.833996
-0.815664
-0.810181
-0.814335
-0.830098
-0.810446
-0.805263
-0.812827
-0.819577
-0.811218
-0.813577
-0.835903
-0.829513
-0.831583
-0.839333
-0.843021
-0.834796
-0.812864
-0.800361
-0.810322
-0.838029
-0.849740
-0.849699
-0.870692
-0.878397
-0.860581
-0.845788
-0.831350
-0.842638
-0.841269
-0.865607
-0.838659
-0.837711
-0.857130
-0.827529
-0.845083
-0.849556
-0.871124
-0.880883
-0.881405
-0.873578
-0.866230
-0.865488
-0.868632
-0.854531
-0.853619
-0.838879
-0.821688
-0.803244
-0.804469
-0.816074
-0.812715
-0.829153
-0.821131
-0.797759
-0.816801
-0.826408
-0.806298
-0.817566
-0.809565
-0.832692
-0.836893
-0.824553
-0.832082
-0.849240
-0.840320
-0.826120
-0.845519
-0.851344
-0.840664
-0.841600
-0.837934
-0.858039
-0.859032
-0.869582
-0.866736
-0.853598
-0.833662
-0.857345
-0.865099
-0.862987
-0.858379
-0.869756
-0.874930
-0.848082
-0.818611
-0.810754
-0.814863
-0.798476
-0.808213
-0.811874
-0.814065
-0.828985
-0.833948
-0.839653
-0.819476
-0.819466
-0.821260
-0.823361
-0.823239
-0.851614
-0.847521
-0.879731
-0.876688
-0.869745
-0.856440
-0.856796
-0.822576
-0.809267
-0.822728
-0.839119
-0.841605
-0.842451
-0.841675
-0.850114
-0.875939
-0.865047
-0.865232
-0.844810
-0.828824
-0.842461
-0.844171
-0.854085
-0.824579
-0.837456
-0.833916
-0.859429
-0.850509
-0.842503
-0.858840
-0.842303
-0.835474
-0.830728
-0.815337
-0.855896
-0.846871
-0.839020
-0.819440
-0.825467
-0.822665
-0.828491
-0.833413
-0.831830
-0.831420
-0.860286
-0.823657
-0.838347
-0.829358
-0.832214
-0.834073
-0.841387
-0.846676
-0.829548
-0.832683
-0.831338
-0.844100
-0.823218
-0.821842
-0.826669
-0.841619
-0.850635
-0.859835
-0.868002
-0.842205
-0.848390
-0.860326
-0.834439
-0.825406
-0.816361
-0.835892
-0.846468
-0.858149
-0.834469
-0.848558
-0.828080
-0.824832
-0.843773
-0.853109
-0.831077
-0.843770
-0.831689
-0.852734
-0.854360
-0.842501
-0.851520
-0.854148
-0.854521
-0.856179
-0.867922
-0.854533
-0.864212
-0.863867
-0.864555
-0.846883
-0.856801
-0.842159
-0.862429
-0.854018
-0.869580
-0.863817
-0.855049
-0.845442
-0.849899
-0.842903
-0.809839
-0.829058
-0.845314
-0.844041
-0.830847
-0.841658
-0.817572
-0.830051
-0.826986
-0.826599
-0.865705
-0.871542
-0.860898
-0.823626
-0.848894
-0.848952
-0.833975
-0.846291
-0.835324
-0.818139
-0.829721
-0.813811
-0.813081
-0.822703
-0.811664
-0.817568
-0.836639
-0.830155
-0.844688
-0.842422
-0.836817
-0.857377
-0.847372
-0.857721
-0.829401
-0.817949
-0.846626
-0.836183
-0.800819
-0.831959
-0.843198
-0.840463
-0.813614
-0.828644
-0.825624
-0.822417
-0.837597
-0.855323
-0.844516
-0.823692
-0.836530
-0.830300
-0.824949
-0.835481
-0.876354
-0.871879
-0.861086
