1.490543
1.687804
2.061288
2.360029
2.524082
2.616246
2.670940
2.725257
2.767832
2.771239
2.867119
2.923775
2.998408
3.032387
3.066886
3.098978
3.159862
3.182013
3.176637
3.190003
3.221927
3.252711
3.269538
3.297778
3.313194
3.338894
3.359016
3.399794
3.410725
3.421646
3.424626
3.451008
3.458650
3.464631
3.429666
3.435089
3.483770
3.513454
3.505748
3.550738
3.558341
3.551003
3.552265
3.557582
3.524389
3.554371
3.566144
3.580084
3.586530
3.592700
3.576681
3.602949
3.604803
3.639896
3.670819
3.661536
3.663018
3.650312
3.667497
3.675310
3.704568
3.730103
3.720884
3.730793
3.748736
3.779601
3.777177
3.753310
3.776629
3.805157
3.824090
3.841310
3.841798
3.810203
3.838047
3.869646
3.931219
3.939124
3.944922
4.089427
4.132966
4.168213
4.216273
4.241111
4.264511
4.307103
4.310585
4.314666
4.317530
4.346307
4.378832
4.400625
4.418833
4.520464
4.526139
4.633610
4.636247
4.625723
4.669236
4.649690
