-1.037607
-1.043993
-1.053056
-1.033992
-1.009709
-1.004524
-1.003017
-1.021480
-1.040622
-1.026520
-1.103807
-1.136953
-1.184212
-1.197593
-1.212092
-1.227139
-1.273251
-1.277103
-1.248976
-1.243441
-1.258691
-1.273928
-1.275567
-1.288756
-1.284392
-1.287511
-1.288615
-1.311523
-1.307993
-1.307258
-1.308418
-1.330737
-1.335585
-1.339753
-1.297415
-1.291071
-1.324701
-1.335424
-1.313172
-1.351797
-1.352279
-1.338919
-1.334594
-1.331498
-1.291703
-1.317162
-1.325727
-1.337176
-1.340862
-1.338218
-1.304121
-1.320629
-1.311385
-1.338770
-1.362083
-1.341374
-1.327476
-1.301013
-1.311124
-1.312738
-1.330302
-1.342579
-1.319340
-1.307877
-1.306539
-1.322899
-1.309349
-1.272936
-1.281877
-1.295442
-1.302746
-1.312583
-1.306967
-1.269513
-1.287193
-1.299688
-1.331811
-1.308906
-1.288817
-1.198723
-1.260911
-1.267472
-1.294470
-1.303689
-1.294637
-1.311403
-1.287995
-1.275972
-1.266974
-1.284162
-1.290265
-1.273971
-1.248307
-1.272106
-1.241161
-1.321440
-1.305029
-1.276397
-1.298895
-1.261086
