1.502553
1.590231
1.708459
1.746479
1.767429
1.781653
1.787492
1.820821
1.821816
1.834549
1.838793
1.828699
1.850628
1.834589
1.834406
1.855200
1.809046
1.828854
1.836213
1.864449
1.845886
1.825759
1.842914
1.859821
1.840704
1.818686
1.819814
1.841075
1.871753
1.879814
1.846010
1.852531
1.857477
1.841527
1.832190
1.851772
1.875017
1.873294
1.875821
1.866197
1.854881
1.864090
1.849555
1.858158
1.862308
1.878022
1.877509
1.878135
1.857487
1.875370
1.873826
1.883429
1.869535
1.873793
1.858219
1.875464
1.872094
1.880164
1.868673
1.862488
1.854683
1.866219
1.868550
1.875382
1.875164
1.861151
1.847809
1.849373
1.862810
1.845063
1.857477
1.875944
1.863569
1.862471
1.881681
1.865488
1.825288
1.851243
1.854956
1.831078
1.861431
1.862167
1.873079
1.844114
1.825940
1.844236
1.859360
1.875617
1.850568
1.846505
1.839817
1.855202
1.874429
1.886692
1.867273
1.879220
1.866791
1.839687
1.818275
1.835723
1.824412
1.836511
1.827512
1.858179
1.859390
1.853122
1.859040
1.837705
1.834799
1.838678
1.835510
1.829137
1.837191
1.859377
1.878888
1.851262
1.847914
1.846090
1.841386
1.852108
1.876857
1.825016
1.834751
1.849289
1.854069
1.855275
1.858768
1.867083
1.852706
1.868354
1.871784
1.875702
1.858900
1.849656
1.868340
1.861815
1.868655
1.841949
1.823442
1.851305
1.829710
1.835030
1.845688
1.869649
1.860651
1.841900
1.843676
1.837912
1.814477
1.836141
1.858558
1.842883
1.828758
1.846834
1.868910
1.863513
1.855486
1.856932
1.872462
1.868148
1.888095
1.871702
1.867889
1.880431
1.880350
1.863167
1.862891
1.854809
1.873610
1.875217
1.861009
1.857550
1.879058
1.885696
1.871702
1.847427
1.862459
1.850420
1.858463
1.851443
1.838456
1.844758
1.851458
1.855330
1.859643
1.865325
1.874499
1.873549
1.877170
1.888390
1.895926
1.860818
1.865131
1.847194
1.820717
1.798010
1.810437
1.826994
1.816613
1.858737
1.840757
1.829342
1.827831
1.863431
1.853504
1.859530
1.855327
1.874683
1.851016
1.866814
1.850047
1.846290
1.836984
1.829095
1.853436
1.855252
1.861547
1.841051
1.867114
1.851427
1.844395
1.862677
1.862706
1.842119
1.839962
1.861396
1.855168
1.863195
1.860767
1.866829
1.860965
1.853504
1.873874
1.847509
1.854975
1.850143
1.836313
1.856363
1.852807
1.821436
1.846250
1.835071
1.833184
1.826128
1.843853
1.872001
1.833869
1.867961
1.858434
1.862593
1.881695
1.880051
1.864533
1.873018
1.873493
1.854832
1.874180
1.883016
1.872648
1.883839
1.861445
1.878964
1.881185
1.872409
1.858778
1.875152
1.863277
1.867035
1.884015
1.882861
1.878000
1.897250
1.873253
1.886531
1.871970
1.866941
1.863930
1.862882
1.855330
1.888281
1.867144
1.871820
1.860163
1.856487
1.845678
1.869643
1.873785
1.852100
1.885864
1.895066
1.867134
1.852014
1.871355
1.862068
1.867310
1.870189
1.867854
1.877776
1.881262
1.864461
1.843171
1.822216
1.828315
1.826167
1.815624
1.798677
1.799142
1.812825
1.808187
1.826177
1.839910
1.854430
1.851578
1.830820
1.817494
1.814079
1.838323
1.838558
1.856252
1.845115
1.820518
1.851158
1.850263
1.870260
1.864799
1.843811
1.856798
1.867940
1.884885
1.860355
1.832964
1.843966
1.843505
1.858870
1.866517
1.875162
1.870554
1.849952
1.857670
1.856516
1.846537
1.842011
1.852698
1.873413
1.868783
1.844036
1.835914
1.857043
1.854566
1.873105
1.890488
1.859246
1.857749
1.865423
1.866522
1.867010
1.875232
1.855511
1.864577
1.865671
1.870782
1.866087
1.878886
1.878271
1.905663
1.895618
1.875785
1.858383
1.851867
1.851031
1.870289
1.873939
1.850214
1.851372
1.866086
1.865077
1.871706
1.867156
1.856567
1.862869
1.848742
1.840992
1.871224
1.877074
1.889782
1.872155
1.879581
1.876993
1.865198
1.858103
1.842890
1.859282
1.855930
1.868527
1.842243
1.842690
1.848472
1.865160
1.857535
1.863786
1.879437
1.862010
1.855226
1.827802
1.835985
1.848554
1.835716
1.854496
1.857865
1.840631
1.850348
1.843813
1.837169
1.844427
1.890640
1.869567
1.860592
1.853831
1.862741
1.891444
1.901190
1.858961
1.876790
1.854944
1.871348
1.852840
1.871358
1.859084
1.859131
1.852447
1.878484
1.876885
1.868903
1.874174
1.866363
1.877973
1.883950
1.868411
1.866220
1.848997
1.855200
1.845930
1.848839
1.842754
1.867533
1.857966
1.866979
1.844089
1.837421
1.846164
1.860747
1.877658
1.873589
1.881080
1.865123
1.865660
1.864098
1.858815
1.858741
1.865727
1.860160
1.867109
1.858270
1.849614
1.849684
1.862375
1.844905
1.841538
1.840374
1.840766
1.849017
1.853459
1.849993
1.873071
1.887294
1.871807
1.867283
1.864490
1.873315
1.893616
1.888653
1.896371
1.884917
1.859613
1.859084
1.868208
1.875865
1.865887
1.885381
1.907184
1.868346
1.852509
1.849953
1.859147
1.856068
1.850206
1.846926
1.818693
1.840385
1.852660
1.837756
1.857715
1.851560
1.871567
1.869904
1.864824
1.851000
1.852916
1.869962
1.871518
1.843866
1.862358
1.882912
1.875371
1.881923
1.891819
1.894077
1.882917
1.898019
1.878007
1.883864
1.869436
1.885211
1.871581
1.875214
1.884266
1.876332
1.857266
1.868974
1.879983
1.856940
1.856540
1.846500
1.862551
1.851867
1.844194
1.870729
1.861222
1.848033
1.864472
1.873634
1.888279
1.885910
1.892250
1.886938
1.886350
1.871226
1.873719
1.879664
1.884750
1.877816
1.910181
1.914111
1.885221
1.872386
1.850817
1.840064
1.856078
1.857268
1.863214
1.865588
1.875773
1.868447
1.866171
1.859919
1.879294
1.845824
1.865832
1.877792
1.875132
1.847921
1.842906
1.845834
1.838546
1.844447
1.858050
1.868207
1.854318
1.867736
1.861690
1.850595
1.860475
1.849754
1.881912
1.871707
1.852417
1.846556
1.868497
1.857151
1.856993
1.839001
1.842308
1.847359
1.835000
1.842360
1.869387
1.881436
1.868842
1.868662
1.854882
