-0.484755
-0.572538
-0.690779
-0.728807
-0.749744
-0.764000
-0.769799
-0.803204
-0.804137
-0.816888
-0.821169
-0.811098
-0.833004
-0.816971
-0.816694
-0.837564
-0.791367
-0.811218
-0.818584
-0.846788
-0.828332
-0.808087
-0.825270
-0.842188
-0.823066
-0.801034
-0.802218
-0.823460
-0.854111
-0.862202
-0.828290
-0.834884
-0.839833
-0.823877
-0.814531
-0.834081
-0.857372
-0.855617
-0.858242
-0.848546
-0.837211
-0.846451
-0.831892
-0.840496
-0.844633
-0.860399
-0.859896
-0.860485
-0.839906
-0.857746
-0.856211
-0.865802
-0.851891
-0.856197
-0.840608
-0.857877
-0.854481
-0.862522
-0.851034
-0.844881
-0.836989
-0.848631
-0.850895
-0.857717
-0.857561
-0.843540
-0.830162
-0.831681
-0.845191
-0.827399
-0.839831
-0.858352
-0.845966
-0.844781
-0.864048
-0.847912
-0.807604
-0.833623
-0.837303
-0.813374
-0.843793
-0.844557
-0.855422
-0.826480
-0.808230
-0.826603
-0.841706
-0.858023
-0.832917
-0.828803
-0.822132
-0.837527
-0.856831
-0.869066
-0.849653
-0.861639
-0.849149
-0.821978
-0.800554
-0.818112
-0.806733
-0.818902
-0.809839
-0.840573
-0.841785
-0.835489
-0.841396
-0.820023
-0.817157
-0.821070
-0.817853
-0.811510
-0.819556
-0.841715
-0.861260
-0.833608
-0.830262
-0.828446
-0.823716
-0.834448
-0.859278
-0.807317
-0.817147
-0.831659
-0.836432
-0.837668
-0.841142
-0.849450
-0.835068
-0.850627
-0.854207
-0.858117
-0.841270
-0.831942
-0.850731
-0.844138
-0.851151
-0.824348
-0.805761
-0.833680
-0.812012
-0.817389
-0.828111
-0.852044
-0.843030
-0.824240
-0.826083
-0.820273
-0.796769
-0.818569
-0.840924
-0.825196
-0.811074
-0.829195
-0.851276
-0.845870
-0.837844
-0.839285
-0.854826
-0.850564
-0.870408
-0.854062
-0.850251
-0.862822
-0.862714
-0.845504
-0.845275
-0.837164
-0.855981
-0.857555
-0.843449
-0.839892
-0.861460
-0.868081
-0.854027
-0.829762
-0.844797
-0.832725
-0.840832
-0.833840
-0.820866
-0.827105
-0.833763
-0.837673
-0.841990
-0.847728
-0.856875
-0.855943
-0.859539
-0.870787
-0.878257
-0.843168
-0.847522
-0.829554
-0.803029
-0.780391
-0.792730
-0.809328
-0.798941
-0.841120
-0.823084
-0.811690
-0.810153
-0.845762
-0.835878
-0.841853
-0.837750
-0.857083
-0.833371
-0.849275
-0.832382
-0.828665
-0.819313
-0.811404
-0.835801
-0.837642
-0.843903
-0.823391
-0.849473
-0.833863
-0.826716
-0.845040
-0.845107
-0.824486
-0.822280
-0.843733
-0.837523
-0.845530
-0.843140
-0.849217
-0.843307
-0.835853
-0.856242
-0.829900
-0.837359
-0.832567
-0.818628
-0.838742
-0.835203
-0.803754
-0.828576
-0.817451
-0.815520
-0.808455
-0.826287
-0.854414
-0.816170
-0.850301
-0.840766
-0.844918
-0.864074
-0.862408
-0.846886
-0.855367
-0.855960
-0.837211
-0.856505
-0.865367
-0.854903
-0.866221
-0.843804
-0.861364
-0.863558
-0.854765
-0.841144
-0.857511
-0.845598
-0.849370
-0.866391
-0.865197
-0.860375
-0.879669
-0.855609
-0.868871
-0.854304
-0.849287
-0.846278
-0.845285
-0.837693
-0.870627
-0.849511
-0.854141
-0.842517
-0.838806
-0.828043
-0.851998
-0.856157
-0.834423
-0.868165
-0.877477
-0.849469
-0.834360
-0.853689
-0.844487
-0.849618
-0.852523
-0.850209
-0.860166
-0.863629
-0.846855
-0.825477
-0.804528
-0.810675
-0.808554
-0.797951
-0.780983
-0.781498
-0.795196
-0.790516
-0.808520
-0.822230
-0.836787
-0.833956
-0.813194
-0.799848
-0.796378
-0.820661
-0.820872
-0.838593
-0.827484
-0.802845
-0.833496
-0.832614
-0.852659
-0.847158
-0.826220
-0.839193
-0.850293
-0.867296
-0.842761
-0.815286
-0.826273
-0.825948
-0.841243
-0.848865
-0.857512
-0.852944
-0.832317
-0.840002
-0.838818
-0.828912
-0.824315
-0.835076
-0.855743
-0.851080
-0.826431
-0.818295
-0.839406
-0.836910
-0.855506
-0.872826
-0.841632
-0.840085
-0.847749
-0.848868
-0.849318
-0.857580
-0.837811
-0.846980
-0.847979
-0.853106
-0.848414
-0.861267
-0.860641
-0.888049
-0.877997
-0.858219
-0.840745
-0.834235
-0.833349
-0.852631
-0.856255
-0.832540
-0.833743
-0.848431
-0.847411
-0.854130
-0.849553
-0.838956
-0.845232
-0.831141
-0.823328
-0.853554
-0.859376
-0.872139
-0.854469
-0.861963
-0.859342
-0.847565
-0.840461
-0.825302
-0.841587
-0.838236
-0.850836
-0.824581
-0.825075
-0.830815
-0.847508
-0.839787
-0.846160
-0.861792
-0.844377
-0.837632
-0.810160
-0.818316
-0.830920
-0.818080
-0.836929
-0.840251
-0.822937
-0.832727
-0.826167
-0.819500
-0.826764
-0.873023
-0.851881
-0.842955
-0.836186
-0.845110
-0.873785
-0.883561
-0.841313
-0.859202
-0.837294
-0.853691
-0.835217
-0.853713
-0.841406
-0.841500
-0.834852
-0.860891
-0.859230
-0.851287
-0.856570
-0.848700
-0.860384
-0.866347
-0.850812
-0.848586
-0.831319
-0.837628
-0.828292
-0.831192
-0.825092
-0.849968
-0.840256
-0.849396
-0.826483
-0.819788
-0.828538
-0.843059
-0.860041
-0.855929
-0.863432
-0.847465
-0.847983
-0.846469
-0.841131
-0.841135
-0.848164
-0.842538
-0.849378
-0.840668
-0.832060
-0.832062
-0.844771
-0.827285
-0.823879
-0.822637
-0.823159
-0.831357
-0.835782
-0.832351
-0.855391
-0.869705
-0.854138
-0.849632
-0.846891
-0.855690
-0.876068
-0.870988
-0.878778
-0.867246
-0.841895
-0.841440
-0.850607
-0.858255
-0.848223
-0.867735
-0.889578
-0.850713
-0.834861
-0.832333
-0.841537
-0.838416
-0.832615
-0.829368
-0.801052
-0.822769
-0.834965
-0.820043
-0.840052
-0.833879
-0.853930
-0.852291
-0.847137
-0.833353
-0.835260
-0.852443
-0.853862
-0.826256
-0.844735
-0.865233
-0.857761
-0.864286
-0.874190
-0.876509
-0.865210
-0.880350
-0.860390
-0.866234
-0.851764
-0.867521
-0.853886
-0.857645
-0.866628
-0.858687
-0.839671
-0.851371
-0.862387
-0.839314
-0.838895
-0.828735
-0.844915
-0.834282
-0.826594
-0.853084
-0.843538
-0.830349
-0.846841
-0.856059
-0.870722
-0.868278
-0.874622
-0.869388
-0.868777
-0.853629
-0.856065
-0.862036
-0.867127
-0.860215
-0.892603
-0.896487
-0.867562
-0.854773
-0.833149
-0.822477
-0.838389
-0.839576
-0.845524
-0.847946
-0.858141
-0.850805
-0.848514
-0.842251
-0.861708
-0.828209
-0.848192
-0.860169
-0.857472
-0.830237
-0.825232
-0.828145
-0.820942
-0.826798
-0.840444
-0.850648
-0.836658
-0.850093
-0.844036
-0.832987
-0.842822
-0.832082
-0.864279
-0.854076
-0.834739
-0.828892
-0.850875
-0.839552
-0.839327
-0.821428
-0.824625
-0.829710
-0.817302
-0.824692
-0.851776
-0.863760
-0.851115
-0.851011
-0.837175
